0.34586 -0.00819 0.44421
0.02366 0.02119 -0.42499
0.23322 -0.06063 0.39043
0.04729 -0.02296 -0.22851
0.12166 -0.12116 -0.17142
-0.71110 -0.01187 0.63085
-0.13892 0.19553 0.51105
-0.00502 -0.00819 -0.99995
-0.29536 0.08230 -0.62740
0.29914 0.08231 -0.62743
-0.20015 -0.02296 0.11063
0.71548 -0.01244 0.64035
-0.00052 0.02764 0.73547
-0.39709 -0.01328 0.50057
-0.03682 -0.05045 0.37002
-0.01597 -0.06444 -0.65943
0.14056 0.20230 0.57744
-0.11274 -0.12294 -0.09871
0.05659 0.05531 0.08497
-0.20593 -0.06673 0.60751
0.18736 -0.04701 0.64151
0.20724 -0.00819 0.11593
0.05696 0.05201 -0.75523
-0.23096 -0.05395 0.36666
0.03334 -0.05924 0.10904
0.00093 0.07650 0.49989
-0.04165 0.06342 -0.11909
-0.07011 -0.05627 -0.22864
-0.01374 -0.12378 -0.86587
-0.11600 -0.02296 0.58425
-0.03292 0.06986 0.26861
0.54648 -0.00819 0.49131
-0.05847 0.04849 -0.58191
0.04605 -0.06506 -0.05548
-0.11790 0.06818 -0.75075
-0.57616 -0.01456 0.46975
0.11944 -0.02296 0.28934
-0.02376 -0.06418 -0.84273
-0.05499 -0.04492 -0.41490
0.11655 -0.02296 0.45086
-0.34759 -0.02296 0.30446
-0.03068 -0.05878 -0.48708
-0.12834 -0.02296 -0.07630
0.16356 0.10270 0.43714
-0.01433 0.07799 -0.29841
0.30764 -0.00819 0.26440
0.07412 0.01762 -0.58223
0.14806 -0.00819 -0.03126
-0.03993 0.02424 0.05158
-0.17146 0.07966 0.40213
0.02339 0.01145 0.64619
-0.12643 -0.02296 0.26925
-0.02130 0.02340 0.15889
0.09398 -0.02296 -0.32079
-0.01745 0.02290 0.31803
-0.03565 0.02122 -0.78343
-0.01435 0.02481 -0.69138
0.14256 0.06760 -0.65163
-0.03877 -0.05474 0.22353
0.23760 -0.03098 0.52541
-0.02286 0.05930 -0.88244
0.02045 -0.02296 -0.33047
0.05370 0.05879 0.01942
-0.14490 -0.02296 0.46010
-0.00133 -0.02296 0.50052
-0.28010 -0.00819 0.44895
0.03938 -0.04868 0.38221
-0.05154 0.00825 0.50342
0.04083 0.02418 -0.14035
-0.49533 -0.01177 0.40834
-0.04011 0.06622 0.36494
0.06749 0.03816 -0.15274
0.03061 -0.06693 -0.32629
-0.02430 0.03012 -0.01182
-0.02692 -0.00959 -0.04371
0.05693 -0.01706 -0.87904
0.02002 0.04334 -0.49689
-0.01325 0.02397 -0.31073
0.06570 0.01045 0.44032
0.07209 0.02619 -0.47357
0.41517 -0.00856 0.34469
0.11166 -0.02296 0.59296
0.02798 0.02343 0.28048
0.05248 0.05684 0.20482
-0.24719 0.08085 -0.68779
0.06340 0.04384 -0.34518
0.15436 -0.05350 0.51912
0.13759 -0.00819 0.19233
-0.22232 -0.05775 0.49303
-0.11020 -0.00889 0.20358
-0.01210 0.02338 0.24383
-0.02134 0.02290 -0.25082
-0.59934 -0.00955 0.57099
0.44016 -0.02296 0.46530
-0.06366 -0.06301 -0.08599
0.06612 -0.00099 -0.66143
0.05419 -0.02296 0.04568
-0.01639 0.07729 0.12269
0.66188 -0.01906 0.53215
0.05507 -0.06662 -0.18871
0.15422 0.14335 0.46912
-0.23601 -0.02296 0.25733
0.11423 -0.00956 -0.14830
-0.03241 -0.02296 0.07205
0.01257 0.04828 -0.62696
-0.13738 0.06619 -0.64249
0.01021 -0.06609 -0.62400
-0.11641 -0.02296 0.03799
-0.17308 0.06356 0.51388
0.05700 0.00932 0.49567
-0.11553 -0.11080 -0.18587
-0.16227 -0.03264 0.36274
0.18816 0.02319 0.33804
-0.01354 0.02437 -0.14605
-0.05470 0.05319 -0.44608
0.03211 -0.05986 -0.75335
0.02838 -0.06150 -0.45628
-0.01372 0.02464 -0.40273
-0.39926 -0.02296 0.39902
-0.18439 -0.00333 0.53818
0.01594 0.02318 0.16388
0.12098 0.06871 -0.75226
-0.01442 -0.00151 -0.55803
-0.09229 -0.02296 -0.32700
-0.04071 -0.05335 0.03131
0.19165 0.07170 -0.63481
0.28686 -0.02296 0.34123
-0.02846 -0.04209 -0.91529
-0.50948 -0.00819 0.53744
0.01610 0.02341 0.11944
-0.12270 -0.00819 0.36378
0.17119 -0.06218 0.31028
-0.10893 -0.00985 -0.18215
0.06545 0.04064 0.35530
0.01993 0.01685 -0.08371
-0.26637 -0.00819 0.33360
-0.06235 0.01462 0.44275
0.05008 -0.04873 0.23174
-0.10868 -0.01363 -0.22885
-0.01104 0.05898 0.62320
0.47395 -0.01431 0.52608
0.17247 0.08266 0.53483
0.14458 -0.00819 0.38547
0.10291 -0.00845 -0.28282
0.02513 -0.02296 0.26923
-0.00578 0.05953 -0.20293
-0.04216 -0.04690 -0.19116
-0.06229 0.02803 -0.83260
-0.10229 -0.02296 0.11756
0.06571 0.04172 -0.25332
0.01725 0.02459 -0.68236
0.07625 -0.02296 -0.38527
-0.51776 -0.00819 0.48136
-0.06025 0.04546 0.29642
-0.06653 -0.01913 -0.73292
0.20600 -0.02296 0.25169
0.52693 -0.01106 0.42962
0.02311 0.05953 -0.54160
-0.07188 -0.01241 0.55426
0.04624 0.01432 -0.92677
-0.01400 0.00623 -0.17767
0.19197 -0.01715 0.04824
-0.00064 0.05953 -0.36979
0.03122 0.07326 -0.07485
0.26092 -0.00819 0.46184
-0.05695 -0.03739 0.16461
0.17174 -0.07940 0.43124
0.03886 0.00030 -0.71614
0.02430 -0.06286 -0.55327
0.04343 -0.05124 -0.82848
0.03794 -0.02296 0.20622
0.03172 -0.00819 -0.79231
0.18312 0.02337 0.43413
-0.17910 -0.08617 0.44827
-0.05424 0.05712 -0.68225
-0.00616 -0.00819 0.44152
-0.03209 0.07103 0.03856
-0.03960 -0.00819 -0.62184
0.04510 0.05663 -0.84106
0.20189 -0.08894 0.49346
-0.09287 -0.02296 0.35976
-0.18853 -0.00819 0.20044
-0.06340 0.01325 -0.49689
-0.07218 -0.02296 0.23684
0.23994 0.07915 -0.69810
-0.00511 -0.02296 -0.44444
0.08341 -0.02296 0.12952
-0.15035 -0.04847 0.53716
0.03954 -0.02296 0.57116
-0.66321 -0.01703 0.53590
0.00350 -0.06676 0.29734
-0.05581 0.05180 -0.04823
0.01636 0.02333 -0.52957
-0.04590 -0.02296 -0.34384
0.13134 -0.02296 0.07162
-0.01625 -0.00959 -0.85643
0.00301 0.07981 -0.76417
0.07452 -0.00062 -0.08424
-0.03443 0.00571 0.30371
0.04029 0.06874 0.29280
0.05518 0.05401 -0.62384
0.01598 0.02290 -0.31867
0.01340 0.04995 0.21196
0.21963 -0.08193 0.57394
-0.05953 -0.03389 -0.71603
-0.19326 0.01258 0.42515
-0.20434 -0.00828 0.61703
-0.01648 -0.06427 0.12010
-0.05039 -0.04558 -0.59539
0.00069 0.07980 0.42643
-0.00624 -0.06693 -0.11646
0.09645 -0.11821 -0.10182
-0.18646 0.01809 0.33224
0.19161 -0.01521 0.58550
0.03566 -0.05808 0.18238
0.05629 -0.00819 -0.01882
-0.30316 -0.00819 0.37966
0.00340 -0.04770 0.44687
-0.15817 0.11669 0.43990
0.17460 -0.00830 0.47960
0.23819 -0.02296 0.30443
-0.05481 0.02335 0.08536
0.05815 -0.04038 0.31891
0.01887 -0.02296 0.32809
0.20028 -0.05695 0.44098
0.04211 0.06783 -0.67169
0.59225 -0.01490 0.56727
-0.37953 -0.00819 0.43226
-0.00774 -0.00959 0.01666
0.01532 0.02461 0.02961
-0.07016 -0.03373 -0.29870
-0.17527 -0.02296 0.03632
0.06590 -0.02296 -0.20329
0.03638 -0.02296 -0.36584
-0.04799 0.06049 -0.24306
-0.04964 0.05916 0.20348
-0.04295 -0.06693 -0.32241
0.06410 0.04287 -0.41509
-0.07093 -0.00053 0.00136
-0.08846 -0.01088 0.44263
-0.15674 0.12759 0.54951
-0.06070 0.04259 -0.36726
0.02657 0.05983 -0.10867
0.05020 -0.06693 -0.26649
0.01577 0.02466 -0.22322
-0.04152 -0.05270 -0.76652
-0.02443 -0.02296 -0.27766
0.46176 -0.00819 0.40056
-0.04966 0.05915 -0.51929
-0.21997 -0.02590 0.42883
-0.02184 0.01775 -0.82921
-0.06688 0.06481 -0.77379
-0.18312 0.07009 -0.70686
-0.16694 -0.02900 0.59724
0.01282 0.07884 0.17213
-0.00840 -0.06693 -0.38209
-0.08386 -0.07731 -0.14007
-0.03273 -0.00819 -0.10087
0.03665 -0.00217 -0.62545
0.02706 0.06000 0.56467
0.09295 -0.02296 0.36421
0.04557 -0.04358 -0.13415
-0.19084 -0.02296 0.26256
-0.23591 -0.04725 0.56513
0.22266 -0.00819 0.19382
-0.18751 -0.04524 0.58161
0.01204 -0.02296 -0.50867
0.03444 -0.05869 0.00703
-0.33158 -0.01991 0.48056
0.04167 0.06805 -0.27233
0.04129 0.06591 0.44785
-0.28716 -0.02296 0.31131
-0.02057 -0.02296 0.60348
-0.12030 -0.02296 0.50313
-0.03554 0.02083 0.57892
0.04400 -0.05360 -0.64705
0.02591 0.07530 0.03052
0.12049 -0.10710 -0.10112
0.06189 -0.00819 -0.53765
-0.22030 -0.01135 0.14638
-0.00350 0.01474 0.47140
0.37009 -0.00819 0.32032
0.01924 0.02482 -0.58750
0.14282 -0.02071 -0.10287
0.01609 -0.02296 0.15322
-0.09366 -0.02296 -0.03133
-0.06626 0.03291 -0.16715
-0.04144 0.00638 -0.93094
-0.05094 -0.00326 -0.40163
-0.02446 -0.04989 0.40294
-0.17405 -0.07783 0.38346
-0.01471 -0.00819 -0.74046
-0.05801 -0.03606 0.06960
0.17172 -0.08003 0.58135
0.02584 -0.07476 -0.89215
-0.02879 -0.02296 0.32652
0.23945 -0.04371 0.43756
0.10376 -0.07559 -0.13835
-0.01034 -0.00819 -0.88737
-0.07016 -0.04759 -0.33720
0.01068 0.03215 -0.95721
0.01807 0.07403 0.35643
-0.21528 -0.05598 0.42913
0.19088 -0.00275 0.53750
0.07251 -0.01199 0.19871
-0.15747 -0.00819 0.14485
-0.00929 0.05036 0.68097
-0.02033 0.02290 -0.54742
-0.05745 0.04977 0.13899
-0.65419 -0.02075 0.59009
0.37788 -0.02296 0.38880
-0.07139 0.00889 -0.56301
-0.39996 -0.02296 0.33666
0.15317 0.14891 0.53696
0.25673 -0.02198 0.22431
-0.03028 -0.06628 -0.05575
0.02407 -0.02296 0.09412
0.07345 -0.00913 -0.76475
0.03414 -0.02296 -0.28524
0.26560 -0.00819 0.39485
0.07169 -0.05861 -0.34971
0.59932 -0.00974 0.48462
0.03008 0.07383 0.13492
-0.52428 -0.02296 0.51055
0.06583 0.04148 0.14531
-0.22502 -0.03306 0.31088
-0.04791 -0.00819 -0.21615
0.17556 0.07389 -0.69840
-0.15051 0.15005 0.46617
0.04991 0.02482 0.24120
-0.22109 0.07455 -0.64375
0.12723 -0.00819 0.50459
-0.01575 0.02342 0.66542
-0.00243 0.05953 -0.43004
-0.03593 -0.00819 0.19959
-0.20147 -0.02265 0.48056
-0.07116 0.00174 -0.68371
-0.07072 0.01564 -0.28216
0.03199 -0.02296 -0.16882
0.15470 -0.05028 0.57067
-0.08033 -0.02296 0.30012
0.17907 0.06190 0.48018
0.07457 -0.00012 0.09354
0.37294 -0.01983 0.49091
0.22876 -0.06136 0.34419
-0.03661 -0.04358 -0.16250
0.18536 0.05327 0.39256
0.14127 -0.02296 0.11655
-0.01305 0.02418 0.21616
0.04132 -0.02935 0.46784
0.17786 -0.07866 0.38882
0.06682 -0.00819 0.26694
0.40396 -0.02296 0.44255
-0.07088 -0.00103 -0.12377
-0.01090 0.07867 -0.70304
-0.13662 0.20567 0.57240
-0.01291 0.02339 -0.60386
0.21377 -0.00702 0.40061
-0.18111 -0.07170 0.32777
0.02513 -0.06258 -0.70484
0.34374 -0.02296 0.33084
-0.08108 0.06062 -0.63932
-0.46342 -0.02296 0.47608
0.06023 0.00160 -0.13514
0.10449 -0.01021 0.02732
-0.61492 -0.00819 0.50532
-0.44955 -0.01781 0.37356
0.01594 -0.06552 -0.50018
0.05127 0.02482 -0.72119
0.06399 0.02290 -0.61333
-0.01075 0.07868 0.31126
-0.00481 -0.00959 -0.65387
0.09750 0.06570 -0.69737
-0.01238 -0.02296 0.12863
-0.17425 -0.07044 0.49504
0.48174 -0.00819 0.44981
-0.17075 0.05821 0.45662
-0.25818 -0.02296 0.40062
-0.02490 0.07403 -0.64602
0.02622 0.03268 -0.88982
-0.15597 -0.02296 -0.03887
-0.06663 0.01467 0.39308
0.06231 -0.03519 -0.61355
-0.03070 0.06867 -0.80913
-0.19353 -0.02296 0.38666
-0.00785 -0.03464 -0.96456
0.04829 0.06312 -0.20471
-0.06954 -0.01006 -0.77183
-0.04034 0.06344 0.46489
0.01174 0.07894 -0.00802
0.68762 -0.02296 0.58628
0.08284 -0.01175 0.39185
0.03485 -0.04201 0.42957
0.07146 0.02086 0.02589
0.02247 -0.06347 0.24277
0.18587 -0.02296 0.31420
0.06842 -0.06058 -0.11094
-0.06794 -0.02296 -0.15856
-0.02760 0.07327 -0.57376
-0.04703 -0.05127 -0.01220
-0.07061 -0.00370 -0.44525
-0.01352 -0.06693 -0.23012
0.14351 0.19152 0.50658
0.03503 0.03711 -0.78343
0.20544 -0.07651 0.53715
0.23655 -0.04199 0.61308
0.06377 0.04332 -0.03924
0.30621 -0.02296 0.41383
-0.15789 0.06758 -0.68990
-0.44781 -0.02296 0.43183
-0.13726 -0.00819 0.42389
0.01674 0.02461 -0.16917
-0.11762 -0.11832 -0.14496
-0.01178 0.02292 0.04946
0.06998 -0.01960 -0.70385
0.07722 -0.01224 0.55634
0.14898 -0.02296 0.25774
-0.01711 -0.02296 0.25274
0.18307 -0.00819 0.17123
0.06057 -0.02296 -0.44611
0.01939 0.02290 -0.37580
-0.03028 -0.02296 0.28729
-0.06754 0.02906 -0.20288
0.20816 -0.00819 0.35993
0.06702 0.03910 0.29810
-0.22208 -0.01320 0.51858
-0.02704 -0.00819 -0.21885
-0.00152 -0.02296 -0.38581
-0.34413 -0.02296 0.39433
0.07127 0.01027 -0.81792
-0.06577 0.03307 -0.73215
-0.00890 -0.06586 0.33789
-0.09156 0.06587 -0.70400
-0.22235 -0.01528 0.57188
-0.03960 -0.02296 0.47113
0.01724 -0.02296 -0.22998
-0.06862 -0.00302 0.20773
0.00357 -0.06675 0.04815
-0.18471 -0.02296 0.30823
0.21814 -0.00765 0.46783
0.01002 -0.00959 -0.94658
-0.06261 0.04073 0.00475
0.02687 -0.02296 -0.05323
0.14867 -0.02296 0.01644
-0.18770 0.01721 0.49312
0.24079 -0.00819 0.36103
-0.28688 -0.02296 0.25990
0.01504 0.05953 -0.59461
-0.12100 -0.02296 -0.13036
0.03764 -0.02296 0.52710
0.02362 0.07607 -0.46416
0.03693 0.01725 0.58969
0.41841 -0.00819 0.40178
0.05887 0.02482 -0.29777
-0.06995 0.01333 -0.08371
-0.04680 0.02184 -0.65255
0.00493 0.05953 -0.15237
0.54002 -0.02296 0.53561
-0.32767 -0.00819 0.43607
0.01739 -0.00112 -0.54696
-0.13637 -0.02296 0.08555
-0.01478 0.05953 -0.05063
-0.00206 -0.00819 0.38443
-0.06288 0.00392 0.10466
0.11893 -0.02296 0.34349
0.18378 -0.07725 0.35541
0.16195 -0.00819 0.42713
0.24270 0.07624 -0.64921
-0.04140 0.00703 -0.30705
0.02061 -0.06658 -0.16609
0.04516 0.02482 0.17784
0.05300 0.05936 -0.50421
-0.05387 -0.01256 -0.88134
-0.08639 -0.02296 -0.11701
-0.04492 -0.02296 0.23524
-0.17930 -0.08665 0.56260
-0.03361 -0.05731 0.26937
-0.00208 0.05953 0.08198
-0.01153 0.04397 -0.75352
0.04033 0.05501 0.52480
-0.02778 0.07318 -0.47354
-0.07061 0.01674 0.32634
0.02962 -0.00205 -0.68200
0.11362 -0.02296 0.22784
-0.07069 0.01587 -0.33117
-0.17857 0.04760 0.36207
-0.06915 0.01034 -0.80348
-0.52993 -0.01572 0.43463
0.00779 0.07221 -0.32382
-0.03005 0.02482 0.12330
-0.13516 -0.00819 0.32265
0.06306 0.04704 -0.09878
-0.06364 0.02474 0.24793
-0.07066 0.01623 -0.62875
-0.02723 0.07346 -0.40300
-0.06047 -0.01554 0.61018
0.17148 -0.06392 0.48700
-0.01811 -0.04358 -0.13628
-0.02557 -0.00959 -0.48502
0.02901 0.06163 0.25862
0.07355 -0.03455 -0.06780
-0.08401 -0.02065 -0.38498
-0.02383 -0.02296 -0.00587
0.06698 0.02439 -0.68783
-0.16048 -0.02296 0.24350
-0.01670 -0.06419 0.17345
0.52089 -0.02296 0.50009
-0.45770 -0.01379 0.52167
0.29931 -0.01833 0.48056
-0.16610 0.10736 0.48973
0.00054 0.07490 -0.82765
-0.56512 -0.02296 0.54196
0.15433 -0.04282 0.44914
-0.69749 -0.00819 0.57618
0.15008 -0.02296 0.14834
-0.16431 -0.03260 0.50104
0.06698 0.03919 -0.53216
0.01367 -0.00959 0.00936
0.01673 0.05953 -0.71082
0.01422 0.01689 0.69115
-0.00920 0.04799 0.00815
0.00206 -0.06558 -0.81553
0.08839 -0.01120 0.51396
0.05211 0.01061 0.05194
0.05940 0.04861 0.39631
-0.01481 0.06779 0.54600
0.05052 0.06135 -0.57447
-0.11575 -0.02296 0.16042
0.20399 -0.04356 0.55043
-0.13148 -0.00819 0.48093
-0.00669 0.07909 -0.51692
-0.05949 -0.03049 -0.80534
-0.01293 -0.06545 -0.42944
0.06602 0.01434 -0.84665
-0.00860 -0.02296 0.04933
0.01044 -0.02296 -0.11084
-0.02149 0.01396 -0.35914
-0.23196 -0.02296 0.19168
0.08727 -0.02296 0.26787
0.05106 0.02461 0.08085
-0.04140 -0.00536 -0.17619
0.01739 0.01657 0.32193
0.06156 0.05740 -0.72765
0.17581 -0.00819 0.26658
-0.00839 -0.06591 -0.58702
0.08468 -0.02296 0.18037
0.10006 -0.02296 -0.03095
-0.06662 -0.01887 -0.52697
-0.07118 0.00201 0.04453
0.05275 -0.00705 0.30446
0.00647 0.07947 -0.24539
-0.21181 -0.01057 0.34371
0.04819 -0.01280 0.61510
-0.05002 0.05886 0.09557
0.06309 -0.03397 0.10528
0.02562 0.07539 0.08553
0.07821 0.06098 -0.65348
0.03061 -0.00705 -0.74459
0.16450 -0.02442 0.36035
-0.05732 0.02290 0.17745
-0.06244 -0.02809 -0.65826
-0.01705 -0.00718 -0.78343
-0.07088 -0.02296 -0.06662
0.04606 -0.00819 0.35639
0.04118 0.06830 -0.39664
-0.00975 -0.00959 -0.12826
0.00409 -0.00959 -0.61043
-0.20061 -0.08431 0.40335
-0.05294 0.05248 -0.28926
0.02871 -0.02296 -0.47240
-0.03123 -0.00819 0.39458
-0.02231 -0.07203 -0.88872
0.07496 0.00374 0.01654
0.00612 -0.06650 -0.05227
0.00424 -0.02296 0.17585
0.06612 0.01713 -0.21704
-0.04331 0.06199 -0.19167
0.07006 -0.01935 -0.55174
-0.07069 0.01052 0.34861
0.04299 0.02290 -0.56113
-0.07243 -0.02296 -0.20304
-0.31294 -0.02296 0.34624
-0.03505 -0.00006 -0.58504
0.05974 -0.04400 -0.41377
0.02231 -0.05442 -0.09360
-0.15227 -0.05493 0.42845
-0.09195 -0.02296 0.06933
0.08951 -0.12381 -0.18572
-0.01633 -0.06432 -0.52853
-0.00749 -0.00959 -0.69947
0.23915 -0.05440 0.48713
0.28692 0.08033 -0.67009
0.20454 -0.07285 0.30882
-0.05759 -0.02296 0.32327
0.00728 -0.06693 -0.19016
-0.01936 -0.00819 -0.40986
0.15916 0.12166 0.50934
0.06431 -0.00705 -0.36070
-0.20150 -0.00819 0.17216
0.20404 -0.02296 0.43892
-0.01080 0.07403 -0.08653
-0.19454 -0.00219 0.44752
-0.04130 0.02389 -0.73545
0.07377 -0.02625 -0.15218
-0.14559 -0.02296 0.00181
0.12436 -0.02296 0.54429
-0.09728 -0.02296 0.53462
-0.08571 -0.01362 0.16314
0.19382 0.00788 0.48933
0.00285 -0.00959 -0.30523
-0.03871 0.04189 0.53905
0.61700 -0.00819 0.54601
0.00798 -0.06631 0.14758
0.02815 0.05059 -0.01182
-0.04380 0.06384 -0.33276
0.03582 -0.06693 -0.37294
-0.05253 -0.04291 0.11048
-0.12169 -0.02296 0.40245
-0.05457 -0.02296 -0.27487
0.02155 0.07677 -0.63583
0.03765 -0.00959 0.38310
0.04123 -0.00819 -0.50347
-0.06524 0.03545 -0.12628
-0.04865 -0.02579 0.43076
0.15846 -0.05564 0.61467
0.06206 0.02482 -0.37422
-0.00145 -0.06660 0.08782
-0.01380 -0.00959 0.21819
-0.01747 0.07693 0.22685
0.01533 0.02354 -0.74008
0.02658 0.07403 -0.74542
0.06224 -0.03077 -0.81435
0.51822 -0.02296 0.45797
0.07377 -0.03628 -0.22120
0.13179 -0.00819 -0.05732
-0.08434 -0.10873 -0.15688
-0.07159 -0.02296 0.39665
0.00962 0.04863 0.31338
-0.00400 -0.02296 0.57120
0.17131 -0.00819 0.21703
-0.23548 -0.03692 0.45104
0.41404 -0.02200 0.50522
0.24836 -0.02296 0.26768
0.03961 -0.02296 -0.42215
0.01998 -0.02296 0.12554
0.09627 -0.01047 0.47959
-0.17769 -0.03965 0.45096
0.05091 -0.04807 -0.56837
-0.04637 -0.04882 -0.64047
0.04923 -0.04941 0.27472
-0.06108 -0.06406 -0.28931
-0.17074 -0.00980 0.41055
0.04214 0.00339 -0.82921
-0.03521 0.06830 -0.01614
0.04894 -0.00819 -0.19647
0.30287 -0.02296 0.30425
-0.21141 -0.00819 0.23089
-0.03074 0.00195 -0.51914
0.22086 -0.00819 0.32588
0.16490 -0.01642 0.52245
0.03538 0.07080 -0.78671
0.04595 0.00707 0.10765
-0.06338 0.03919 0.03605
0.07086 0.00154 -0.41054
0.19869 0.01754 0.37616
-0.02608 0.06673 0.16806
0.19007 -0.08518 0.61402
-0.23220 -0.03964 0.61731
-0.05610 -0.03845 -0.44421
0.07198 -0.02296 0.45142
0.09308 -0.02296 0.31528
0.05884 0.05250 -0.30586
0.09620 -0.11939 -0.14423
0.04726 -0.02296 -0.10318
-0.19478 0.01676 0.38563
0.03832 -0.00475 -0.39069
-0.02401 0.00726 0.62136
0.03886 0.02361 -0.65230
-0.14682 0.16823 0.55430
-0.04944 -0.06691 -0.12944
0.13981 -0.02296 0.47093
0.02968 0.06687 -0.34956
-0.17787 0.07048 -0.63232
0.07211 -0.00264 -0.24524
-0.25103 -0.00819 0.29153
0.02110 -0.00819 0.41910
0.22303 -0.08026 0.46699
0.17157 0.06101 0.42633
-0.15410 -0.03274 0.40288
-0.18689 -0.06230 0.63110
0.02121 -0.00205 0.23738
0.04221 -0.01916 -0.93071
-0.30806 -0.00819 0.27954
-0.41667 -0.00819 0.45491
0.13780 0.06516 -0.70338
0.05609 0.04229 0.48043
-0.03052 0.07142 -0.76545
-0.62254 -0.02296 0.54149
-0.02461 0.02290 0.28061
-0.05759 -0.06547 -0.37138
0.00905 0.06021 0.47140
-0.06104 -0.03088 -0.48472
-0.03810 -0.00819 -0.69762
-0.07021 0.02064 -0.03625
0.22023 -0.01076 0.57149
-0.17228 0.04298 0.41125
0.04371 0.06679 -0.16127
0.00989 -0.02296 -0.02810
0.09251 -0.01331 -0.18120
0.26016 -0.00819 0.32580
-0.02608 0.06387 -0.15901
-0.08338 -0.02296 0.47882
-0.01308 -0.06540 0.00987
0.03596 -0.04124 -0.90753
-0.01488 0.01959 -0.21262
0.16218 0.12180 0.54774
0.05536 0.05684 0.16421
0.07423 0.01649 0.19077
-0.05917 0.02315 -0.24373
-0.49544 -0.02296 0.44287
-0.04102 0.06454 0.40225
0.07377 -0.01343 -0.34312
0.12563 -0.00819 0.41790
0.16913 -0.01782 0.61528
-0.10016 -0.02296 0.32720
0.01769 -0.00959 -0.15573
-0.01098 0.05953 0.33994
-0.02510 -0.00089 -0.97125
0.06752 -0.06161 -0.15128
0.16522 0.09287 0.47259
0.00341 0.07977 -0.67357
0.00761 -0.00959 -0.19736
-0.09060 -0.01147 -0.27575
0.18582 0.00876 0.40979
0.16493 -0.04630 0.41183
-0.00470 -0.06693 -0.26927
-0.22138 -0.07772 0.57751
-0.04820 0.02439 -0.69360
-0.19460 0.07469 -0.67346
0.06395 -0.03226 0.01123
0.09217 -0.02296 -0.24602
-0.06577 0.01179 0.14517
0.06402 -0.00205 0.22815
0.04668 -0.00705 0.15556
0.05155 -0.00819 -0.58911
0.11560 -0.00873 0.15234
-0.04470 0.00935 -0.36420
-0.04719 0.02290 -0.59388
0.17333 -0.02155 -0.00907
0.01017 0.06240 0.39289
0.30745 -0.02296 0.37335
0.05209 -0.00819 -0.06236
0.05035 0.06147 -0.45131
0.06759 -0.06288 -0.31348
-0.19070 -0.07753 0.52775
-0.03543 0.04327 -0.49689
-0.15139 -0.03853 0.56704
-0.03124 0.07095 -0.07385
-0.02522 -0.00819 0.16576
-0.12248 0.06402 -0.68220
0.02738 -0.06693 -0.23462
0.02365 0.00827 -0.28469
-0.14828 0.14552 0.50490
0.01211 -0.02019 0.62626
0.07364 -0.00856 -0.62967
0.18698 -0.00819 0.08416
-0.02481 0.06096 -0.61297
-0.05094 0.05468 0.33310
0.62701 -0.02296 0.51328
0.00027 0.07978 -0.34843
-0.02092 -0.02296 -0.31282
-0.05934 -0.06476 -0.16329
0.19752 -0.05064 0.58857
0.46770 -0.00819 0.48033
-0.00881 0.05953 -0.26972
-0.18525 -0.02296 0.35024
0.01841 0.07782 -0.04393
-0.23425 -0.04546 0.40589
0.46002 -0.02296 0.43542
-0.03544 -0.02296 -0.24162
0.06658 0.03998 0.10955
0.18455 0.03490 0.50651
-0.35196 -0.02296 0.35662
0.06554 0.04207 0.23745
-0.41356 -0.00819 0.36606
-0.03654 0.02397 -0.17505
-0.02559 -0.02296 -0.37583
-0.59170 -0.00819 0.53693
-0.00604 -0.00819 0.31616
0.04726 0.02312 -0.31309
-0.00734 -0.06602 -0.75710
0.15479 -0.00819 0.32512
-0.15893 -0.00819 0.18038
-0.08315 -0.01141 0.26501
0.07377 -0.03689 -0.26670
0.25362 -0.02296 0.43074
0.01687 0.07834 -0.21573
-0.04393 -0.02296 0.57130
-0.06597 -0.02082 0.12526
0.35159 -0.02296 0.41385
0.06783 -0.02450 -0.57764
0.07144 0.02815 -0.65015
-0.17252 -0.00917 0.57079
-0.06900 -0.04761 -0.11291
0.07093 0.00130 0.35586
-0.10204 -0.01092 -0.08984
0.01769 0.07807 -0.51686
0.04549 0.01518 -0.22570
-0.15448 -0.00819 0.29947
-0.04886 0.05979 0.24297
0.01646 -0.10843 -0.85427
-0.10075 -0.03999 -0.16123
-0.04501 -0.00705 0.01941
-0.26433 -0.00819 0.24338
-0.05293 -0.00705 0.28333
0.01739 0.00222 0.18322
0.01616 0.05953 0.05536
-0.20191 -0.08823 0.47771
0.13725 0.20087 0.53631
0.18949 0.02677 0.46517
-0.02965 0.07225 -0.54063
-0.13790 -0.00819 -0.10645
-0.27823 -0.02296 0.47572
-0.00713 -0.02296 -0.06862
0.37940 -0.00819 0.35514
-0.05265 0.03410 0.47140
0.01626 -0.06691 -0.40992
-0.06027 -0.00819 -0.83773
-0.15872 -0.02296 0.10913
0.05775 0.05110 0.04999
0.07105 0.01800 -0.18119
0.06233 -0.03516 0.17059
-0.06821 0.02660 -0.76659
-0.00107 -0.00959 -0.25529
0.06110 -0.00819 0.41508
-0.01955 0.02482 0.08453
-0.14007 -0.02201 0.53429
0.17665 0.07464 0.50218
-0.00312 -0.08582 -0.86454
0.16750 0.06863 -0.72242
-0.00090 -0.04144 0.47877
-0.08320 0.06716 -0.73870
-0.23128 -0.06643 0.46520
0.01585 -0.02296 0.22459
-0.23337 -0.00819 0.38303
0.03616 -0.04358 -0.18051
-0.05446 0.00025 0.25756
0.11119 -0.02296 0.10099
-0.04675 0.02335 0.22736
0.16041 -0.02296 0.30235
0.02698 -0.00819 0.45111
-0.05675 0.01965 -0.42499
-0.06357 0.02327 -0.53047
0.06751 -0.00959 -0.47666
-0.06837 -0.00819 -0.58180
0.07377 -0.02451 -0.12353
-0.01301 0.02375 -0.72492
0.02724 0.03250 0.61704
0.44343 -0.01532 0.36617
-0.28378 -0.02296 0.41809
-0.01377 0.05953 0.19314
0.06111 0.00463 0.12493
0.03868 0.01260 -0.75716
0.05145 -0.00819 -0.15909
-0.04769 0.02340 -0.39106
0.01636 -0.00935 0.29785
-0.04814 -0.02296 0.04071
-0.35414 -0.00819 0.45755
-0.43144 -0.02296 0.49745
-0.55943 -0.02296 0.50627
0.00174 -0.00959 0.35097
-0.01033 0.04816 -0.93345
-0.08988 -0.02296 0.02136
0.01520 -0.00959 -0.91190
0.03981 -0.02296 0.02284
-0.03586 -0.00819 0.36073
0.50737 -0.01029 0.53771
0.05470 -0.05164 -0.02134
0.04801 -0.00819 -0.32049
0.19630 -0.08631 0.41673
-0.12461 0.06416 -0.71413
-0.27687 0.07971 -0.66835
0.08774 -0.02296 0.07002
0.06488 -0.00705 -0.29794
-0.17302 -0.00708 0.46818
0.21317 -0.02296 0.28515
-0.17256 -0.01880 0.61891
0.07522 0.00667 -0.50344
-0.06268 -0.00959 -0.02780
-0.02271 -0.06693 -0.09006
0.01387 0.05953 -0.44985
-0.20880 -0.03783 0.55043
0.01725 0.02439 0.08177
-0.08519 -0.00878 0.59317
0.23572 -0.03024 0.41097
0.03244 -0.00217 -0.25245
-0.17833 -0.07399 0.59921
-0.02564 0.05204 0.59215
-0.15908 -0.04571 0.32516
-0.04771 -0.00205 -0.14490
-0.20290 -0.08019 0.36735
0.20777 0.07227 -0.68662
0.05495 0.05425 0.32711
-0.03435 -0.00705 -0.66499
-0.00756 0.05953 0.14591
0.23078 -0.07284 0.52123
-0.04177 0.02482 -0.14343
0.07433 0.01554 0.06440
0.10810 -0.02296 -0.10338
0.03749 0.06924 -0.23975
0.02166 0.02433 0.21425
-0.04699 -0.00819 -0.75098
-0.06276 0.03711 0.36935
0.01154 -0.05502 0.40198
0.04675 0.02448 0.14807
0.32321 -0.02296 0.46230
0.06145 0.04652 -0.59147
-0.01216 -0.00819 -0.34353
0.02028 0.00139 0.05596
-0.00011 -0.06674 0.20313
0.01036 0.06530 -0.87558
0.03521 -0.05831 -0.60200
-0.16750 -0.00819 0.06637
-0.27873 -0.02296 0.36902
0.70459 -0.00819 0.59776
-0.06577 0.01677 0.11520
-0.06994 0.02182 0.21199
-0.03250 -0.02290 -0.94422
0.07307 0.02325 -0.75206
0.14858 0.17141 0.56496
0.01908 0.02418 -0.25416
0.20749 -0.08097 0.37775
0.18390 -0.02296 0.14356
0.37275 -0.02296 0.45405
-0.07213 -0.01621 -0.23311
0.07003 -0.01943 -0.73082
-0.04634 0.05862 0.43166
0.09927 -0.02296 -0.21009
0.02448 -0.00959 -0.88069
-0.06922 -0.00503 -0.35392
0.06650 0.02316 0.21317
0.00179 -0.05174 -0.91639
-0.05783 -0.02296 0.35264
-0.05403 0.05402 -0.74538
-0.04718 0.02368 -0.56265
0.50067 -0.02296 0.41321
-0.08586 0.06041 -0.67207
-0.01246 0.05953 -0.72776
0.07455 0.01333 0.15165
0.02401 0.05495 -0.42499
-0.09149 -0.09875 -0.10814
-0.25257 0.07767 -0.64543
0.11844 -0.02296 -0.00313
-0.08940 -0.12494 -0.17630
0.00159 0.07991 0.28334
-0.16906 -0.06570 0.51795
0.01463 0.07866 0.32462
0.05462 -0.04480 -0.77321
0.04271 -0.00819 0.17988
0.05989 0.04221 0.44089
0.04549 0.01576 0.01466
0.22371 -0.02843 0.49956
0.17833 -0.00819 0.02215
0.18109 -0.00819 0.37570
0.23143 -0.06845 0.59760
-0.15452 -0.06175 0.58916
0.14350 -0.00819 0.22924
-0.16249 -0.07624 0.47553
0.05948 0.02156 -0.01182
0.21950 -0.02296 0.16624
0.11022 0.06456 -0.65716
0.06626 -0.00944 0.58985
0.01657 -0.00959 -0.35722
-0.05431 0.05366 -0.54912
0.06491 -0.02296 0.48599
-0.02584 -0.06576 -0.19101
-0.01372 -0.00107 0.10420
-0.21034 -0.08460 0.44204
-0.04622 0.00132 -0.28439
-0.02516 0.07434 -0.36834
-0.01334 0.07832 0.01229
0.03149 0.02440 -0.62917
-0.05810 0.01117 -0.86778
0.05945 0.02128 0.32130
0.02296 0.05953 -0.30818
0.00492 -0.02979 0.53083
-0.02388 0.07477 0.08010
0.07348 0.01875 -0.78844
0.05104 0.01894 0.52664
0.34267 -0.01195 0.48056
-0.16984 -0.07868 0.41323
0.03130 0.06965 0.49028
-0.38334 -0.00819 0.37706
0.18315 -0.03824 0.50727
0.02898 0.07427 -0.17843
-0.18039 0.02450 0.45271
-0.01119 0.07841 0.45587
0.04665 0.00609 -0.53210
0.02596 -0.06576 -0.12140
0.05089 -0.00705 0.24357
-0.01551 -0.00217 0.28204
-0.17119 0.09375 0.46188
0.16433 -0.04069 0.33312
-0.02936 -0.00959 -0.81349
-0.09264 -0.01049 0.40813
-0.06707 0.00217 -0.18036
0.56344 -0.02165 0.55724
0.68193 -0.02296 0.55718
0.05612 0.05562 -0.01182
-0.03401 0.02472 -0.62804
0.01076 0.05740 0.64692
-0.00589 0.05953 -0.10981
0.03665 0.01521 0.47140
0.02146 -0.02588 -0.97108
-0.05430 -0.02296 0.51067
-0.07973 -0.01296 -0.41206
0.04414 0.02333 -0.40043
-0.38377 -0.02296 0.46034
-0.23615 -0.04118 0.52511
-0.04103 -0.00819 0.44770
0.17742 0.07223 -0.66871
0.08197 -0.02296 0.22385
-0.01486 0.05953 -0.68242
0.15746 -0.04157 0.38453
-0.23037 -0.02311 0.47583
-0.36738 -0.00875 0.49023
-0.06629 0.02140 0.06428
0.03432 0.00218 -0.20971
0.16332 -0.07314 0.54241
-0.00145 0.07961 -0.39090
0.04062 -0.05561 -0.51726
0.05648 -0.00819 0.06966
-0.06771 -0.05903 -0.19070
-0.03306 -0.06693 -0.25522
-0.07016 -0.04669 -0.25878
0.49596 -0.02296 0.47533
-0.01341 0.07830 -0.44262
-0.04658 0.00082 0.05497
-0.05484 -0.00217 0.08132
-0.06577 0.02109 0.27803
-0.46032 -0.02296 0.40295
-0.05615 -0.00705 0.17006
0.32958 -0.00819 0.28695
0.04320 0.06721 -0.70449
0.12182 -0.11098 -0.13061
0.01337 0.07119 0.53452
-0.18279 -0.02296 0.43165
-0.12611 -0.00819 0.55842
0.02813 -0.07213 -0.86201
0.02408 0.00230 -0.13470
-0.06174 0.04246 0.06854
-0.16735 -0.00819 0.37653
-0.02718 0.02482 0.18943
-0.02676 -0.00819 -0.15175
0.18809 -0.00770 0.33593
0.27862 -0.00819 0.42553
0.57653 -0.02172 0.46730
0.01488 -0.02296 0.05197
0.02111 0.02482 0.25068
0.02016 0.05281 -0.91249
0.04028 0.02340 0.30539
-0.03505 0.00531 -0.72165
0.02310 -0.06326 -0.78272
-0.07016 -0.03696 -0.36600
-0.04341 -0.00819 -0.55300
-0.07117 0.00187 -0.71178
0.06288 -0.04358 -0.16933
-0.15642 0.06736 -0.72153
-0.43263 -0.00819 0.39735
-0.04034 -0.02296 -0.12191
0.01829 -0.06693 -0.28964
0.40760 -0.02296 0.37719
0.13073 -0.00819 0.31368
-0.07141 0.00429 0.23503
0.06937 0.01393 -0.34728
-0.06179 0.04236 -0.08666
0.04588 -0.05210 0.15426
-0.11130 -0.02296 0.29574
0.06287 -0.02551 0.36852
-0.04039 -0.05361 -0.70407
-0.05097 -0.04485 0.33872
-0.02035 0.04004 0.47140
0.45361 -0.02296 0.50283
0.07176 -0.00819 -0.27246
-0.10174 -0.01109 -0.15273
0.06937 0.01264 -0.55769
0.19671 0.07292 -0.71553
-0.16349 0.07051 -0.65790
-0.09923 -0.02296 -0.00160
0.27569 -0.02296 0.25473
-0.03670 0.02360 0.02337
0.07109 0.02920 -0.11995
0.21673 -0.02296 0.38250
-0.06616 0.03323 -0.22776
-0.04510 -0.00819 -0.06171
-0.03774 0.02354 -0.52917
-0.01914 0.04640 -0.78343
-0.17870 0.07125 0.43013
-0.00828 -0.06693 -0.35200
-0.03561 -0.02296 0.14911
0.04224 0.06696 0.37981
-0.04140 -0.00468 0.22012
-0.25723 -0.00819 0.42950
-0.02463 -0.06155 0.05701
0.06443 -0.02296 -0.31552
-0.04292 -0.00672 0.12337
-0.01395 -0.06693 -0.31476
0.41418 -0.00819 0.47860
0.01315 -0.06579 -0.66641
-0.01094 -0.00013 0.64725
-0.03686 0.06712 0.30976
0.00218 0.07403 -0.57673
0.06453 -0.06307 -0.38052
0.19676 -0.02296 0.21153
-0.00722 -0.02296 0.29146
0.07406 -0.00529 -0.68108
0.02548 0.07403 -0.14084
-0.01973 0.04945 -0.82921
0.00719 -0.00819 -0.72309
0.04781 0.06121 0.23401
0.15084 -0.00819 0.08871
-0.05746 -0.03675 0.01309
-0.11855 -0.00819 -0.03829
-0.05384 -0.02296 0.21049
0.06707 -0.02602 -0.67682
0.15962 -0.02471 0.55640
0.06837 0.03639 -0.06771
-0.05268 0.02290 -0.30234
-0.70922 -0.01995 0.60244
-0.06901 -0.00433 -0.31017
0.03844 0.01703 -0.36391
-0.02671 -0.06075 -0.62199
-0.05510 -0.02296 0.26031
0.03769 0.05501 -0.87181
0.00289 -0.00959 -0.47750
0.04384 -0.04312 -0.87512
-0.02082 -0.06220 -0.79735
-0.10430 -0.02234 -0.25657
-0.06909 -0.01142 -0.61028
0.05314 0.02482 0.12264
-0.04870 0.05991 -0.71095
-0.08523 -0.02296 0.19727
-0.63530 -0.00819 0.57148
-0.20131 -0.02906 0.45708
-0.05440 0.05770 -0.65095
0.02375 -0.00450 -0.65018
0.16812 -0.00819 0.45307
-0.18419 -0.02296 0.08527
-0.18966 -0.02296 0.13787
-0.16639 -0.02296 0.21241
0.04367 0.06468 -0.03463
-0.13686 -0.02296 0.13053
-0.04414 0.01334 0.53921
0.00917 -0.00959 -0.76146
-0.17483 0.05793 0.48546
-0.01442 0.01398 -0.66477
0.22308 -0.01136 0.54099
-0.20181 -0.00543 0.58836
-0.00070 -0.06668 -0.69264
0.22502 -0.06037 0.55555
0.00128 -0.00959 -0.28161
0.12221 -0.02296 0.17294
0.05908 0.02311 0.27973
0.06462 -0.03092 0.24905
0.06312 -0.02296 0.29199
-0.04561 0.00473 0.32509
0.17862 0.08138 0.44914
-0.07155 0.00576 -0.74731
-0.04229 -0.02296 0.37615
-0.03451 0.03398 -0.92730
-0.04203 -0.05230 -0.66862
0.04100 -0.05543 -0.48130
-0.05851 0.04205 0.39936
-0.02379 -0.02296 0.41745
0.00858 0.07926 0.23206
-0.03811 -0.06638 -0.39222
-0.16050 -0.07408 0.54100
-0.00521 0.07403 -0.60411
-0.00712 0.03081 0.70155
0.15306 -0.02296 -0.06907
-0.11448 -0.02296 0.46358
-0.21809 -0.02296 0.27939
-0.16190 -0.05024 0.38190
0.07406 0.01823 -0.25881
-0.01701 0.07680 0.37742
0.15742 -0.03330 0.59317
-0.12027 -0.02296 0.22598
0.27353 0.08047 -0.63931
0.05645 0.04999 -0.81603
-0.16282 0.09930 0.51611
0.00648 -0.00959 0.20416
0.14995 -0.02296 0.04461
-0.04655 -0.00819 -0.45922
0.25857 0.08080 -0.67199
-0.04080 -0.06693 -0.22324
-0.05776 -0.00705 -0.65044
-0.54104 -0.02296 0.47594
-0.01418 0.02162 -0.96498
0.06592 0.04010 -0.38720
0.02899 0.07403 -0.58209
-0.07016 -0.01149 -0.09658
0.23954 -0.03860 0.46397
-0.02373 0.07403 -0.24642
-0.13132 -0.00819 0.18454
-0.48534 -0.02076 0.53130
0.06124 -0.06545 -0.08477
0.03886 0.00849 -0.66867
0.01309 0.07664 -0.80290
0.02485 -0.00819 -0.84766
0.18153 -0.02296 0.10707
0.22221 0.07464 -0.63049
0.06942 0.05830 -0.67874
-0.22470 -0.04827 0.59202
0.00839 -0.00959 -0.67679
0.05478 -0.04337 0.34629
0.06689 -0.06316 -0.22058
0.31030 -0.00819 0.34009
0.18193 -0.02296 0.43408
0.21868 -0.02337 0.60302
0.00248 0.07987 0.20261
-0.03855 -0.04769 -0.09360
-0.04654 -0.03346 0.40478
0.09855 0.06752 -0.72486
-0.02351 -0.04190 0.44796
0.18455 0.05560 0.45427
-0.03467 -0.05678 0.09483
0.01788 0.05953 -0.28306
-0.16510 -0.00819 0.27414
0.19959 -0.02296 0.41289
-0.19782 -0.00229 0.51192
-0.04771 0.02482 0.30419
-0.02813 -0.06693 -0.16787
-0.01484 0.00932 -0.52918
0.07105 0.00088 0.30539
-0.06955 -0.00615 0.06642
0.15604 0.15708 0.51456
0.02289 -0.02296 -0.20561
0.14693 0.06614 -0.67752
0.26913 -0.00819 0.30009
0.04819 0.06088 -0.64604
-0.08582 -0.12533 -0.10806
0.16312 -0.00819 0.12295
-0.06420 -0.02456 -0.01121
0.03886 0.00530 -0.29494
0.03284 0.04696 0.58773
-0.06246 0.00340 -0.37790
-0.00180 0.07403 -0.54173
0.04852 -0.02296 -0.38657
-0.09751 -0.01001 0.50967
0.02564 -0.06241 0.08334
0.03982 0.06897 0.10733
0.43319 -0.02296 0.43247
0.38358 -0.02296 0.42491
0.07025 -0.02296 -0.09764
-0.03139 -0.00630 0.25691
0.08641 -0.11440 -0.12003
0.01191 0.07403 0.10845
-0.20573 -0.07507 0.50661
0.14903 -0.02296 0.49617
-0.01414 0.00380 -0.38577
-0.16196 0.12838 0.47734
-0.04130 0.02461 -0.23294
0.05487 0.02482 -0.74119
-0.01351 0.02354 0.01822
0.04507 0.00788 -0.69195
-0.00843 0.07403 -0.02375
-0.00508 -0.06693 -0.15876
0.05127 -0.00819 -0.90360
-0.53974 -0.02296 0.53231
-0.01124 0.07403 -0.49447
-0.08582 -0.01360 0.13634
0.06528 0.03141 0.41580
0.06553 -0.00819 0.16656
0.25896 -0.02296 0.34842
0.23406 -0.00819 0.22270
-0.14282 0.16924 0.52805
0.05746 0.02296 -0.24119
0.04788 0.06115 -0.32847
0.56846 -0.02296 0.49313
-0.00816 -0.00819 -0.51745
-0.16194 0.09176 0.43158
-0.04715 -0.04819 0.24850
0.07314 0.02303 0.33713
-0.21718 -0.07092 0.34712
0.05372 0.01311 0.25691
-0.00988 -0.00959 0.06866
0.12651 -0.00819 -0.08319
-0.07035 0.01930 -0.58182
0.04507 -0.00212 -0.55559
-0.00234 -0.06651 -0.73121
-0.06243 0.03565 -0.80743
-0.03360 0.00755 0.23889
0.04132 0.06651 0.06351
-0.48841 -0.02296 0.48400
0.05748 -0.00819 -0.60914
-0.15158 -0.00819 0.02257
-0.01639 -0.06430 -0.03367
-0.12100 -0.02296 0.43807
0.06776 -0.03971 -0.04058
-0.05911 0.04480 0.18380
0.20161 -0.02296 0.18527
0.01435 -0.02296 0.55178
0.07377 -0.03588 -0.36237
0.15527 -0.02296 0.40529
-0.04387 -0.00705 -0.31963
0.02446 -0.00126 0.61329
-0.15093 -0.05410 0.49495
0.09581 -0.10386 -0.17021
0.00633 0.04843 0.72141
0.17749 -0.08478 0.50145
0.09297 -0.01323 -0.13379
-0.15453 -0.06398 0.56289
-0.16841 -0.02812 0.55043
0.24187 -0.02296 0.38683
0.01739 -0.00204 -0.38817
-0.03477 0.00986 0.10740
0.04738 0.02482 -0.59321
0.01653 0.02375 -0.29008
0.04981 -0.04895 -0.54249
-0.68388 -0.01498 0.55523
0.20205 -0.00233 0.51165
0.06869 0.03575 -0.27661
0.04403 -0.00819 -0.46096
-0.20665 0.07490 -0.71228
0.04006 0.00565 0.56682
0.03821 -0.06693 -0.14409
-0.06556 0.03480 -0.61439
-0.19530 0.01057 0.36060
-0.04726 0.01739 -0.90836
-0.00228 0.05953 -0.22845
0.03861 0.00496 0.21483
-0.04140 0.01453 0.17334
-0.21864 -0.00819 0.31154
-0.21301 -0.02296 0.20994
0.10684 -0.05012 -0.13960
0.00998 -0.00959 -0.57002
0.01094 0.05267 -0.33632
0.05045 0.05879 -0.18111
-0.02071 -0.02296 0.02713
0.00162 0.07992 0.03732
0.05131 0.06071 -0.06502
-0.03826 -0.02296 -0.19096
-0.05101 0.05777 0.16247
-0.25849 -0.02296 0.35332
-0.00052 0.07970 -0.47061
-0.05068 0.05819 -0.21590
-0.20060 -0.08710 0.59295
0.05083 0.05823 0.41842
-0.05607 -0.03848 -0.69067
-0.04641 0.05921 0.01182
0.03593 0.07024 0.17885
-0.19189 -0.00704 0.32686
0.08653 -0.02296 0.43048
-0.00070 0.01405 -0.98830
-0.03400 -0.02296 0.09748
0.06654 0.01648 -0.52821
0.09589 -0.02296 0.57301
-0.06350 0.03894 -0.46515
0.23238 -0.02915 0.34944
-0.06055 0.04279 0.25774
-0.29969 -0.01033 0.48056
0.02573 -0.00819 -0.70272
0.14368 -0.02296 0.43663
-0.18106 -0.00819 0.24366
0.02247 -0.02296 -0.25721
0.17929 -0.08534 0.47596
-0.30738 -0.02296 0.42728
-0.20298 -0.00413 0.55535
0.04379 0.02384 -0.16544
-0.05727 0.03933 0.44487
0.12522 -0.02296 0.03930
-0.19007 -0.05739 0.42832
0.21709 -0.07831 0.42865
-0.32358 -0.02296 0.29292
-0.02847 0.07284 -0.67356
0.06608 -0.02799 -0.63744
-0.02327 0.07433 0.41726
0.56832 -0.02296 0.53257
-0.05169 -0.04396 0.13562
-0.06900 -0.04584 -0.16761
-0.57853 -0.02160 0.56374
0.03511 -0.00205 0.30107
0.50205 -0.02296 0.43877
0.07432 -0.00260 -0.21965
0.05189 0.03827 0.50483
0.03214 -0.07346 -0.83115
0.07377 -0.04814 -0.13074
0.21494 -0.00819 0.14653
0.09958 -0.02296 -0.07984
-0.01427 -0.00270 0.14765
0.00274 -0.02296 -0.42069
-0.02895 -0.06576 -0.13237
0.03966 0.04207 0.55265
-0.01441 0.07128 0.52128
0.07483 0.01049 -0.37349
-0.42540 -0.02296 0.42087
0.22617 -0.07777 0.49722
-0.04371 -0.05095 -0.72860
-0.00586 -0.00959 -0.16668
0.13393 -0.00819 0.13517
0.05350 -0.00205 -0.73738
0.03992 0.02322 -0.52430
0.11627 -0.02296 0.20314
0.52504 -0.00819 0.47669
0.04636 -0.00819 -0.76300
-0.01468 -0.00819 0.18347
0.05502 -0.02296 0.43061
-0.06128 0.04340 -0.39655
-0.10264 0.06398 -0.65463
0.06493 -0.00819 -0.83312
-0.06357 0.01012 -0.66005
0.09314 -0.09770 -0.14138
0.04540 0.06544 -0.55044
0.03505 0.02482 0.04281
-0.07856 -0.02296 0.33966
0.33163 -0.02296 0.43051
0.01491 0.05638 0.00815
-0.05253 0.00063 0.19146
-0.04814 -0.01017 -0.90517
0.07051 0.00271 -0.72004
0.02914 -0.00819 -0.58537
0.00950 0.04736 -0.69072
0.04296 -0.00819 0.13199
-0.03152 0.02478 -0.32714
0.06808 -0.02399 0.14870
0.03194 -0.00819 -0.02193
0.01618 0.02397 -0.14307
0.16813 0.08605 0.41972
-0.22797 -0.02009 0.54851
0.28438 -0.00819 0.45479
0.16498 -0.00819 0.24098
0.23160 -0.03679 0.32352
0.00470 -0.00819 -0.97307
0.08513 -0.02296 0.03507
-0.02169 0.05955 0.09794
-0.05287 0.05546 -0.48489
-0.06231 0.04133 -0.01964
-0.18222 -0.07260 0.35690
0.00984 -0.11799 -0.87571
-0.00178 0.06430 0.60130
-0.06246 0.00426 0.30828
-0.00729 0.06536 0.26596
-0.26657 -0.02296 0.27331
0.18525 -0.08770 0.54482
-0.12827 -0.00819 0.01037
-0.05114 -0.04465 -0.46719
0.07320 0.02285 -0.09044
-0.02750 -0.05201 -0.87596
-0.12625 -0.02296 0.34482
0.04022 0.01517 -0.49689
0.02364 0.07001 -0.83334
-0.02313 -0.00819 -0.43770
0.02466 -0.06274 0.28619
-0.07065 -0.01611 0.09114
0.03577 -0.01139 -0.95275
0.18351 0.03189 0.36018
0.23515 -0.02296 0.24737
0.04054 0.06862 0.00166
0.04419 -0.02296 -0.34305
-0.66421 -0.02296 0.56670
0.18895 -0.06239 0.55043
0.06966 -0.02296 -0.41989
-0.52528 -0.02296 0.45708
0.03402 -0.05541 0.35976
0.09943 -0.01022 0.28545
-0.00147 -0.02296 0.42314
-0.01751 -0.00705 0.03633
0.01265 0.07866 0.45332
-0.05426 -0.00819 -0.81243
0.06049 0.03660 -0.83986
-0.21225 -0.07132 0.55636
-0.18063 0.05587 0.39293
-0.04935 -0.00205 -0.67791
0.06053 -0.02296 -0.25260
0.01687 0.02306 -0.61166
0.01923 -0.02296 0.58362
0.04920 0.01276 -0.21024
-0.09245 -0.10396 -0.18715
-0.22891 -0.06211 0.38974
0.04755 -0.02296 0.09026
-0.02008 -0.00063 -0.28459
0.25286 -0.02042 0.48056
0.01186 -0.02296 0.36780
-0.22763 -0.01309 0.16892
-0.38863 -0.02296 0.35751
0.01825 -0.06693 -0.21118
-0.02541 0.07426 0.14440
0.05362 0.05886 -0.47463
0.20264 -0.07723 0.59558
0.58874 -0.02296 0.54452
-0.01750 -0.00705 -0.61139
0.15817 0.15337 0.49014
0.02010 0.07403 -0.69250
0.07402 0.01865 -0.39458
-0.06630 0.00474 -0.22284
-0.19415 -0.05634 0.55043
-0.03928 -0.00819 -0.02367
-0.02071 -0.06286 0.15025
-0.07000 0.02164 -0.10776
0.13930 -0.02296 0.35535
-0.06900 -0.00430 -0.26964
0.00735 0.06710 0.57546
-0.05687 -0.06576 -0.24564
0.20094 -0.02296 0.34308
0.02968 0.06291 -0.48806
0.05991 -0.00959 -0.80440
0.02073 0.01883 -0.71769
-0.01508 -0.02296 0.37160
0.06612 -0.00187 -0.38734
0.11064 -0.02296 0.12447
-0.04630 -0.02296 0.54793
-0.04211 0.00892 -0.60597
0.02061 -0.05151 -0.14599
-0.10277 -0.00951 0.56038
-0.04815 0.05755 -0.15436
-0.01414 0.00064 0.23867
-0.01600 0.06943 -0.84328
0.08509 -0.02296 -0.28715
0.15848 0.06810 -0.63451
0.04896 0.06020 -0.52794
0.07380 0.02085 0.11521
-0.22830 -0.02296 0.40371
-0.10733 -0.02296 0.09477
-0.01203 0.02375 0.11182
0.04065 -0.05560 0.32141
-0.02769 0.07322 -0.10258
-0.00674 -0.02296 -0.48817
0.02209 -0.00819 -0.09709
0.01037 0.05953 -0.47479
0.18060 -0.06184 0.61087
-0.06956 0.05858 -0.72119
-0.32543 -0.02296 0.40818
0.17643 -0.05273 0.43101
-0.18821 -0.00819 0.04873
-0.00042 -0.05694 -0.89388
-0.02488 0.06102 0.24873
-0.11532 -0.02296 -0.10787
-0.09774 -0.04713 -0.13937
0.07011 -0.04429 -0.39305
-0.22457 -0.03219 0.33402
-0.03212 0.02482 0.25536
-0.01152 -0.02296 -0.10352
-0.02378 0.02335 -0.74935
-0.04060 -0.05344 0.16150
0.23064 -0.00796 0.28729
0.15844 -0.06526 0.45290
-0.04852 -0.04651 -0.79279
-0.17960 0.03335 0.47871
-0.15065 -0.04142 0.44746
0.04271 -0.06576 -0.10550
0.06341 0.04635 -0.20952
0.02462 -0.02296 0.18671
0.06594 0.04126 0.17754
0.04304 -0.02296 -0.00001
-0.03744 0.00343 0.55893
-0.00129 0.07957 0.40316
0.05185 0.06028 -0.42834
0.04029 -0.02296 0.33969
-0.04204 -0.00819 -0.85180
0.20048 -0.00198 0.42391
0.17056 -0.01323 0.57643
-0.00199 -0.00959 -0.01365
-0.00032 0.07972 -0.74141
-0.20092 -0.05261 0.50727
-0.00709 -0.00819 -0.91731
-0.16587 0.07991 0.47943
-0.05416 -0.00819 0.39386
0.00405 0.07971 -0.07001
-0.04232 0.06285 0.11678
-0.01187 -0.06693 -0.06937
-0.06422 -0.02453 -0.41978
0.10580 -0.00957 0.54499
-0.15022 0.16077 0.48639
0.02204 -0.04358 -0.11734
-0.20084 -0.00796 0.27914
0.23296 -0.02296 0.44465
-0.00399 0.05953 0.44526
-0.12827 -0.00819 0.51860
0.01118 0.07403 -0.61569
-0.07125 -0.02296 0.43173
0.05808 -0.00819 -0.51883
0.17802 0.06327 0.52424
-0.03525 -0.06693 -0.34383
-0.04112 0.02302 -0.67118
0.00165 0.07992 -0.42081
-0.10715 -0.00921 0.05948
-0.22665 0.07455 -0.68032
0.02968 0.06445 -0.37741
0.07104 -0.01947 -0.05032
0.07863 -0.01216 0.33948
-0.00666 0.05999 0.21537
0.19618 -0.00199 0.46744
-0.22964 -0.02617 0.59280
0.04549 0.01205 -0.60584
-0.05235 -0.06151 -0.05383
0.15002 0.17438 0.54254
0.07065 0.03053 0.07788
0.02476 -0.06271 0.22026
0.00335 -0.02296 0.11017
0.04800 -0.00205 0.02014
0.01061 -0.00959 -0.78432
-0.16577 -0.05944 0.30849
-0.12887 -0.00819 0.45410
-0.06691 -0.01799 -0.50440
0.05888 0.00824 -0.28469
0.18649 0.03913 0.48441
0.02204 -0.00959 -0.81267
-0.22541 -0.02075 0.36604
0.05030 -0.00819 -0.40885
0.12793 -0.02296 0.52163
-0.06834 0.02663 -0.26232
-0.06154 -0.02989 0.28974
-0.00470 -0.00959 -0.21606
0.04453 -0.00819 0.26507
0.06258 0.06293 -0.77410
-0.06117 0.00755 -0.15128
-0.17855 -0.01031 0.01804
-0.00617 0.05976 0.41818
-0.02795 0.07294 0.32955
0.01430 -0.00959 -0.45840
0.22127 -0.06627 0.32226
-0.06733 -0.00750 0.36536
0.07016 -0.00819 -0.18697
-0.03274 -0.05775 0.34066
0.02088 0.02482 -0.55146
-0.04580 -0.06576 -0.10467
-0.09981 0.06163 -0.72474
0.10946 -0.02296 0.26482
-0.19916 0.07228 -0.64734
0.02387 -0.00959 0.35438
0.07414 0.01743 0.23336
0.08954 -0.02296 0.15859
0.16639 -0.06425 0.36047
-0.06313 0.03886 0.11365
0.01243 -0.00959 -0.06369
0.01606 0.05953 0.27664
0.22738 -0.05392 0.57675
0.01739 0.02448 -0.65805
0.05599 -0.04308 -0.43782
-0.02872 0.00643 -0.64951
0.00737 0.05953 -0.18503
-0.16335 -0.07545 0.43421
0.02975 0.00543 0.25717
-0.04900 0.05671 0.03763
0.05541 -0.04358 -0.10347
0.07480 0.00213 -0.15183
0.11889 0.06321 -0.71721
0.11392 0.06648 -0.68251
-0.01743 -0.06667 -0.40780
-0.02544 0.06167 -0.13401
-0.04391 0.06375 0.18252
-0.01384 -0.02296 0.08845
0.07377 -0.05507 -0.27923
-0.02136 0.05953 -0.70652
0.01647 0.02752 0.67195
-0.08688 -0.02296 -0.36274
0.06476 -0.00705 0.03468
-0.02855 -0.00205 -0.24054
0.03534 0.07121 0.32332
-0.39372 -0.02296 0.44040
-0.03431 0.06895 -0.03814
-0.48330 -0.00819 0.42642
0.11031 -0.02296 0.42347
0.07455 -0.00029 0.24820
-0.54380 -0.00819 0.50163
0.04360 0.02382 0.10036
0.02273 0.07403 0.19640
0.16902 -0.05907 0.39442
-0.00095 -0.06642 -0.78900
-0.02831 0.07273 0.20822
0.04077 -0.02296 -0.12831
-0.02388 -0.07013 -0.86415
-0.00040 0.07971 0.14126
-0.17281 -0.01631 0.33237
0.34420 -0.02296 0.39322
-0.20495 -0.02296 0.24573
-0.29598 -0.02296 0.29125
-0.04105 0.06604 -0.35717
0.06553 0.04209 0.00257
-0.04708 -0.06693 -0.18387
0.04741 0.06156 -0.59888
0.27818 -0.00819 0.35476
-0.00393 -0.00959 -0.80070
-0.13970 0.07269 -0.73449
-0.03360 -0.00819 -0.38974
0.12180 -0.02296 -0.02917
-0.06664 0.03178 -0.06822
0.02266 -0.02296 -0.38727
-0.07130 0.00982 -0.60590
-0.06852 0.02610 -0.70130
-0.04714 -0.02296 -0.14871
0.19232 -0.07380 0.32676
-0.07452 -0.02296 0.03672
-0.05507 0.05272 -0.10577
-0.17641 -0.08588 0.51370
-0.15504 -0.00819 0.43634
0.03669 -0.02296 0.41603
-0.05645 0.04830 0.22621
-0.22601 -0.01734 0.44782
0.08358 -0.01456 0.00876
-0.22724 -0.02296 0.23169
-0.06308 0.02480 0.01941
0.00771 0.05953 -0.52187
0.00105 0.07403 -0.13681
0.02773 0.06040 -0.05270
-0.13404 -0.02296 -0.03535
0.01781 0.00351 0.03347
-0.34534 -0.00819 0.42369
-0.01594 0.06116 0.47140
0.00109 -0.02296 -0.36441
-0.11387 -0.09893 -0.13632
-0.01521 0.05953 -0.00904
0.05834 -0.02296 0.12319
-0.06577 0.02168 -0.36844
0.08030 0.05933 -0.70866
-0.01377 -0.01139 0.62463
-0.11246 -0.00863 0.41629
-0.16780 -0.02296 0.28955
0.18106 -0.01493 0.39613
-0.19676 0.00406 0.40286
-0.18057 -0.08729 0.48019
0.07139 0.02831 -0.76930
-0.16428 -0.02296 0.44905
-0.03379 0.00639 -0.54019
-0.01464 0.06435 -0.34912
-0.00938 -0.00819 -0.57921
0.13390 -0.00819 0.02135
-0.42704 -0.02185 0.35645
0.06762 0.03061 -0.81216
0.24000 -0.04627 0.51060
-0.02798 0.07256 0.43808
-0.09635 -0.02296 -0.19349
0.14954 0.17397 0.49589
0.06456 0.04221 -0.66549
0.36474 -0.02296 0.36014
0.06351 -0.00959 0.38294
0.19680 -0.01321 0.48747
0.22090 -0.01033 0.42047
-0.01723 -0.06402 0.25742
0.16497 0.10561 0.52213
-0.04759 0.06081 -0.59549
0.23779 -0.05958 0.46068
-0.06087 -0.00948 0.58977
0.02855 -0.00819 -0.52057
0.23212 -0.00819 0.26240
-0.20532 -0.02296 0.19012
0.05501 0.02988 -0.78343
0.10257 -0.02030 -0.16244
0.14901 -0.00819 0.27298
-0.00126 0.05953 -0.07383
0.11206 -0.02296 0.50316
-0.10535 -0.00930 0.39119
-0.17351 -0.04972 0.62049
0.39729 -0.00819 0.41834
0.06068 -0.02838 -0.83798
-0.06138 0.04236 0.34887
-0.00480 0.05953 -0.29427
0.04956 -0.02296 0.44941
0.03319 -0.00705 0.08353
-0.07007 -0.05266 -0.06866
0.17790 -0.04245 0.62313
-0.18886 -0.02265 0.55043
0.17395 -0.02296 0.33952
0.04569 -0.05225 0.13311
0.27087 -0.02296 0.44796
-0.04042 -0.05359 0.07473
-0.11222 -0.09781 -0.10411
0.01979 -0.00947 -0.49437
0.01739 0.00365 -0.22100
0.03221 -0.02296 -0.45154
-0.11919 -0.02296 0.53117
-0.02417 -0.02123 -0.96513
-0.02638 0.00211 -0.13399
0.03328 -0.00819 -0.07197
0.03367 -0.00217 -0.17213
-0.02664 0.07375 -0.31504
0.21665 -0.08031 0.40763
0.02197 -0.06678 -0.06621
0.03826 0.02290 -0.68116
-0.22223 -0.01946 0.61748
-0.01227 0.02418 -0.38062
-0.00118 0.05953 0.11641
-0.02743 -0.06693 -0.29854
-0.10070 -0.00976 0.31077
-0.02120 -0.04490 -0.19116
0.22038 -0.00915 0.51944
0.05076 -0.04819 -0.59207
-0.01839 0.00619 -0.49689
0.06541 0.04233 -0.57128
-0.09538 -0.02296 0.57470
0.14208 0.06554 -0.72392
-0.00452 0.07403 -0.16423
-0.63347 -0.00819 0.51512
-0.00612 -0.00819 -0.04152
-0.05837 -0.00705 -0.24600
-0.16691 -0.01131 0.52982
0.01800 0.07796 0.26576
0.12058 -0.02296 0.56490
-0.18539 -0.02296 0.06332
0.10105 -0.01009 0.17813
-0.14651 -0.02296 0.21894
-0.05926 0.00318 0.45999
0.04853 -0.03195 -0.89215
0.03844 0.00297 0.03893
0.02772 0.07469 -0.55663
0.11282 -0.02296 -0.13234
0.26169 -0.02296 0.38025
0.20618 -0.03929 0.63684
0.28924 -0.02296 0.28844
0.21967 0.07671 -0.67006
-0.06846 -0.00249 -0.20359
0.04467 -0.06576 -0.16389
-0.03408 0.02482 -0.71805
-0.13095 -0.02296 0.06542
0.18182 -0.02296 0.46668
0.00668 -0.02296 0.30698
-0.28173 0.08055 -0.64811
-0.10256 -0.00955 0.47412
0.04507 -0.00176 -0.36653
-0.01652 -0.06693 -0.20956
0.01648 -0.02296 -0.18262
-0.12529 -0.00819 0.29980
-0.07091 0.01371 -0.72681
-0.05274 0.02482 0.32102
0.02519 -0.03677 0.47847
0.15875 -0.06208 0.59501
0.00784 0.05953 -0.50107
0.04083 0.06847 -0.62183
0.04918 -0.02296 0.58944
0.21013 -0.00698 0.59377
-0.01702 -0.04664 -0.16821
0.04718 0.00663 0.31457
-0.36153 -0.02296 0.40539
-0.18895 -0.00819 0.42096
0.07398 -0.00607 -0.32245
-0.05659 -0.05729 -0.39267
0.71675 -0.02240 0.62238
0.06882 0.03533 0.03968
-0.01105 -0.02296 0.40129
-0.01780 -0.03424 0.49556
0.00473 -0.00959 -0.85165
-0.05233 0.02290 -0.75418
0.10418 -0.10450 -0.12297
0.16759 0.10113 0.54239
0.19128 -0.01519 0.60604
-0.02475 -0.00377 -0.75781
-0.06577 0.02532 0.29811
-0.00971 0.05953 -0.38819
0.00479 0.05953 -0.01778
0.01887 0.07767 -0.39294
0.02750 0.07476 -0.42105
-0.05670 -0.00819 -0.47701
-0.05489 -0.02296 -0.17900
0.37428 -0.00819 0.43561
-0.16561 -0.02618 0.38612
-0.16600 -0.02296 0.47899
-0.00760 0.07900 -0.27585
-0.23648 -0.04476 0.50498
-0.22883 -0.05423 0.34522
-0.05158 0.02290 -0.16140
0.03886 0.00734 0.23721
-0.19838 -0.07842 0.34453
0.03503 0.04030 -0.91870
0.04897 -0.00819 -0.86248
0.45639 -0.02296 0.37993
-0.03044 0.07146 -0.43374
0.08621 -0.02296 0.24750
-0.05466 -0.02274 -0.86369
0.04507 -0.00434 -0.23648
-0.00876 -0.02296 0.16020
-0.20191 -0.02296 0.15410
0.15144 -0.02296 0.33869
0.01657 0.07844 -0.27573
-0.05181 -0.02296 -0.10513
-0.50517 -0.02296 0.47254
-0.06581 0.03427 -0.63668
0.00814 0.02880 0.71479
-0.00549 -0.06620 -0.54558
-0.16323 0.10611 0.53520
-0.16396 -0.02296 0.08640
0.02542 0.05956 -0.15648
-0.00152 0.00496 0.68672
-0.15685 0.06824 -0.63736
-0.01702 -0.05242 -0.10737
-0.02608 0.07236 -0.18953
0.00089 0.05953 -0.63904
0.02760 0.05726 -0.88919
0.07502 0.00439 -0.64661
0.16514 -0.04477 0.48629
0.02481 -0.00205 0.16496
-0.04602 0.02316 0.28160
-0.07085 0.01425 -0.01236
0.05459 0.01028 -0.58504
0.06478 -0.03060 0.19936
0.03465 -0.00705 0.10900
0.01151 0.05953 -0.12206
0.32289 -0.00819 0.47979
-0.10160 -0.02296 0.21514
-0.14632 -0.02296 0.37025
-0.24902 -0.00819 0.36312
-0.04745 0.05786 -0.80675
0.19401 -0.02296 0.29115
0.00661 0.05953 0.03770
0.06937 0.02899 -0.23278
-0.05439 -0.00819 -0.16017
-0.04444 0.02302 -0.25326
0.68441 -0.01046 0.60161
-0.61336 -0.02296 0.55929
-0.04171 -0.02296 0.59119
-0.03946 0.06732 -0.78287
-0.07016 -0.03670 -0.08113
-0.01552 0.06717 0.06361
-0.28742 -0.00819 0.27336
-0.16095 -0.04488 0.34701
-0.10286 -0.02296 0.49339
-0.17911 0.02819 0.36675
-0.20091 -0.00462 0.38395
-0.04231 0.02482 0.09921
-0.05120 0.05754 -0.27006
-0.00427 0.07170 0.16478
-0.57362 -0.02296 0.49229
0.28940 -0.02296 0.38176
-0.00900 0.07886 -0.63505
-0.41601 -0.00819 0.38640
-0.07904 -0.01175 0.50246
0.04075 0.06851 -0.31143
-0.15731 0.10743 0.47189
-0.32351 -0.02296 0.36307
-0.06288 -0.00696 -0.29137
0.05949 -0.02296 0.34475
0.03711 -0.00959 -0.43770
0.09116 -0.02296 0.54554
-0.21739 -0.00819 0.47421
-0.09923 -0.09656 -0.15202
-0.06785 -0.01517 -0.54641
-0.05754 -0.00819 -0.70153
0.22551 -0.07754 0.44751
-0.02432 0.07403 0.39737
-0.16576 -0.07787 0.58442
-0.04395 -0.02296 -0.39789
-0.07016 -0.01307 -0.37305
-0.19325 -0.01485 0.56884
0.02710 0.07420 0.46608
0.19607 -0.00697 0.30861
-0.17366 0.04510 0.44211
-0.04179 -0.02868 -0.90797
0.17249 -0.04176 0.60276
0.03080 -0.00819 -0.89937
-0.07915 -0.02296 0.28039
0.01541 0.07858 -0.30674
-0.21588 0.07630 -0.66385
-0.00695 0.07906 -0.23094
0.27014 -0.00819 0.47925
-0.47166 -0.00819 0.40934
-0.06755 -0.05921 -0.12936
0.08839 -0.02296 0.46227
0.17392 -0.02296 0.22976
0.06441 -0.00396 0.14765
0.37472 -0.02296 0.33245
0.07423 0.01655 0.16948
-0.01264 0.07403 -0.66195
0.01981 0.00450 0.12327
-0.06647 -0.01931 0.01237
-0.04287 -0.00819 0.33960
-0.03291 -0.04317 0.41932
0.18962 0.04128 0.42946
-0.02791 -0.00457 -0.35914
-0.01545 0.07761 -0.75369
-0.22475 -0.04529 0.54051
0.31172 -0.00819 0.42548
-0.29270 -0.02296 0.45155
-0.06730 -0.00819 -0.04503
0.01499 0.04374 -0.17633
-0.01557 0.07757 -0.06422
0.18159 0.05545 0.49845
-0.00215 -0.05312 0.41579
0.48269 -0.02296 0.43619
0.18615 -0.00381 0.43707
-0.23146 -0.03598 0.35542
0.06667 0.03460 0.38483
-0.22781 -0.06853 0.42102
-0.03485 0.00223 -0.94882
0.01739 0.00459 -0.66688
0.00964 0.07168 -0.65696
-0.13309 -0.02296 0.11140
-0.10337 0.06594 -0.68551
-0.05925 0.04460 -0.24311
0.16387 0.13376 0.48305
0.00326 0.06062 0.29125
-0.12420 -0.01870 -0.14907
-0.04341 0.06191 -0.50109
0.04327 -0.04358 -0.16244
0.18653 0.05836 0.41426
-0.06577 0.02495 0.09762
-0.17768 -0.02296 0.10517
0.10787 -0.00949 -0.01216
-0.19513 -0.01408 0.49683
-0.03151 0.07132 -0.59260
0.01142 0.07403 -0.43732
-0.12049 -0.02296 0.14170
-0.64605 -0.00819 0.53625
0.02368 0.07071 0.50798
0.06190 -0.03570 -0.66094
-0.05012 -0.04582 0.08948
-0.11794 -0.02296 0.00350
0.02581 -0.05768 -0.84946
-0.06377 0.02439 0.15962
0.01966 -0.00705 0.31664
0.03448 -0.02296 0.14097
0.00132 -0.02296 -0.32824
0.02946 -0.06114 0.16441
-0.06288 -0.00601 0.02651
0.04637 0.06130 0.46583
-0.06029 0.04316 -0.51801
-0.06808 -0.00121 -0.42187
0.34410 -0.02296 0.46485
0.08564 -0.01151 0.29880
-0.02105 -0.00959 -0.06202
-0.04301 0.06448 -0.17154
0.06608 -0.02296 0.31710
0.06507 -0.00819 0.11225
-0.09058 -0.01312 -0.34341
0.33149 -0.00819 0.33167
0.15967 -0.02191 -0.05108
-0.01858 -0.02296 -0.35394
-0.05491 -0.00705 0.23907
-0.04183 0.00992 -0.21777
0.30195 -0.02296 0.35500
0.19623 -0.07646 0.47475
0.01519 -0.02296 0.25285
0.17741 -0.06965 0.46518
0.04272 0.06543 -0.73982
0.06641 0.00916 -0.30795
0.00722 0.05137 -0.41572
-0.03995 0.05031 -0.01182
-0.06141 -0.06392 -0.35274
0.04006 0.02363 0.21923
0.14009 -0.00796 0.24801
0.07367 -0.02296 0.57169
-0.02751 -0.06035 0.20922
0.18981 -0.02296 0.24166
-0.19667 -0.00821 0.46912
-0.16944 -0.02296 0.14427
0.05617 0.05583 0.11098
-0.06636 0.00452 -0.39370
0.10946 -0.02296 0.47397
0.09769 -0.02296 0.33372
0.03962 0.02453 -0.24635
