0.46810 0.17341 0.20082
-0.30751 0.24738 -0.76147
-0.44743 0.24256 0.50072
-0.05971 -0.20073 -0.04832
0.35607 0.24335 -0.66269
0.13152 0.11105 0.77192
-0.46450 0.24616 -0.05482
-0.01096 -0.14623 0.44827
-0.01647 -0.07847 -0.57349
0.31528 -0.02732 -0.24245
0.07315 0.16320 -0.92212
-0.35023 -0.03484 0.22156
-0.33588 0.02471 -0.39495
0.23260 -0.12263 0.14868
0.20214 -0.15029 -0.23250
0.30175 -0.03931 0.55039
-0.21910 0.24726 0.77229
-0.03006 -0.20073 0.21588
-0.10332 -0.19822 -0.39907
-0.27801 -0.08523 -0.06100
0.20214 -0.18066 0.10111
-0.26134 0.00469 0.62063
0.46162 0.24260 -0.15299
0.40515 0.24669 0.60465
-0.01827 -0.14623 0.11499
0.23413 0.03331 -0.66074
0.20214 -0.18295 0.39814
-0.13710 0.03801 -0.77020
-0.15033 -0.20073 0.37318
-0.36629 0.01018 0.48436
-0.46853 0.17696 0.21009
-0.02656 -0.02089 0.69503
0.02489 -0.20073 0.37634
0.24270 -0.03071 -0.45536
0.42668 0.22331 -0.39948
0.38888 0.01989 -0.00868
0.36626 -0.02536 0.33428
-0.41205 0.24737 -0.46572
0.09706 -0.20073 -0.27373
-0.14422 -0.11419 -0.25206
-0.14109 0.24738 -0.92917
0.22035 0.20387 -0.83894
0.03915 -0.12342 -0.32779
-0.39179 0.05572 -0.16217
0.20214 -0.17368 -0.04486
-0.06810 0.10111 0.76367
0.43835 0.09453 0.42941
-0.29598 0.07884 -0.61818
-0.40813 0.05208 0.05886
-0.44679 0.24738 -0.28489
0.17011 -0.04755 0.62724
-0.19618 -0.18984 0.08897
0.27137 0.23366 0.72029
-0.21961 -0.05537 -0.44396
-0.14248 -0.12011 0.55571
0.04343 0.01908 -0.77604
0.06631 -0.14554 -0.18731
0.11753 -0.20073 -0.07663
-0.09150 -0.20073 0.42923
-0.34922 0.16351 0.63228
0.32882 0.08466 -0.52551
-0.11978 -0.14623 0.25942
0.05281 -0.14623 0.11237
0.30131 0.08691 0.64643
-0.16618 -0.20073 -0.22556
0.02707 -0.10268 -0.48067
0.10816 -0.14532 0.50771
-0.16892 -0.01111 -0.62629
-0.25389 -0.11012 0.40538
0.42023 0.10327 0.50515
-0.21619 0.11804 -0.79627
0.42180 0.12965 -0.23031
-0.45197 0.11048 0.36695
-0.14822 -0.20073 0.47277
-0.02268 0.23667 0.80483
0.38679 0.00192 0.16202
0.45807 0.19331 0.01867
0.16416 -0.15713 -0.39907
-0.38043 0.24169 -0.59190
0.07237 -0.14623 0.30348
0.17221 0.12804 -0.83039
-0.00664 -0.13113 -0.34484
0.22716 -0.12966 0.43432
0.45201 0.24738 0.49324
-0.23566 0.11150 0.72526
-0.06747 0.11705 -0.88880
0.47891 0.23716 0.36018
0.36457 0.05016 -0.36378
-0.15107 -0.13763 -0.10616
-0.29605 -0.07302 0.06595
-0.19618 -0.19183 -0.08332
0.19145 -0.04594 -0.53457
0.19389 -0.13425 0.27951
-0.04718 0.24738 -0.96037
-0.02249 -0.10976 0.58325
0.01107 -0.20073 -0.14708
0.07499 -0.20073 0.19255
-0.47360 0.18605 0.34829
-0.40313 0.03105 0.20928
-0.27248 -0.05117 -0.27802
0.36297 0.00586 -0.09558
-0.02750 -0.03094 -0.69473
0.27636 -0.09141 0.01840
-0.40283 0.11287 -0.30358
-0.36929 -0.02092 0.34057
0.27363 0.14198 -0.72897
-0.11871 -0.00161 0.69246
0.11907 0.24679 0.79282
0.10538 -0.20073 0.32200
0.23652 -0.07116 -0.33998
-0.37458 0.00909 -0.07127
-0.16956 -0.20073 0.23806
0.38994 0.24738 -0.56084
-0.03095 -0.14623 0.27485
-0.47727 0.24044 0.09605
0.09625 -0.04238 -0.64130
0.04884 -0.20073 -0.11095
0.22237 0.04656 0.70131
-0.28865 -0.06239 -0.19772
-0.13522 -0.15055 0.03118
-0.24933 -0.11651 0.18991
0.25935 -0.08258 -0.12928
0.05007 -0.20073 -0.37418
-0.25557 -0.06880 0.53355
0.03629 -0.14623 0.46318
-0.02380 0.06528 -0.84065
0.09375 -0.06008 0.66377
-0.41237 0.10325 0.49838
-0.19618 -0.17887 -0.32686
-0.43512 0.12551 -0.04910
0.43396 0.11643 -0.08985
0.03710 0.03243 0.75271
0.12135 0.24019 -0.95095
0.43745 0.08985 0.28171
-0.44345 0.17123 -0.16374
-0.36279 0.13419 -0.51759
0.28495 -0.10102 0.37838
0.37668 -0.00487 0.45836
0.31333 -0.06894 0.23731
0.43167 0.09664 0.09062
-0.21079 -0.02073 -0.57781
0.10411 -0.14564 -0.01183
0.08585 -0.20073 0.04909
0.44897 0.24247 -0.28785
-0.07294 -0.09942 -0.47193
-0.27933 0.13172 -0.71035
-0.19618 -0.17672 -0.20017
-0.11398 -0.20073 0.04160
-0.07436 -0.14623 0.00069
0.14574 -0.10264 -0.32671
-0.04784 -0.20073 -0.26333
0.36351 0.24738 0.64638
0.22798 -0.08316 0.56473
-0.08638 -0.20073 0.12603
-0.13977 0.15377 0.78343
0.15622 -0.20073 0.21775
0.13720 -0.20073 0.29450
0.46256 0.20919 -0.04025
-0.21864 0.06514 -0.70572
0.36687 0.11243 0.60797
-0.01918 -0.14623 -0.11076
-0.32129 0.07507 0.63753
-0.15083 -0.14316 0.15752
-0.16464 -0.15268 0.38018
0.02876 0.17062 0.79034
0.44068 0.09464 0.31527
-0.30598 0.04294 -0.50936
-0.27526 0.18213 0.72237
0.31033 -0.06487 0.11811
0.09382 -0.05782 -0.57228
0.11756 -0.14623 0.09498
-0.33861 0.02675 0.55811
-0.15311 -0.09577 -0.34919
-0.01478 -0.14623 0.01730
0.18889 0.04988 -0.74184
-0.26372 -0.11208 0.30616
0.39572 0.13857 -0.43312
0.41250 0.14544 -0.33492
0.25911 0.13250 0.72167
-0.36607 -0.01522 0.42545
-0.16568 -0.15027 0.44726
-0.03446 -0.20073 -0.33099
-0.23253 0.22929 -0.86106
0.32598 0.13271 -0.61709
-0.40103 0.14120 -0.41166
0.14680 0.04054 -0.74577
-0.18487 -0.05286 0.63459
-0.45236 0.16194 0.05108
0.19800 0.18774 0.76873
-0.33093 -0.03250 -0.16861
-0.22517 -0.13002 0.28311
0.20214 -0.19092 -0.15791
0.30949 -0.06032 -0.06749
-0.15066 0.16008 -0.86715
0.11957 -0.08119 -0.47163
-0.04689 -0.13267 -0.25653
-0.05061 -0.20073 0.33560
0.18906 -0.20073 -0.33110
-0.17013 -0.05937 -0.51942
-0.35484 0.02147 -0.30350
0.07439 0.09866 -0.84736
-0.14289 -0.20073 -0.10437
0.13408 -0.13950 -0.13183
0.29564 0.00613 0.61076
-0.21037 -0.10558 -0.14289
-0.44170 0.10174 0.13848
-0.00749 -0.19500 0.49715
-0.07894 -0.20073 -0.15605
0.20214 -0.15142 0.03817
0.38028 0.04176 -0.20583
0.15973 -0.20073 0.36023
-0.35590 -0.01231 -0.00664
-0.07924 -0.08268 0.64175
-0.35343 -0.03579 0.12631
-0.01139 -0.20073 0.04633
-0.26814 -0.00910 -0.46010
0.10962 0.02841 0.73713
0.14920 -0.09323 -0.41858
-0.08386 0.20395 -0.94278
-0.08613 -0.14623 0.35660
0.25981 0.02203 -0.56242
0.12985 0.17129 -0.88679
-0.12028 -0.05604 -0.55531
-0.39417 0.24738 0.61604
0.10064 -0.14623 0.23388
0.40601 0.22689 -0.49451
0.00763 -0.20073 -0.01891
0.28920 0.24738 -0.78678
-0.02096 -0.15980 -0.39907
-0.08075 -0.04454 -0.64349
0.46900 0.21849 0.10788
0.30137 -0.03177 -0.27812
-0.41690 0.04567 0.29194
-0.08190 -0.10966 -0.41948
-0.18108 -0.20073 0.44067
0.16360 -0.20073 0.48317
-0.41519 0.16215 0.53444
0.37776 0.04811 -0.25377
0.02739 0.11865 0.79386
0.14560 -0.14623 0.34560
-0.33821 0.15820 -0.60775
0.43182 0.09880 -0.00945
-0.19618 -0.14608 -0.01181
0.13162 -0.20073 -0.16376
-0.19618 -0.15109 -0.37334
0.40373 0.05977 -0.12809
-0.04617 0.01583 -0.74805
0.45844 0.16979 0.44661
0.32705 0.03003 -0.44340
0.05821 -0.11015 0.57818
0.01608 -0.14623 -0.02003
0.36930 0.16723 -0.53225
0.14343 -0.15293 0.15283
0.16231 0.09843 0.73774
0.28054 0.06862 -0.63775
-0.33448 0.23103 0.68537
0.44090 0.19705 -0.21128
-0.22408 -0.12259 0.06954
0.14013 -0.12570 -0.23606
0.29690 -0.08270 0.46776
-0.03992 0.00989 0.71679
0.18308 0.24738 -0.90351
-0.13349 0.24547 0.78790
0.01532 -0.20073 0.14026
-0.34095 0.23649 -0.67107
0.43772 0.08683 0.18340
-0.27135 -0.02798 -0.39332
0.22671 -0.08208 -0.26176
0.08040 -0.20073 0.45256
0.39718 0.01999 0.24809
-0.09392 -0.14623 0.16237
-0.34705 0.01018 -0.24856
0.41466 0.03027 0.36999
0.00307 -0.14623 0.19344
-0.48029 0.24042 0.28423
-0.41810 0.04384 0.41850
0.00046 0.17751 -0.93898
0.01163 -0.20073 -0.24124
-0.19046 0.01689 0.69731
0.36399 0.03835 0.55859
-0.25578 0.18144 -0.80008
-0.08452 -0.14207 0.49066
-0.35848 0.08286 -0.45505
0.33710 -0.05978 0.40326
0.30199 -0.08456 0.19461
0.19120 -0.09963 -0.39907
0.15290 -0.20073 -0.00858
-0.30117 -0.06476 0.46967
-0.47420 0.22723 0.42234
-0.45286 0.14072 0.44152
0.27312 -0.09804 0.30795
-0.11746 -0.20073 -0.30306
0.23685 0.14344 -0.77920
-0.43612 0.19569 -0.24842
-0.11219 -0.13121 -0.17917
0.03375 -0.20073 0.27427
0.07048 -0.10597 -0.40677
0.41395 0.17648 0.56492
0.48637 0.24411 0.27932
0.02699 -0.04733 -0.65250
-0.21653 0.16618 0.75474
0.34395 -0.03870 0.03330
0.13043 0.07121 -0.79298
0.39100 0.02568 0.05907
-0.39291 0.02275 0.13521
0.02603 -0.14099 -0.27303
-0.19618 -0.19245 0.00069
-0.10335 0.08625 -0.82337
0.20214 -0.12675 -0.09664
-0.41028 0.09591 -0.23125
0.17325 -0.11310 0.52311
-0.09209 -0.12406 -0.32847
-0.22402 -0.07468 -0.35511
-0.32846 -0.01088 0.55145
0.31056 0.20198 0.68152
-0.25227 0.01795 -0.56666
-0.20149 -0.12289 0.50367
-0.46129 0.13098 0.28937
0.46711 0.15407 0.35724
0.18036 -0.14457 0.19992
-0.20979 -0.09205 -0.24148
-0.31750 -0.06932 0.37083
-0.37987 0.19160 -0.52155
-0.13891 -0.20073 0.20130
0.24097 0.07752 0.68756
0.17617 -0.01778 -0.60566
-0.15587 0.08700 0.73469
0.26440 0.00162 -0.49913
-0.45335 0.17213 -0.04121
0.31207 0.23103 -0.73168
0.06248 -0.01446 0.69577
0.00904 0.11781 -0.89738
-0.16044 -0.08704 -0.43178
-0.21527 -0.06212 0.60330
-0.25821 -0.09197 -0.00401
-0.06125 0.16211 0.80321
-0.09198 -0.20073 0.49032
0.15213 0.00370 -0.67299
-0.19618 -0.18579 0.30975
-0.42807 0.21283 -0.34178
-0.12370 -0.00024 -0.68831
0.33930 -0.02390 -0.16971
-0.41574 0.08000 -0.01929
-0.28939 -0.08943 0.13756
-0.31690 -0.06774 0.29738
-0.25929 0.07524 0.67314
-0.00269 0.08554 0.76250
-0.02649 -0.14066 -0.19582
0.11350 0.18077 0.79754
-0.44127 0.10540 0.21356
0.01826 -0.08283 0.64995
0.22233 -0.12472 0.34311
-0.17981 0.00667 -0.67341
0.24091 -0.01503 0.63957
-0.11220 -0.20073 0.29141
0.06773 -0.01703 -0.70925
0.11701 -0.20073 -0.36032
-0.24929 0.10604 -0.74038
0.03531 -0.14623 0.39025
0.02082 0.24662 -0.96182
-0.46147 0.24437 -0.15124
0.12993 -0.10245 0.59358
-0.06474 -0.05302 -0.60053
-0.37446 0.07653 -0.34975
-0.12201 0.04357 0.74354
0.29095 -0.01029 -0.39715
0.20984 -0.11594 -0.02238
0.13691 -0.20073 0.12588
0.08880 -0.14623 0.05752
0.36091 0.17553 0.62379
0.07257 -0.20073 -0.19051
-0.00257 -0.14623 0.36877
-0.29132 0.13607 0.69765
-0.43270 0.24157 -0.39023
0.21933 -0.10382 -0.19096
-0.47003 0.22797 0.01889
0.18219 -0.06208 -0.49368
-0.11835 -0.14827 -0.05682
0.10826 -0.14623 0.43776
0.20214 -0.17490 0.25459
-0.37128 -0.00962 0.06760
0.08185 -0.10980 -0.37880
0.10253 -0.12818 -0.28529
0.31539 0.13457 -0.66493
-0.42074 0.10618 -0.11259
0.38415 0.13672 -0.47546
0.16515 -0.15171 0.43688
-0.19618 -0.15541 -0.24914
-0.19618 -0.17498 0.25038
-0.17639 0.06056 -0.76670
0.41026 0.15098 -0.38391
-0.28646 0.11460 -0.67265
0.43287 0.14251 -0.15764
0.17042 0.24738 0.77851
0.24264 -0.10715 0.09045
-0.38149 0.11062 0.56516
0.46640 0.24399 -0.09730
-0.36710 -0.03140 0.29427
-0.08640 -0.14623 0.08751
0.42977 0.17450 -0.26569
-0.10823 0.15852 -0.90648
-0.33271 0.07805 -0.52527
0.40015 0.10194 -0.28872
-0.23069 -0.03058 -0.51697
0.07840 -0.20073 -0.00895
0.44398 0.16857 0.49406
-0.19618 -0.17196 0.17886
0.35072 0.02897 -0.31716
-0.31448 0.17426 -0.67796
0.24413 -0.11954 0.20236
-0.02506 -0.13542 0.52310
0.20214 -0.14451 -0.35452
-0.13337 -0.14623 0.22357
0.21987 0.09575 -0.74415
0.48261 0.23613 0.22058
-0.28282 -0.07571 -0.13185
-0.09345 -0.14623 0.45014
-0.48308 0.24405 0.20588
0.36181 -0.02676 0.10803
0.21836 0.16050 0.75271
-0.32138 -0.04159 -0.06091
-0.27364 0.23759 0.71940
-0.20959 -0.13178 0.14079
0.23756 -0.09193 0.50714
-0.28607 0.18318 -0.75864
0.34076 -0.04615 0.27526
0.46138 0.15383 0.26536
-0.13523 -0.09020 0.61159
0.18088 -0.20073 -0.10642
0.36311 0.09692 -0.47058
-0.21844 -0.02894 0.64346
0.20214 -0.19825 -0.25226
-0.30508 -0.08357 0.23117
0.15021 -0.13326 -0.06299
0.34491 -0.03829 0.18104
0.44958 0.15605 0.01849
0.42267 0.05825 0.14319
0.44941 0.12755 0.15304
-0.17995 -0.20073 0.14836
-0.31615 -0.01768 -0.31874
0.35864 0.08146 -0.42750
-0.36952 0.01950 -0.13214
-0.05854 -0.14623 -0.06985
0.03499 -0.06993 -0.59298
0.10053 -0.14623 0.38165
0.05869 -0.08067 -0.52127
0.05116 0.24090 0.80397
-0.17270 -0.20057 -0.39907
0.26747 -0.10927 0.42940
-0.02741 -0.20073 -0.10617
0.34708 -0.01367 0.51622
0.27027 -0.03284 0.57307
-0.27192 -0.04064 0.58318
0.40921 0.05066 0.47189
-0.46352 0.17368 0.11615
0.20214 -0.19956 0.13818
0.32162 0.13847 0.65488
0.16064 -0.00188 0.67725
0.45125 0.17701 -0.09392
0.36392 0.20289 -0.60517
-0.00321 0.03545 -0.78520
0.05147 -0.14623 -0.07592
-0.19239 0.16660 -0.84063
-0.08248 -0.12859 0.56056
-0.07976 -0.20073 0.19099
0.21710 0.10112 0.71324
0.30826 -0.06485 -0.02653
-0.26556 -0.11222 0.34975
0.05916 -0.20073 -0.32943
-0.19618 -0.14079 -0.06957
-0.06453 -0.04507 0.66527
0.07553 0.08507 0.75527
-0.13651 -0.14425 0.09081
0.32799 0.00106 -0.34256
0.04768 0.04778 -0.81822
-0.13608 -0.13174 0.50032
-0.22602 0.02274 -0.62407
-0.19618 -0.14485 0.34368
0.24063 -0.04815 -0.38836
0.05438 0.12324 -0.87815
0.40948 0.08112 -0.17655
-0.41695 0.23193 0.55989
-0.37925 0.05244 0.51970
0.10122 -0.12715 0.55786
0.28583 -0.05851 -0.18058
0.43150 0.22462 -0.34375
-0.17967 0.21263 -0.90019
0.17688 -0.13399 0.09590
-0.39010 0.03232 -0.01316
-0.45033 0.18317 0.48242
-0.41299 0.05590 0.46576
0.20822 0.09781 -0.78052
0.13080 0.11784 -0.86497
0.01199 -0.01451 0.71982
-0.37813 0.10462 -0.40157
0.17219 0.15901 0.77353
-0.04381 0.17127 -0.91328
0.32811 -0.03206 -0.11386
-0.19618 -0.16739 0.48234
-0.06560 -0.07754 -0.53038
0.26298 -0.09464 -0.05663
-0.11678 -0.20073 -0.02663
-0.18971 -0.10858 -0.19030
-0.07683 -0.14623 0.40115
-0.38422 0.13924 -0.45134
-0.02926 -0.20073 0.43081
0.40872 0.07239 -0.07124
-0.21387 -0.13706 0.42039
0.03433 -0.20073 0.07889
-0.07666 -0.13986 -0.14205
-0.40835 0.06180 -0.07759
-0.25072 0.05315 -0.64579
-0.21006 -0.07990 0.55904
0.35254 -0.01299 -0.04682
0.01598 -0.11845 -0.41730
0.33142 0.19550 -0.68014
0.31402 0.24536 0.68954
-0.42254 0.14500 -0.30093
-0.21247 -0.13381 0.22578
0.00505 -0.20073 0.29751
-0.29534 0.03817 0.64146
-0.42827 0.14213 -0.24969
0.05785 -0.14517 0.52406
-0.32345 0.11672 0.66002
0.12011 -0.20038 0.49715
-0.18308 -0.09426 -0.29587
-0.48111 0.24738 0.35333
0.27084 0.18485 0.70913
-0.11710 -0.20073 -0.19919
-0.31485 0.18187 0.67242
-0.16132 0.09932 -0.82517
0.26101 -0.11234 0.25263
-0.31345 0.09100 -0.57393
0.34613 0.05896 0.59917
-0.07647 0.04259 0.75384
-0.11876 -0.20073 -0.24098
-0.19618 -0.17918 -0.14534
-0.43642 0.10058 0.05681
0.20214 -0.15715 0.47759
-0.22867 -0.05605 -0.38365
-0.40191 0.02358 0.35868
0.13323 -0.20073 0.41571
0.47105 0.24166 0.05083
0.25484 0.09642 -0.69977
-0.07739 0.22190 0.79573
-0.44074 0.14216 -0.11551
0.26295 -0.07633 -0.23152
0.07790 -0.14623 0.17619
0.43432 0.22164 0.54381
-0.02824 -0.20073 0.09962
-0.45672 0.20478 -0.09685
-0.31379 -0.04460 0.52084
0.20214 -0.18897 0.29972
0.22645 0.23190 0.76490
0.32247 -0.07353 0.32559
0.47298 0.24466 -0.00497
-0.13772 -0.20073 0.09331
-0.15770 -0.11279 -0.39907
0.18583 -0.20073 0.04759
-0.24863 -0.09020 -0.18429
-0.03567 -0.10677 -0.42476
-0.12309 -0.14623 0.33744
-0.17455 0.20160 0.76427
0.07610 -0.16491 -0.39907
0.46030 0.15844 0.10682
-0.28837 -0.08351 0.17869
0.40586 0.01904 0.30248
-0.45473 0.23794 -0.21224
0.40258 0.17335 -0.41962
-0.03426 0.13252 0.78155
0.30349 -0.06705 0.06357
-0.09322 -0.13702 -0.23303
0.41043 0.05991 0.02833
-0.44509 0.09300 0.32101
0.20214 -0.19532 -0.39504
-0.31348 0.03161 -0.45517
-0.31444 -0.05251 0.00251
0.47076 0.22735 0.44336
-0.07185 -0.20073 -0.21110
-0.34063 0.07354 0.59546
-0.08724 0.24101 -0.96389
0.22877 0.01098 -0.59556
0.46967 0.19249 0.25858
0.29610 0.03967 -0.52633
-0.02183 -0.20073 -0.20115
-0.40944 0.20666 -0.42787
-0.39989 0.17264 0.58704
0.14629 -0.20073 -0.30579
-0.37905 0.05634 -0.26796
-0.19161 0.13574 0.75948
0.45002 0.10951 0.22810
-0.13302 -0.04046 0.65195
-0.38200 0.03664 -0.21530
0.01423 -0.14623 0.30880
0.34950 -0.00305 -0.22064
0.03022 -0.14623 0.05237
0.34890 0.11847 -0.55612
-0.41766 0.06555 0.11085
0.01728 -0.14677 -0.22394
0.44810 0.18508 -0.15561
-0.23244 -0.08181 -0.30171
0.11517 -0.00897 -0.70106
0.19350 -0.08608 -0.32322
0.07045 0.22538 -0.94107
-0.04028 -0.20073 0.26731
-0.01605 0.19596 0.79652
0.27725 -0.04371 -0.34591
0.17164 -0.12676 0.48914
-0.01406 -0.00873 -0.73427
-0.19618 -0.14780 0.07559
-0.04651 -0.11564 -0.37054
-0.23417 -0.11404 0.48827
-0.35272 0.20624 -0.61381
0.36808 -0.02715 0.22155
-0.04889 -0.14623 0.05210
0.01269 -0.15330 -0.16085
0.13407 -0.06131 0.62792
0.31609 0.08275 -0.57890
0.05227 -0.19251 0.49715
-0.46903 0.21017 0.16228
0.15121 -0.20073 -0.21442
0.43644 0.14906 -0.19160
-0.43106 0.06861 0.23656
-0.12109 -0.11382 -0.29836
-0.14168 -0.15312 -0.39907
-0.08749 0.04919 -0.78872
-0.36183 0.24738 0.64837
0.15571 0.02628 0.72049
-0.40085 0.12738 -0.35701
0.38945 0.09491 -0.32908
-0.03660 -0.12670 -0.30862
-0.32363 -0.05796 0.42346
-0.01447 -0.05253 -0.61360
-0.32917 -0.02785 -0.21320
-0.11498 -0.08082 -0.47731
-0.33709 -0.05285 0.17333
0.27971 -0.05916 0.52068
0.29564 0.19574 -0.73418
-0.19618 -0.12210 -0.32645
-0.25484 -0.07101 -0.23869
-0.42201 0.11849 -0.16530
-0.34008 -0.02122 -0.10254
0.02830 0.08020 -0.85600
0.16113 -0.10897 0.56656
0.31553 -0.00035 0.55914
-0.33952 -0.03800 0.48400
-0.17530 -0.04823 -0.54849
-0.15567 -0.14284 -0.01762
0.15058 -0.14556 0.00600
0.12460 0.06989 0.73702
0.06085 -0.15048 -0.14114
0.16688 0.18904 -0.89423
0.01412 -0.13311 0.56158
-0.27827 0.04654 -0.60538
0.41162 0.04196 0.20019
-0.12697 -0.03670 -0.60636
0.39208 0.05111 0.51818
0.44824 0.16780 -0.03986
0.26373 0.24738 -0.83415
-0.29782 0.01226 0.59286
0.03081 -0.20073 0.44448
-0.11585 0.12858 -0.86475
0.36690 -0.02083 0.40656
0.01838 -0.20073 -0.31376
0.34218 0.17596 -0.63728
-0.01655 0.03659 0.75694
-0.36277 0.00871 -0.18695
0.11973 -0.01666 0.68106
0.11563 -0.13882 -0.18027
0.39894 0.03351 0.43943
-0.22824 -0.10661 -0.04079
0.04839 -0.14623 0.25436
-0.04834 -0.20073 0.00680
0.40447 0.13264 0.56493
-0.34200 0.03088 -0.35779
-0.05844 -0.09380 0.60396
0.07500 -0.13119 -0.24305
0.18703 -0.00598 -0.64067
0.39788 0.08160 -0.23052
-0.27936 0.00806 -0.50770
0.37326 0.01496 -0.14258
0.42728 0.10657 -0.04294
-0.13850 -0.20073 -0.34805
0.04731 -0.20073 0.32658
0.11848 0.09104 -0.82209
0.41603 0.24648 -0.45105
-0.16878 -0.12095 -0.13421
-0.37738 -0.00141 0.18588
0.16573 -0.10447 -0.27652
0.04673 -0.20073 -0.05622
-0.42330 0.05902 0.16299
-0.14587 0.01259 -0.71748
-0.16011 -0.20073 -0.03028
-0.11497 0.07756 0.76126
0.10863 0.19251 -0.92704
0.08413 -0.10201 -0.45207
0.47186 0.19974 0.15570
0.30544 -0.05545 -0.15439
-0.47207 0.20812 0.24792
0.26796 0.02355 0.65253
0.18564 -0.14092 0.13264
-0.10491 0.19060 0.78399
-0.05029 -0.20073 -0.39308
-0.27691 0.21997 -0.79873
-0.13527 0.18362 -0.90951
-0.39558 0.01810 0.26074
0.37440 -0.01223 0.28145
0.19749 -0.13506 0.39798
0.20214 -0.13817 -0.15313
-0.17348 -0.00974 0.66505
-0.45852 0.15847 0.39715
-0.12605 -0.14623 0.38025
0.02904 0.15890 -0.90845
0.14373 0.19997 0.77506
-0.14508 -0.20073 -0.15523
0.20214 -0.17793 0.18196
-0.39226 0.02510 0.43912
0.10509 -0.14884 -0.08152
0.44306 0.11449 0.04889
0.06562 -0.08619 0.63922
0.16038 -0.04710 -0.57101
0.08840 0.02668 -0.75385
-0.15085 0.11521 0.76777
-0.29105 -0.09308 0.43144
0.26147 -0.06482 -0.29597
-0.44856 0.12114 0.10140
0.01059 -0.05139 0.68528
0.07290 -0.20073 0.10680
0.11044 -0.11197 -0.33165
0.09478 0.05251 -0.79005
0.45573 0.12237 0.40250
0.23316 -0.01924 -0.54191
-0.17815 -0.20073 -0.26446
-0.41215 0.18253 -0.38381
-0.03777 -0.14623 0.32534
-0.27767 -0.03504 -0.34153
0.18716 0.02578 -0.70369
0.06672 0.19418 0.79178
0.24454 0.17851 -0.81307
0.11357 -0.16471 -0.39907
-0.45619 0.15314 0.15970
-0.13267 -0.20073 0.32589
-0.08980 -0.00526 -0.72116
0.33669 -0.00530 -0.28071
0.07227 -0.02059 -0.67948
0.16016 -0.15153 0.24293
-0.13934 0.06430 -0.79949
0.18473 -0.06430 -0.44607
0.38143 0.19189 0.60157
-0.38951 0.01729 0.03412
0.33790 -0.03314 0.46795
0.21127 0.01745 0.66669
0.20214 -0.10782 -0.36295
0.20214 -0.14369 -0.39560
-0.37745 0.20206 0.62872
-0.25435 0.13743 -0.77133
0.42353 0.04757 0.26939
0.45466 0.16593 0.06339
0.23312 0.21511 0.73920
0.15997 -0.11976 -0.17074
0.03683 -0.14623 0.35285
0.28343 -0.08545 0.14447
0.42577 0.18749 -0.31870
-0.30486 -0.06763 0.09731
0.45198 0.24101 -0.20390
0.34396 0.03546 -0.40522
-0.19929 -0.04679 -0.48276
0.14427 0.22619 -0.91234
0.25410 0.04209 -0.62388
-0.25410 0.07231 -0.68841
0.42855 0.15618 0.52826
0.47397 0.19346 0.38153
-0.19536 0.19530 -0.85659
-0.11849 -0.10828 -0.38663
-0.24805 -0.09089 -0.10204
0.22694 -0.12033 0.25246
-0.36738 0.16686 -0.55792
-0.03941 0.20156 -0.93204
0.07070 0.14918 0.78132
-0.30714 0.00012 -0.40929
-0.43524 0.11809 -0.00019
0.19321 -0.02804 0.65956
0.10641 0.13116 -0.89078
-0.17778 -0.13170 0.04446
-0.03111 -0.20073 -0.15554
-0.18614 -0.20073 0.39038
-0.05175 -0.00569 -0.71125
0.01853 0.22220 0.81955
-0.02103 -0.08385 0.62385
-0.10069 0.13774 0.79086
0.30258 -0.08839 0.41156
0.00372 0.10160 -0.86051
0.35617 0.16021 -0.58693
-0.42990 0.07236 0.34850
0.18693 0.06332 0.72887
0.22979 0.23688 -0.87001
-0.19618 -0.17850 0.04219
-0.45699 0.14058 0.24427
-0.09514 -0.14623 0.29784
-0.35778 0.06564 -0.39297
-0.18883 -0.07431 -0.39967
0.13553 -0.02110 -0.64120
-0.35892 0.01024 0.52687
0.23709 -0.11460 0.01880
0.22598 -0.09944 -0.13406
0.25085 0.07383 -0.67505
-0.21318 0.09131 -0.74558
-0.39492 0.18857 -0.46617
0.15625 -0.13832 0.05617
0.44337 0.22170 -0.24620
-0.43894 0.15276 0.49712
-0.35155 -0.03753 0.37841
0.43327 0.12291 0.46627
-0.04215 -0.14623 0.20928
-0.12624 0.21513 -0.93381
-0.46694 0.19824 0.07956
0.26087 0.18585 -0.77847
0.11338 -0.20073 0.37179
-0.05871 0.09769 -0.85006
0.39952 0.19634 -0.45934
0.11749 -0.20073 0.17145
0.31379 0.03777 0.62290
-0.11693 -0.08992 -0.43322
-0.31117 0.00007 -0.36390
0.13216 0.15503 0.76868
-0.47275 0.19448 0.39451
-0.42022 0.17411 -0.32797
-0.26272 0.23791 -0.83070
-0.29861 0.08835 0.66777
-0.04127 -0.14623 -0.02199
0.38750 0.11071 -0.38123
0.14018 -0.14623 0.20788
-0.08473 -0.13194 -0.28388
-0.22997 -0.11351 0.10672
-0.04420 -0.20073 0.38652
0.37876 0.02062 -0.04847
0.09020 0.21894 0.81037
-0.32780 -0.05263 0.04116
-0.28972 -0.09747 0.38483
-0.15257 0.00851 0.70778
0.22488 -0.12134 0.47961
0.34670 -0.05254 0.35673
-0.36875 0.06083 0.56846
-0.39723 0.04511 -0.04451
0.18911 0.16992 -0.84617
-0.40054 0.12453 0.54251
0.20157 -0.20073 -0.20385
-0.33654 -0.03976 0.09131
0.31855 0.03620 -0.48679
0.03357 -0.00132 -0.74373
0.27989 0.08681 0.68256
-0.09119 -0.20073 -0.34193
-0.24062 -0.11270 0.02828
0.38828 0.20139 -0.52932
0.36988 -0.00715 0.01434
-0.30914 0.18903 -0.72261
-0.44028 0.19789 0.51949
0.21939 0.05838 -0.71780
0.30955 0.16320 -0.70275
-0.30010 0.05200 -0.56442
-0.28049 -0.09164 0.26398
0.38749 0.01709 0.10467
0.20334 -0.12327 0.07192
-0.33319 -0.05163 0.25857
0.14112 -0.10465 -0.37113
0.19423 -0.10744 -0.24118
0.07567 -0.20073 0.27659
0.03617 -0.17704 -0.39907
0.04087 0.09657 0.76515
0.01777 -0.14143 0.50522
0.14603 -0.06850 -0.52158
-0.06307 -0.07532 -0.56925
-0.25659 -0.09687 0.06145
-0.26817 -0.10678 0.23530
0.43840 0.15370 -0.12361
-0.04462 -0.13454 0.55546
-0.35913 0.12709 0.62804
-0.11995 -0.20073 0.24630
-0.19424 0.04255 -0.72621
0.36278 0.20140 0.64713
0.13221 -0.15076 0.47675
0.20214 -0.20038 0.21905
-0.02303 0.15422 0.80465
0.40660 0.21830 0.57435
-0.29731 -0.09149 0.32691
0.42759 0.06632 0.35425
-0.21994 0.21021 0.74544
0.03355 -0.13733 -0.39907
-0.15846 -0.20073 0.03087
-0.43998 0.17557 -0.21359
0.19264 -0.20073 0.44917
0.08079 -0.14623 0.34336
-0.13429 -0.20073 0.14918
-0.44556 0.11108 0.25589
0.44331 0.10301 0.36326
-0.47076 0.19620 0.29024
0.12988 -0.20073 0.03753
0.45824 0.13313 0.31502
-0.32630 0.24309 -0.71070
0.36661 -0.01666 0.06743
0.41785 0.18799 -0.36626
0.09332 0.11318 0.78277
0.04752 -0.20073 0.02418
-0.34764 -0.05013 0.32644
-0.21117 0.07908 0.72360
0.07028 -0.14623 -0.03846
-0.17417 -0.06965 -0.47936
0.03495 -0.08893 0.61517
0.38934 0.01137 0.21670
-0.34926 0.11928 -0.55453
-0.33396 0.05388 -0.47726
0.09569 -0.20073 -0.11588
-0.39735 0.01812 0.30775
0.09857 -0.20073 -0.22675
0.05546 0.01751 0.72061
0.02857 -0.02153 -0.68878
0.30188 0.10136 -0.61988
0.16497 -0.20073 -0.37811
0.20214 -0.19142 -0.29056
0.17108 0.08429 -0.79988
-0.44308 0.15962 -0.07460
0.24020 -0.03221 0.60165
-0.46107 0.19225 0.00478
0.18517 -0.13811 0.33500
-0.27937 -0.08104 0.50652
0.04400 -0.20073 -0.20453
-0.09699 -0.14623 0.04725
-0.20915 0.02808 -0.68197
0.08947 -0.10069 0.61060
0.07336 -0.11656 -0.34272
0.28205 -0.09253 0.09984
0.36434 0.13237 -0.51217
-0.22587 -0.12302 0.35205
0.21102 -0.04314 0.63145
0.14142 -0.14623 0.39701
-0.07138 -0.20073 -0.10662
-0.13676 -0.02764 -0.65075
-0.09029 0.01373 0.73102
0.33555 0.24738 -0.70000
0.15541 -0.12749 -0.11296
-0.32481 0.12278 -0.62498
0.38792 -0.00617 0.37788
0.28897 -0.00782 -0.44038
-0.44018 0.12621 0.47499
-0.39851 0.09402 -0.26875
-0.45567 0.14379 0.19275
0.02301 0.21117 -0.94057
-0.35642 0.20940 0.65553
-0.38065 0.22564 -0.55304
-0.44525 0.20774 -0.18312
-0.29659 0.21464 0.69552
0.31367 0.16364 0.68716
0.42772 0.11021 -0.12958
0.45656 0.20639 0.47989
0.03253 -0.20073 0.19708
0.31615 -0.07103 0.15572
-0.43837 0.20994 -0.30495
-0.17243 -0.14757 0.22703
0.11724 -0.20073 0.08739
-0.19618 -0.18006 -0.04174
-0.18454 -0.13710 0.28743
-0.25077 0.13905 0.71022
0.29129 0.11503 -0.68772
-0.46309 0.13294 0.33205
0.44239 0.13641 -0.02140
0.20214 -0.16892 -0.11977
-0.44544 0.13966 0.02280
-0.03857 -0.08771 -0.50023
-0.06569 -0.14493 0.52311
0.20393 -0.06893 -0.38928
0.37702 0.05869 -0.32736
0.00063 -0.19670 -0.39907
-0.40260 0.08275 0.52425
-0.40381 0.03066 0.09542
0.29704 0.04704 -0.56535
-0.25028 -0.03960 0.60577
-0.01575 -0.14623 -0.04851
0.20885 -0.10799 0.53308
-0.46389 0.21912 0.46408
-0.06665 -0.14369 -0.20684
0.26339 -0.11423 0.35765
-0.22633 -0.10138 0.52788
0.27096 0.04720 0.66827
-0.09600 -0.14623 0.20565
-0.21649 -0.12157 -0.01755
0.10895 -0.14623 0.13692
-0.31418 -0.04967 -0.13421
0.31433 -0.07260 0.37544
-0.17412 -0.08910 0.56717
0.16357 -0.15189 0.30091
0.15209 0.02438 -0.71158
-0.05660 0.06040 -0.81061
0.03339 -0.14623 0.16464
0.41615 0.06154 0.10511
-0.33444 -0.00632 -0.28375
-0.12803 -0.13171 -0.14058
-0.02101 -0.20073 0.16142
-0.42112 0.07288 0.02051
-0.02589 -0.14485 -0.15214
0.46881 0.20540 0.07176
-0.05749 -0.20073 0.04153
-0.04671 -0.20073 0.46857
-0.11356 -0.14356 -0.01959
0.33558 0.17442 0.65045
0.40079 0.11963 0.53909
0.06964 -0.05645 -0.61748
-0.46219 0.22474 -0.01780
0.20068 -0.20073 0.35214
0.25091 0.11752 -0.75440
-0.39760 0.02088 0.39705
-0.47093 0.20686 0.11664
0.37357 0.07394 0.57179
-0.06207 0.12263 0.79249
0.14233 -0.19475 -0.39907
0.02013 -0.10527 0.59059
-0.18457 -0.13458 0.19017
-0.01405 -0.14623 0.07454
0.39366 0.17587 -0.48366
0.33484 0.09113 0.61440
-0.33651 0.20345 -0.65292
-0.14250 -0.14623 0.30135
-0.10505 -0.14623 0.12296
-0.12598 -0.20073 -0.06720
-0.40579 0.07868 -0.19613
0.48758 0.24367 0.32331
0.17409 -0.07240 0.59590
-0.28301 0.15594 -0.74344
-0.15729 -0.13977 -0.06090
0.45528 0.11722 0.27327
-0.39070 0.17185 -0.48722
-0.10431 0.19828 -0.91338
-0.15956 -0.11933 0.51672
0.37743 0.04666 -0.29244
0.31356 -0.07090 0.28639
0.24911 0.21637 -0.81459
-0.29394 -0.01416 0.57032
0.09354 -0.08463 -0.52107
0.12662 -0.15276 0.04192
0.18425 0.12387 0.75849
0.28295 -0.09085 0.27286
-0.29277 -0.07294 0.02748
0.01002 -0.20073 -0.07299
-0.19618 -0.14577 -0.29413
0.02049 -0.14623 -0.10344
-0.24432 0.00586 0.65483
0.08179 -0.14623 0.01782
0.19703 -0.12994 0.16152
-0.34048 0.03921 -0.42666
-0.19711 -0.13935 0.45429
0.35134 -0.00445 -0.13033
-0.09486 -0.07934 -0.50325
-0.24760 -0.09506 -0.14673
-0.43300 0.07133 0.39764
0.27068 -0.08946 0.07226
0.05741 -0.14623 0.42319
0.12686 -0.14623 0.26402
-0.38519 0.07780 -0.29955
-0.22878 0.19392 -0.82216
0.04018 -0.14623 0.01164
0.20214 -0.14119 -0.27119
-0.42599 0.09848 -0.07490
0.22455 -0.11561 -0.06592
0.14716 -0.04145 -0.60278
-0.10835 -0.14060 0.52237
0.07577 -0.08640 -0.48769
-0.20809 -0.11854 0.01976
-0.18869 -0.20073 -0.35893
-0.19618 -0.09383 -0.37339
0.03790 -0.05436 0.65931
0.37887 0.02603 -0.17438
-0.43257 0.08014 0.29014
-0.39670 0.04110 -0.09886
-0.43565 0.11160 0.43757
0.20214 -0.14181 -0.19409
0.33091 -0.04449 0.07908
0.00491 -0.14623 0.25925
-0.27547 -0.09483 0.47063
0.10622 -0.20073 -0.31169
0.07723 -0.14295 -0.10651
-0.36506 0.24738 -0.62666
0.34539 -0.02797 -0.08199
0.33499 0.11420 -0.58551
-0.00820 -0.20073 -0.28531
0.43951 0.09696 0.12610
-0.02697 0.11168 -0.88978
-0.44855 0.12441 0.40163
0.17738 -0.20073 -0.05755
-0.31195 0.21437 -0.73742
-0.11135 -0.14623 0.41572
0.19630 -0.09924 -0.28708
-0.01378 -0.14200 -0.26968
-0.15883 -0.12523 -0.19735
-0.37668 -0.00917 0.38093
0.47970 0.21121 0.29595
0.20931 -0.04567 -0.46784
-0.25323 -0.05585 -0.31773
0.27295 -0.05509 -0.25890
-0.22817 0.15963 -0.79969
-0.30764 -0.06408 -0.03563
-0.18309 -0.06419 -0.44828
0.24357 -0.11390 0.28334
0.44527 0.14070 -0.06311
0.39621 0.03883 -0.09727
0.20702 -0.03022 -0.56404
-0.20475 0.05187 0.69530
0.20246 -0.06302 -0.41617
0.15897 -0.20073 0.17965
0.05284 -0.20073 0.40230
-0.15357 -0.03588 -0.58210
0.00866 -0.20073 0.33546
-0.45254 0.13589 0.07058
0.40068 0.04860 -0.03041
-0.30804 -0.03380 -0.28580
0.17187 -0.20073 0.41220
0.09194 -0.14576 0.47173
-0.15931 -0.15043 0.19341
-0.11468 -0.13707 -0.10331
0.37556 0.07750 -0.38206
0.06516 -0.07575 -0.56739
0.20479 -0.12810 0.01257
-0.29745 0.16612 0.68259
0.23069 -0.08643 -0.21823
-0.40555 0.07905 -0.13652
-0.08316 -0.15092 -0.09745
-0.36277 0.10333 -0.48266
-0.14430 -0.07630 -0.49850
0.40249 0.03206 0.16730
0.05645 -0.12720 -0.28944
0.46337 0.16203 0.15220
-0.30341 -0.06202 -0.10081
0.33441 0.02224 0.58188
0.33569 -0.04808 0.21613
0.41953 0.11412 -0.17673
-0.43175 0.16688 -0.27209
0.11815 0.01277 0.70360
-0.15740 0.19851 -0.88690
0.33701 0.06676 -0.49410
0.31577 -0.03332 -0.19617
-0.06943 -0.17218 0.49715
-0.47752 0.22335 0.31694
-0.03831 -0.14623 0.14609
0.12802 -0.13065 -0.39907
-0.00461 -0.04799 -0.65297
0.08965 -0.17953 0.49715
-0.05003 -0.14623 0.36425
0.13910 -0.20073 -0.12764
-0.40474 0.21972 -0.48898
-0.17921 -0.20073 0.35027
0.17400 -0.08522 -0.36993
0.18610 0.04036 0.69923
-0.44255 0.17684 -0.13021
-0.25477 -0.10200 0.13715
-0.22366 -0.12452 0.39235
-0.21656 -0.00226 -0.60911
-0.37099 0.00992 -0.03395
0.34294 0.21275 -0.64720
-0.10118 -0.08225 0.61231
0.35553 -0.00194 -0.18151
-0.17045 0.24385 -0.90700
-0.17548 -0.19815 0.49715
0.25953 -0.10073 0.16047
-0.16962 -0.13174 0.47572
-0.19618 -0.17021 0.42728
-0.38508 0.04021 0.49330
-0.09082 0.01342 -0.75252
-0.19618 -0.12053 -0.25973
-0.23606 -0.05407 0.57448
0.23936 0.17166 0.72516
0.08644 0.07461 -0.81700
0.41882 0.15170 -0.30453
-0.47398 0.24738 0.06056
-0.37192 0.13987 0.59657
-0.34007 -0.03662 -0.03209
-0.24391 0.07670 0.70321
0.27308 -0.10295 0.20622
0.42266 0.08399 0.47477
0.36178 -0.02979 0.14397
0.45216 0.21259 -0.18202
0.03950 -0.20073 0.23240
-0.32497 0.14674 -0.65184
-0.33263 0.15882 0.66676
-0.32885 -0.02124 -0.24855
0.16925 -0.15168 0.37206
0.41801 0.04425 0.32495
0.32949 -0.03901 -0.01366
-0.44933 0.13051 0.13749
0.26598 -0.08400 0.48696
-0.06145 -0.20073 0.30155
0.19212 0.22371 -0.87836
0.25286 -0.05784 0.55446
0.47376 0.23247 0.14208
-0.25583 0.10803 0.69335
-0.01917 0.22692 -0.96857
0.41050 0.05449 0.06682
-0.35471 -0.02719 0.02573
-0.03644 0.07614 0.75627
-0.43067 0.14660 -0.18462
-0.26552 0.09931 -0.70822
0.18119 -0.13583 -0.01550
0.35503 -0.04345 0.30762
0.19972 0.02508 -0.66418
0.39918 0.02249 0.40101
0.31746 -0.00948 -0.30939
-0.19447 -0.14407 0.38141
-0.32741 -0.06365 0.21514
0.46443 0.15675 0.40370
-0.47948 0.24250 0.24332
-0.18791 0.23459 0.78339
-0.00593 -0.11307 -0.44287
-0.10748 -0.03483 0.68821
0.06200 -0.20073 -0.26986
-0.27055 -0.02693 -0.43400
0.36819 0.17644 -0.56676
-0.16344 0.16735 0.76128
0.24486 -0.08495 -0.17692
-0.28490 0.22164 -0.76904
-0.05957 -0.11864 -0.34124
0.45024 0.12426 0.20361
-0.19618 -0.17458 0.21542
-0.09142 -0.07552 -0.55232
0.35683 0.01288 0.53576
-0.17595 -0.20073 0.18304
-0.00435 -0.12913 -0.39907
-0.29753 0.14361 -0.68849
0.44310 0.20243 0.51612
-0.18398 -0.08710 -0.33561
-0.03463 -0.06060 0.67386
-0.32526 0.20891 -0.70455
0.23126 0.06881 -0.69544
0.12717 -0.04994 -0.56745
0.19224 -0.10481 -0.20923
0.17054 0.20992 0.78582
0.36287 0.01783 -0.24600
-0.16349 0.03129 -0.73740
-0.12188 -0.12384 -0.21883
-0.40167 0.16561 -0.43745
-0.31613 -0.06874 0.12771
0.35359 0.09946 -0.50668
0.04901 -0.11371 -0.38132
0.37966 0.10839 -0.43669
-0.22495 -0.13103 0.31746
-0.26111 0.00283 -0.53710
-0.42732 0.07602 0.20271
-0.12821 -0.20073 0.39934
0.20214 -0.16720 0.35890
-0.01115 0.11838 0.79472
-0.22184 -0.09088 -0.21285
-0.46591 0.20307 0.04197
0.19907 -0.13130 0.22240
0.38507 0.02586 0.49711
0.19345 -0.12774 0.46261
-0.10759 -0.15251 -0.39907
0.22153 0.13766 0.72761
-0.34176 -0.01414 -0.14203
0.10434 -0.20073 0.01314
0.39841 0.00761 0.33367
0.12044 0.02932 -0.76498
0.42583 0.06767 0.24315
0.36804 -0.01496 0.18972
-0.00820 0.00861 -0.76289
0.20016 0.12381 -0.80082
-0.17213 -0.14348 0.09911
0.10872 -0.08318 0.63329
0.11968 -0.07069 -0.54278
-0.44016 0.09531 0.16794
-0.19231 -0.09860 0.53716
-0.35958 -0.02821 0.26148
-0.23636 -0.12417 0.44135
-0.17192 0.08911 -0.78407
0.33739 0.23777 0.66646
-0.11115 -0.20073 -0.16593
0.02288 0.06926 -0.82557
0.15638 0.16489 -0.86718
-0.15857 -0.14399 0.26725
-0.13815 -0.20073 -0.27660
0.05661 -0.04676 0.68612
0.31728 -0.02812 0.52118
0.07102 0.24738 -0.96631
-0.13138 0.11005 -0.83564
-0.17669 -0.20073 0.06404
0.34576 -0.03753 0.42640
-0.03572 -0.14623 0.47075
0.23799 -0.12676 0.37536
-0.33594 -0.01047 0.51426
0.14880 -0.20073 -0.27249
-0.02708 -0.20073 -0.36353
0.47554 0.20358 0.22249
-0.02667 -0.14623 0.17736
0.11762 -0.14150 -0.04203
-0.38915 0.09911 -0.33819
-0.26043 -0.10115 0.44015
-0.45125 0.19888 -0.14738
-0.42929 0.10189 0.02541
-0.09738 0.24738 0.80312
0.44796 0.13137 0.09215
-0.43226 0.12585 -0.08774
0.04121 -0.20073 -0.16089
0.00450 -0.20073 -0.18102
0.01366 -0.07304 -0.56079
-0.47960 0.22307 0.37921
-0.05918 -0.20073 0.14497
0.34469 0.14763 0.63325
0.28829 0.02129 -0.49498
0.04668 0.06416 0.76835
-0.41972 0.08756 0.45897
0.02593 -0.08360 -0.52009
0.20255 -0.11080 -0.12983
-0.43164 0.22975 0.53036
0.07045 0.00618 -0.72543
0.00362 -0.20073 0.46325
0.13624 -0.20073 0.46468
-0.26913 0.07970 -0.65248
-0.21670 -0.09875 -0.17362
0.06445 -0.12288 0.54845
-0.19618 -0.13808 -0.12786
0.38917 0.07289 0.54262
-0.04575 0.13218 -0.90814
-0.14581 -0.15139 0.12000
-0.03195 0.03290 -0.80071
0.12893 0.01517 -0.73538
-0.26597 -0.08927 0.02765
-0.10363 -0.06543 0.65507
-0.10230 0.10347 0.77667
0.11728 -0.20073 -0.19314
-0.05588 0.19735 0.79427
-0.00036 0.13591 -0.91434
0.38009 0.07193 -0.34720
0.28156 0.21588 -0.79029
-0.21869 0.01663 0.68101
-0.10495 0.09705 -0.85408
-0.03664 0.10291 0.78622
-0.33147 0.04513 0.60848
-0.05382 -0.14541 -0.11045
0.31572 0.01989 -0.41460
-0.18831 -0.11260 -0.22256
0.38237 0.12755 0.57669
0.17646 -0.16092 0.49715
0.33137 0.05535 -0.46419
0.27258 -0.03671 -0.39257
0.22353 -0.12340 0.31068
-0.00394 -0.14623 0.22801
0.10756 -0.20073 0.27050
0.23492 -0.07951 -0.30744
0.30259 -0.07222 0.00454
0.28090 0.15410 0.71120
-0.37903 0.13573 -0.48960
0.45831 0.22023 -0.12980
0.20944 0.01278 -0.62677
0.46223 0.18416 0.12638
-0.01761 -0.14644 -0.22640
0.25075 -0.11311 0.46202
0.18074 -0.20073 0.32675
0.14780 -0.20073 -0.35062
-0.10990 -0.02900 -0.66859
0.02351 -0.20073 -0.27935
0.10181 0.15817 0.77771
-0.06027 0.03193 -0.77217
-0.26157 0.03009 0.64254
0.04500 -0.15726 0.49715
-0.10833 -0.03298 -0.63163
-0.42239 0.04511 0.38236
-0.06779 0.15490 -0.89956
-0.20143 -0.13111 0.25288
-0.35916 0.06979 -0.42662
-0.05643 -0.20073 -0.17892
-0.15294 0.21852 -0.92051
-0.39266 0.14656 0.56983
-0.34853 0.13517 -0.58237
0.36707 0.00055 0.49561
-0.43839 0.08201 0.26729
0.43889 0.10960 0.01984
-0.46102 0.19738 0.42413
-0.19967 0.10879 0.72632
0.38442 0.07559 -0.30154
0.42401 0.08761 0.03666
0.32261 0.06705 0.63210
0.28516 0.00836 -0.46764
0.10847 -0.12554 -0.23214
-0.36732 0.20174 -0.56938
-0.07845 -0.01177 -0.69212
0.23932 -0.10985 -0.03279
-0.18212 -0.13878 0.42174
0.43595 0.21784 -0.30322
-0.36612 -0.01539 0.46546
-0.36232 -0.02416 0.09728
0.12338 -0.13274 0.53579
-0.04307 0.04264 0.74056
0.37648 0.21387 -0.55602
-0.34793 0.10260 0.60588
-0.37000 0.17203 0.60991
-0.26991 -0.07311 -0.16029
-0.19229 0.23076 -0.88215
0.32741 0.21392 -0.70552
-0.29484 0.00699 -0.46528
-0.09195 -0.06491 -0.58206
-0.07857 -0.11241 -0.36414
0.43677 0.20657 -0.27306
-0.22894 -0.03039 -0.48549
0.02775 -0.14072 -0.19483
0.31663 -0.06440 0.42676
0.20214 -0.16815 0.14070
-0.16551 -0.15197 0.34274
-0.20224 -0.12462 0.09674
0.20214 -0.17426 -0.32014
0.16658 0.01094 -0.69637
-0.46073 0.22892 -0.11602
0.10067 0.01148 -0.72235
-0.25823 0.23900 0.74665
-0.44849 0.15827 0.47330
0.07385 -0.20073 -0.39452
-0.42081 0.07705 0.07278
-0.45195 0.19582 -0.06759
0.28339 -0.05320 -0.22655
0.17004 -0.09117 -0.34324
-0.35418 0.17784 -0.58464
-0.41304 0.12159 -0.26673
0.28153 -0.03847 -0.31542
0.27349 0.11341 -0.71641
-0.44694 0.20593 -0.21540
-0.01025 -0.20073 0.25900
-0.23304 0.11009 -0.76667
-0.24857 -0.08517 0.50875
-0.46623 0.24738 0.45558
0.20214 -0.15275 0.08120
-0.11027 0.23925 -0.93580
-0.39556 0.22755 0.59214
0.17542 0.06924 -0.75821
0.25572 -0.11853 0.40218
-0.16197 -0.10760 -0.31339
0.29284 -0.00816 0.57880
-0.01856 -0.14623 0.39536
0.14944 0.09091 -0.82370
0.48128 0.21638 0.33662
0.25051 -0.09958 -0.08458
-0.04074 -0.12630 -0.39907
0.44574 0.14147 0.44610
0.25258 0.24738 0.74076
0.08831 0.11112 -0.87563
0.28579 0.05451 0.64210
-0.07851 -0.20073 -0.25915
0.29753 -0.09179 0.32676
0.43514 0.09050 0.21399
0.08593 -0.20073 -0.08653
0.46789 0.23667 -0.05333
-0.03938 -0.19162 0.49715
-0.09195 -0.20073 0.16261
0.25054 -0.11173 0.32380
-0.47123 0.17335 0.31098
-0.14550 0.13573 -0.85504
-0.18961 0.14008 -0.82578
-0.21636 -0.07642 -0.32530
-0.27524 -0.01961 0.60534
0.35393 -0.03346 0.25046
-0.44518 0.10718 0.29839
-0.46184 0.15777 0.27492
0.28500 0.09330 -0.66690
0.36401 -0.03641 0.37637
-0.38042 0.00832 0.00617
0.31179 -0.06656 0.03331
-0.14722 -0.08898 0.58204
-0.44763 0.24566 -0.25423
0.44390 0.17853 -0.18529
-0.40862 0.13115 -0.32757
-0.22759 -0.11662 0.16045
0.06623 0.13232 -0.90493
-0.06495 -0.20073 0.10411
0.03090 -0.13254 0.53132
0.31386 0.05839 -0.54283
0.16228 -0.06810 -0.47123
-0.22602 -0.05889 -0.41484
-0.12280 0.01452 -0.73735
0.12277 -0.11308 -0.30244
-0.11499 -0.14348 0.47159
-0.00281 0.01422 0.74137
0.23471 -0.10990 0.06112
-0.12053 -0.12644 -0.26686
-0.39074 0.00437 0.21722
0.45352 0.18251 -0.01372
-0.28459 0.03626 -0.54349
-0.47040 0.17804 0.25216
-0.18257 0.03009 -0.69261
0.41278 0.07534 -0.03814
0.47262 0.17460 0.33557
-0.17748 -0.20073 0.29114
-0.22217 -0.11151 -0.11560
0.27050 0.12901 0.69382
0.05462 -0.20073 0.17013
-0.08222 -0.14623 -0.02853
0.04578 -0.13401 -0.24493
0.00149 -0.14623 0.33880
0.37650 0.15149 0.61425
-0.15487 -0.05928 0.64305
-0.35342 0.03577 -0.33002
-0.09414 -0.14623 0.24356
0.39186 0.05680 -0.17437
0.03281 -0.14623 0.19801
-0.16316 -0.07946 0.61463
0.16292 -0.11323 -0.22090
0.05706 0.12018 0.77431
-0.02069 0.16197 -0.93004
-0.41094 0.03984 0.23690
-0.09137 -0.09221 -0.44879
-0.09167 -0.12692 0.53203
-0.17137 0.17993 -0.86699
-0.40764 0.03075 0.16007
-0.27951 0.03378 -0.57632
-0.25132 0.03597 -0.61310
-0.39160 -0.00094 0.33993
0.40167 0.03413 0.12481
0.39398 0.12116 -0.40806
0.43034 0.15749 -0.22337
-0.38054 0.09617 -0.37295
0.32619 0.16248 -0.66401
-0.46003 0.19848 -0.03200
-0.31508 -0.07685 0.25856
-0.10633 -0.20073 0.01268
-0.19189 -0.12964 -0.04214
0.29975 -0.08697 0.43765
0.35557 0.02750 -0.28770
0.02461 -0.20073 0.48454
0.12214 -0.20073 -0.01085
0.17248 -0.20073 0.07431
-0.17360 -0.20073 -0.16408
0.05764 -0.10340 -0.46575
0.42055 0.18422 0.53462
0.02165 -0.20073 0.11109
0.25308 -0.00959 -0.52434
0.12172 -0.13576 -0.10502
0.14788 -0.14111 0.50011
-0.19618 -0.12564 -0.16690
0.46089 0.14549 0.17670
0.17347 -0.20073 0.15378
-0.31568 -0.07235 0.18165
-0.42920 0.07477 0.13656
-0.38479 0.05786 -0.23578
-0.30985 0.06576 -0.53952
0.05090 -0.14623 0.22486
-0.45716 0.14937 0.09941
-0.36983 0.05535 0.53948
0.14321 -0.12100 -0.26708
-0.18557 0.10291 -0.80881
-0.08129 0.15768 0.78116
-0.15881 0.03727 0.70790
0.02644 0.11481 -0.87373
0.36221 0.13408 -0.54384
-0.19407 -0.20073 -0.30731
-0.14649 -0.00327 0.68154
-0.17915 0.14693 -0.85801
0.41873 0.24203 0.56195
-0.18191 -0.20073 -0.13136
0.47119 0.23526 0.07949
-0.19618 -0.14804 -0.20648
0.15261 0.07259 0.74775
0.10360 -0.10115 -0.39652
0.39733 0.16070 -0.45233
-0.35679 0.22246 -0.63970
0.17645 -0.20073 0.12410
0.15440 -0.07829 -0.44326
0.25802 -0.10341 0.03784
0.20012 -0.06700 0.60821
0.28699 -0.07343 -0.12643
-0.03470 -0.08437 -0.55138
0.05328 -0.20073 0.46350
-0.47750 0.21694 0.21531
0.23731 -0.05054 0.57908
0.40256 0.04782 -0.00127
0.41084 0.11995 -0.32080
0.20088 -0.09147 0.57165
-0.10905 0.05997 -0.81205
-0.20134 0.00954 -0.65393
0.41459 0.07737 -0.09937
-0.46886 0.20367 0.19070
0.05712 -0.10235 -0.43233
0.15928 0.12997 0.77217
0.05470 -0.14623 0.06806
-0.20280 0.19591 0.76810
0.38191 -0.00709 0.42732
-0.45414 0.24380 -0.17933
0.06942 -0.14623 0.13618
-0.35400 -0.02937 0.17561
0.25322 0.19418 0.73973
-0.17194 -0.10275 -0.27046
-0.18168 -0.13699 0.01161
-0.06555 -0.20073 0.44216
0.31200 -0.06022 0.45743
-0.38110 -0.01177 0.27170
-0.30038 0.16926 -0.70336
-0.06941 0.07033 0.74953
-0.47827 0.23833 0.12490
0.22375 0.16540 -0.82831
-0.14596 -0.20073 -0.19788
-0.21747 0.15161 -0.82529
-0.11788 -0.18993 0.49715
-0.40593 0.07460 -0.10799
0.02853 -0.20073 0.00099
0.25768 0.02046 -0.59115
-0.34959 -0.04565 0.42085
-0.35348 -0.01142 -0.04233
0.28595 -0.08310 -0.02711
0.01500 -0.14623 0.02563
-0.42497 0.06898 0.43758
-0.39016 0.00341 0.42028
0.31117 0.00608 -0.38480
0.38325 0.22920 0.61125
-0.19778 -0.03997 -0.51069
0.16111 -0.12853 -0.39907
-0.30839 0.09940 -0.60096
-0.26064 -0.05167 -0.35762
-0.05666 -0.09862 -0.44828
0.08769 -0.13979 -0.21840
-0.28122 -0.07677 -0.03376
-0.00714 -0.01207 -0.70663
0.16547 -0.02901 0.65238
0.39053 0.01843 0.46764
-0.19618 -0.16756 0.36513
0.10813 0.20684 0.78702
-0.27826 -0.09119 0.21352
0.04309 -0.14623 -0.04738
0.26309 0.15760 -0.77457
-0.30720 -0.08503 0.40927
-0.36018 0.05776 -0.36586
-0.12917 -0.20073 -0.12939
-0.21299 0.00529 0.65550
-0.17652 -0.15308 0.49715
0.12012 -0.05015 0.66784
0.04606 0.19110 0.81114
-0.39074 0.02606 0.06118
0.24085 0.10140 -0.72578
0.19386 0.23936 0.76456
0.24363 -0.04888 -0.41661
0.39481 0.07986 0.51573
-0.38676 0.00339 0.15496
0.28073 0.20494 -0.76416
-0.06544 -0.14623 0.42710
-0.39805 0.11992 -0.38420
0.25498 -0.05281 -0.32882
-0.15736 -0.20073 -0.32699
0.01042 -0.09952 0.62434
-0.01081 -0.20073 0.18776
0.39301 0.04106 -0.06930
-0.32626 -0.05953 0.45784
-0.14212 -0.14785 0.48005
-0.04382 0.22357 0.81817
-0.41593 0.04150 0.34198
0.03371 0.18957 -0.92595
0.12471 0.21449 -0.93426
0.14230 -0.11305 0.54270
0.30809 -0.04954 -0.10458
-0.18990 -0.16064 -0.39907
-0.10346 -0.14115 -0.07781
0.39437 0.00513 0.27205
0.39557 0.06966 -0.19903
-0.35401 -0.00617 -0.08271
0.18681 -0.12816 0.03485
-0.13220 0.02931 0.71174
0.04397 -0.00593 -0.71239
0.12168 -0.20073 0.34477
-0.36928 0.02709 -0.25030
0.40189 0.08591 -0.26584
-0.04065 -0.14623 0.23722
-0.20568 -0.08793 -0.28066
-0.28551 -0.04390 -0.31620
0.28240 -0.08124 0.04824
0.14916 -0.08260 0.61791
0.40958 0.10789 -0.24288
-0.28842 -0.09787 0.35690
0.20214 -0.15500 0.29626
0.03824 0.12372 -0.90089
0.29671 0.24523 0.72153
-0.43734 0.09824 0.09013
-0.42198 0.24178 -0.41596
-0.14984 -0.20073 0.17330
0.20604 -0.13211 0.37166
0.47549 0.22976 0.19446
0.06417 -0.06416 0.66578
0.07847 0.17124 0.80223
0.31178 0.19144 -0.70068
-0.29607 0.06209 0.65557
-0.41874 0.04641 0.18732
-0.32981 -0.05795 0.34868
-0.02603 0.15135 -0.90433
0.05499 -0.20073 0.43087
-0.10300 0.03864 -0.76829
-0.04206 -0.06099 -0.61431
-0.18954 0.17115 0.75089
0.37258 -0.00653 0.04191
0.21575 -0.00948 0.66206
-0.47873 0.22825 0.18262
-0.18573 -0.20073 0.02620
-0.12376 0.10203 0.75183
0.00143 0.07266 -0.84924
-0.16817 0.21486 0.78767
-0.08496 -0.13664 -0.39907
0.00013 -0.06955 0.66601
0.23103 0.11250 -0.77291
0.26101 0.01248 0.62820
0.22711 -0.11934 0.22407
-0.45476 0.12712 0.16872
0.14564 0.14180 -0.87775
0.30464 0.10717 -0.64668
0.05217 -0.15390 -0.10989
0.06795 0.03802 -0.80233
-0.45629 0.17311 0.07607
0.17245 -0.15131 0.41037
0.27887 0.24108 -0.81208
-0.06509 -0.20073 0.35895
0.20214 -0.14987 0.18406
0.18381 -0.13675 0.25413
-0.45590 0.16682 0.01363
0.36099 0.21947 -0.62769
-0.28023 0.09715 0.68722
0.29047 -0.07522 -0.08039
-0.17158 -0.12413 -0.09402
-0.16486 -0.20073 0.09697
-0.34282 -0.03077 -0.07703
0.43973 0.24521 -0.35980
-0.27217 -0.08868 0.08235
-0.01805 -0.13292 0.56179
-0.24715 -0.01373 -0.49731
-0.14306 -0.08796 -0.45288
-0.37503 0.00283 0.09165
-0.24472 -0.11493 0.37009
0.26484 -0.02053 -0.43885
0.20214 -0.16844 -0.27284
0.04869 -0.02913 -0.66873
-0.06482 0.02146 0.74112
0.33244 0.09086 -0.55183
0.21337 -0.11739 0.50789
-0.05198 0.05483 0.76361
0.12765 0.04434 0.72436
-0.19618 -0.14929 -0.32532
0.35324 -0.02628 -0.01002
-0.14133 -0.14623 0.35776
0.33096 0.21136 0.66583
0.17172 -0.14418 0.46830
-0.09699 0.13974 -0.88070
-0.03509 -0.20073 0.31338
-0.43210 0.14039 -0.15295
-0.14883 -0.12437 -0.15630
0.16084 -0.20073 0.45337
-0.31839 0.01943 0.57682
-0.19732 0.00596 -0.62745
-0.42383 0.10528 -0.13942
-0.02024 0.09315 -0.85143
0.21926 -0.10744 -0.16425
-0.15710 -0.20073 -0.37710
0.34155 0.16467 -0.60682
-0.43059 0.19066 -0.28784
-0.40500 0.18038 -0.41520
0.38322 0.15713 -0.49992
0.34288 0.03667 -0.37835
0.05491 -0.20073 0.25763
0.08289 0.20153 -0.94192
0.07034 -0.03574 -0.64418
-0.25180 -0.06785 -0.26523
0.43873 0.10167 0.40493
0.00116 -0.14203 -0.19853
-0.40313 0.04989 0.00246
-0.05286 -0.20073 0.23009
-0.21919 0.17604 -0.83977
0.46338 0.22095 0.00326
0.40752 0.12326 -0.34923
0.22461 -0.12407 0.10089
0.05928 -0.12273 -0.31573
-0.27536 0.09200 -0.68187
0.48123 0.22255 0.26424
0.11028 0.12735 0.76764
-0.27510 -0.05106 0.53810
0.09761 0.24636 -0.96350
0.34535 0.02091 -0.34706
0.41344 0.20510 -0.43824
0.15763 -0.01510 -0.65503
-0.19618 -0.14526 0.03061
-0.00249 0.17061 0.80946
-0.19618 -0.11912 -0.29216
-0.29551 -0.08315 0.29301
0.07884 0.01333 0.73283
0.10900 0.09168 -0.84705
0.31170 -0.08064 0.26124
0.41979 0.23845 -0.42592
-0.42635 0.12041 -0.19151
0.44531 0.18528 -0.12912
-0.15970 -0.20073 0.42480
0.43887 0.14729 0.47165
0.19409 -0.16882 -0.39907
0.03919 -0.14623 0.29961
0.01898 -0.04651 -0.62860
-0.19618 -0.11013 -0.39438
0.20214 -0.17655 0.45943
-0.05084 -0.14366 -0.13720
0.20873 -0.07285 -0.36349
-0.16539 -0.09423 -0.38175
-0.23537 0.05856 -0.67565
0.14766 0.06354 -0.77437
0.02147 -0.14623 0.23550
0.45494 0.20500 -0.06526
0.13287 -0.14623 0.32239
-0.46028 0.17466 0.14486
-0.07851 -0.20073 0.28135
-0.01176 -0.14623 0.31352
-0.35720 -0.04225 0.35305
-0.10657 -0.05324 -0.60398
0.17481 -0.20073 0.30105
0.16058 -0.05690 -0.54026
0.29694 0.16184 -0.72585
0.41759 0.05601 0.17872
-0.14198 -0.13924 0.00459
-0.30478 -0.02325 -0.34182
0.46377 0.15126 0.21438
-0.05393 -0.20073 -0.23038
0.14349 -0.14299 0.09183
-0.25435 -0.10098 -0.02841
-0.31057 0.11584 -0.64594
-0.40790 0.15893 -0.37310
0.00573 0.21985 -0.96415
0.31657 0.05551 -0.50608
0.42544 0.09425 -0.06601
0.11280 -0.07725 -0.49665
0.05108 -0.20073 0.05015
0.45811 0.20531 0.44973
0.16879 0.23850 -0.92360
0.27750 0.02167 -0.52233
0.41595 0.24645 -0.47722
-0.08798 -0.05128 0.67510
0.27754 -0.07630 -0.16327
0.14455 0.11464 -0.83344
0.21053 -0.02841 -0.53135
0.39395 0.10007 -0.35424
0.14210 0.20053 -0.91638
0.30193 0.13487 0.67157
0.33749 0.23345 -0.67802
-0.13812 -0.10568 -0.36972
0.35913 -0.03179 0.44797
0.34113 -0.02593 -0.14087
0.12813 -0.13295 -0.20232
-0.44827 0.16363 -0.01719
0.17624 0.01952 0.68726
0.04691 0.21583 0.79887
-0.23307 0.06250 0.68443
0.11725 -0.14623 0.16147
-0.34309 0.10071 -0.53755
0.17868 0.17408 -0.87663
-0.15578 0.17293 -0.89064
0.06335 0.02535 -0.76024
-0.08929 0.17612 -0.90546
0.01141 0.13737 0.80181
-0.38383 0.00900 0.46539
-0.25249 0.19436 0.72219
-0.02709 0.20485 -0.95451
0.11754 -0.13279 -0.15049
0.26959 -0.00136 0.60817
0.07237 -0.20073 -0.05320
0.20214 -0.19855 0.26491
-0.28130 -0.02687 -0.36954
0.44655 0.24182 -0.26201
0.41554 0.13296 0.52268
0.11504 -0.20073 0.13950
-0.06855 -0.11115 0.57341
-0.10899 0.00061 0.71621
-0.19618 -0.18515 -0.37802
0.02101 0.03010 0.73275
0.43470 0.24516 -0.38850
0.15818 0.23063 0.79476
0.33603 -0.01115 0.53930
0.32902 0.09083 0.63949
0.37624 0.21625 -0.58160
0.21791 0.11197 0.73651
-0.10102 -0.14623 0.32430
-0.37741 0.10155 -0.42704
0.39061 -0.00158 0.30271
-0.23304 -0.01099 -0.53335
-0.15322 -0.17601 -0.39907
0.08238 -0.15303 -0.07045
0.41979 0.06226 0.45168
-0.19618 -0.16180 0.27232
-0.12278 0.23021 0.80542
-0.39570 0.00712 0.28473
-0.05359 -0.13564 -0.29176
-0.22967 -0.07835 -0.27656
-0.08907 -0.20073 -0.36737
0.03931 -0.11940 -0.35242
-0.30663 0.13452 0.66718
-0.43865 0.12900 -0.02407
-0.41514 0.11396 -0.21389
0.24700 -0.06961 -0.27551
-0.19618 -0.13647 0.47961
0.34660 0.05715 -0.41829
-0.13146 -0.11936 0.53278
-0.28914 -0.06726 -0.07515
-0.19768 0.07271 -0.75995
-0.11904 0.21171 0.78492
0.46659 0.19042 0.09217
-0.31204 0.02384 0.61046
0.13386 -0.14419 0.06833
-0.45953 0.15259 0.12975
-0.18404 -0.20073 0.21718
-0.13206 -0.15219 0.05632
-0.14056 -0.10414 -0.32660
-0.06630 -0.14623 0.02476
0.18385 0.09149 -0.77733
-0.23539 -0.04157 -0.46363
-0.20113 -0.12283 0.04894
-0.19618 -0.17552 0.10989
0.20817 -0.08692 0.54715
0.09649 0.09907 0.75785
-0.42892 0.05680 0.32652
-0.35091 0.18469 0.65464
0.44872 0.17918 -0.06882
0.39065 0.00539 0.18679
-0.00093 -0.14103 0.54284
0.44245 0.10317 0.25139
0.13118 -0.16567 0.49715
0.37844 0.19937 0.62740
0.33423 -0.05406 0.37882
0.09456 -0.20073 0.48432
0.33570 -0.01389 -0.24885
-0.38860 0.12483 0.58505
0.38778 0.06123 -0.27464
0.15730 -0.10326 -0.30023
-0.23553 -0.12370 0.22482
0.16717 -0.10808 -0.25162
-0.42273 0.13781 0.50926
-0.14990 -0.19469 0.49715
0.19702 -0.20073 0.41518
0.28617 0.21940 0.70578
0.23417 0.01618 -0.62372
0.14948 -0.00386 0.69967
-0.26768 -0.07093 -0.18683
0.36106 0.07910 0.59295
-0.31684 0.02222 -0.41622
0.46832 0.16588 0.37935
-0.23426 -0.00350 0.63384
-0.14078 -0.06328 -0.54278
-0.19618 -0.12879 -0.09256
-0.00851 -0.14623 0.41832
-0.18664 -0.10099 -0.24727
0.10926 -0.08826 -0.44993
-0.25941 -0.11126 0.21229
0.35682 -0.00405 -0.15661
-0.06960 0.00093 0.72517
-0.06334 -0.14177 -0.23156
0.12692 0.17722 -0.91091
-0.04690 -0.14623 0.12260
0.20214 -0.19233 -0.37022
-0.17961 -0.03927 -0.57142
-0.28918 -0.08840 0.11259
0.26706 -0.08077 -0.18758
-0.13727 -0.05434 -0.57354
-0.29616 0.17796 0.70449
-0.41244 0.24738 0.57891
0.40129 0.03587 0.09585
-0.24230 0.24606 -0.84241
0.12900 -0.14486 -0.07584
0.36558 0.02275 -0.19935
-0.00497 -0.08812 0.64237
0.34166 0.00715 -0.30936
0.24965 0.11873 0.70268
-0.17808 -0.13577 0.16619
-0.05410 -0.14623 0.39109
0.40034 0.15155 0.58052
0.05152 0.14836 -0.91693
-0.14482 0.03586 0.73213
-0.08095 0.09534 -0.86090
-0.23662 0.19213 0.74892
-0.25172 -0.07266 0.55775
-0.37231 0.08352 0.55911
0.13674 0.17705 0.78969
-0.35065 0.00963 -0.22405
-0.19618 -0.13427 -0.23165
-0.12048 0.14598 0.76997
-0.44174 0.20843 0.49712
-0.34530 -0.00956 -0.20889
0.21697 -0.12542 0.27808
-0.01258 -0.04835 0.66726
0.36597 0.00253 -0.03301
-0.15384 -0.13944 0.07383
0.06000 -0.14623 0.39166
0.29534 -0.04114 -0.24712
0.02876 -0.20073 -0.38667
0.42740 0.06759 0.28538
-0.40446 0.21996 -0.46429
0.47393 0.18663 0.35706
-0.04850 -0.01904 -0.68972
-0.47530 0.24726 0.03326
-0.17782 0.09721 0.73030
-0.11136 -0.13532 0.50127
0.18236 0.00982 -0.67759
0.32061 -0.04347 -0.05352
0.20214 -0.16209 0.23366
-0.22242 -0.11437 0.46674
-0.03184 -0.20073 -0.24476
-0.23753 -0.11204 -0.00933
0.44925 0.14202 0.06307
0.08703 -0.07200 0.63093
-0.44492 0.17835 -0.10587
-0.35349 -0.01564 0.49797
0.18980 0.04667 -0.71622
-0.42958 0.09444 -0.00288
-0.34159 -0.03240 0.04570
-0.40624 0.07135 0.50293
0.18394 -0.03283 -0.55640
-0.43257 0.14954 -0.22681
-0.01712 0.19194 -0.92937
-0.13900 -0.02368 0.66864
0.35087 -0.01230 0.48262
0.29585 -0.08741 0.17115
-0.02475 -0.20073 0.02591
0.15422 0.21043 -0.89660
-0.10437 -0.14623 0.00285
0.46805 0.21353 0.02793
0.35506 0.15587 -0.56298
0.38039 0.10415 0.58319
0.10539 -0.03931 0.68393
0.26978 0.07362 0.66475
-0.01405 0.04953 -0.82485
0.14952 0.17204 0.76720
0.06809 0.06350 0.74679
0.05133 0.23668 -0.95101
-0.42509 0.06451 0.27888
0.02534 -0.01497 0.69949
-0.30142 -0.05831 -0.15303
-0.27761 0.20764 0.70902
-0.15555 -0.13722 0.03183
0.03347 -0.14289 -0.16802
0.33089 -0.01665 -0.21288
0.43853 0.12357 -0.00006
0.43068 0.07286 0.42150
-0.19276 0.22511 0.76156
-0.39425 0.04359 -0.06987
0.30859 0.11673 0.65689
0.24264 0.15536 -0.79952
-0.27966 -0.10275 0.41235
-0.03477 -0.20073 -0.01329
0.17362 -0.20073 -0.08330
-0.30977 -0.03670 -0.20170
-0.38102 0.21571 0.60904
0.02871 -0.03644 0.67939
-0.36136 -0.03011 0.15256
0.16615 -0.14125 0.22188
0.44775 0.13161 0.42412
-0.18523 -0.20073 -0.03565
0.45090 0.21985 -0.21553
0.13878 -0.20073 0.39219
0.37617 0.09893 -0.39902
-0.11927 -0.08974 0.59347
-0.38839 0.15112 -0.47352
-0.37498 0.22362 0.63929
0.14271 -0.15374 0.17694
