0.38590 0.01007 0.07435
0.08101 -0.07468 -0.73092
-0.20324 0.16730 0.71247
0.39257 0.16354 0.47035
0.00765 -0.05237 0.71247
0.29934 0.07135 0.70266
0.14577 0.21930 -0.74632
0.08724 -0.15370 -0.73801
0.38977 0.15899 0.27158
-0.17203 -0.40970 0.70780
-0.36891 -0.10464 -0.32190
0.39795 -0.10476 -0.64393
-0.16643 0.42068 -0.75087
-0.38092 0.14049 0.21673
0.37533 -0.56878 0.69860
-0.36514 -0.27344 0.27762
-0.36780 -0.56664 -0.72398
-0.38526 0.37702 -0.24382
0.04330 0.10813 -0.19113
0.37802 0.37648 -0.33213
-0.37085 0.21348 -0.10850
0.39506 -0.34146 0.33964
0.40187 -0.36214 -0.23431
0.38153 0.28334 -0.31567
-0.37365 0.25063 0.33771
-0.38459 -0.05718 -0.72606
-0.11525 -0.00605 0.04043
0.38096 -0.57410 -0.72476
-0.36516 -0.30541 0.01798
-0.27509 0.10665 0.16152
0.38187 0.21675 0.54681
-0.12165 0.10555 -0.37850
-0.21221 -0.13706 -0.73899
-0.38125 0.15883 0.41020
-0.05665 0.04733 0.69820
0.15424 -0.00605 -0.30670
-0.38049 -0.18164 0.61420
0.10128 0.42493 0.69402
-0.06557 0.19657 -0.73135
0.25514 0.10543 -0.35159
0.26981 0.10473 -0.64389
-0.12495 -0.19265 -0.74020
-0.36494 0.26273 -0.51401
-0.36644 0.30252 0.60542
0.29139 -0.24830 0.69588
-0.36743 -0.14177 0.00959
0.04842 0.11505 0.38476
0.11754 -0.01797 0.34746
-0.37215 -0.40970 -0.53468
0.38165 0.21304 -0.18441
-0.38174 -0.57410 0.69174
0.39109 -0.06732 -0.19075
0.30017 -0.40970 -0.74618
-0.13055 0.33767 -0.75087
0.39709 -0.22941 0.61420
0.40031 0.26686 -0.72503
0.05018 0.10478 0.20736
0.39026 0.38096 -0.73461
0.23580 0.10561 0.03134
0.22151 0.16816 0.69599
-0.19867 -0.00605 0.44681
-0.26782 -0.16428 0.70898
-0.33756 -0.18488 -0.74386
-0.16167 -0.01797 -0.46892
0.39909 -0.40907 -0.01681
0.28301 -0.14016 0.70299
0.38661 -0.25952 0.20619
0.38340 0.38096 0.05494
0.38729 0.25130 -0.43893
-0.06225 0.19225 0.71253
-0.38471 -0.40605 -0.25280
0.37802 -0.40110 -0.53661
0.38192 -0.13291 0.34871
0.37965 0.38096 0.24334
-0.38501 0.22167 -0.74904
-0.36973 0.30040 0.08925
-0.29606 0.10760 -0.18151
-0.37255 -0.26601 0.46987
-0.23480 0.10601 -0.65768
-0.37411 -0.24593 -0.57079
0.29940 -0.10902 -0.73788
-0.38147 -0.15792 -0.11675
-0.16016 0.42373 0.69919
-0.37794 -0.25440 0.20709
0.38338 -0.24219 -0.04515
-0.16139 0.11879 0.49189
0.22933 -0.00605 -0.56235
-0.16027 -0.40970 -0.73508
0.35891 0.36441 0.71607
-0.22575 -0.01797 -0.19512
-0.37124 -0.05382 0.28802
0.09930 -0.00605 0.08630
0.39526 0.16198 -0.65129
0.02584 -0.40379 -0.72701
0.05311 -0.39847 0.69222
0.22910 -0.01797 0.54680
-0.06735 -0.21019 0.69756
-0.35665 0.08496 0.54658
0.39691 -0.06728 -0.44260
0.05361 0.10652 -0.59118
-0.37873 0.33387 -0.70821
-0.08109 0.10437 -0.00163
0.15322 -0.18916 0.71173
-0.16594 -0.01797 0.60417
-0.38526 -0.35710 0.71312
0.01007 0.27954 -0.73089
0.20642 -0.00605 -0.13120
0.28896 0.10954 -0.21729
0.38597 -0.07077 0.48553
0.14956 0.23752 0.69588
-0.09624 -0.00605 -0.67180
-0.37535 -0.20483 -0.65313
0.39795 -0.28827 -0.72401
-0.36141 0.33914 0.37391
0.15331 0.10845 0.55096
0.00737 -0.00605 -0.12739
0.28355 0.25558 -0.74218
-0.35242 0.06016 -0.46192
-0.21475 -0.01797 0.17597
0.23010 0.42517 -0.74506
-0.38526 0.02737 0.71307
0.38215 -0.07083 0.28320
-0.37965 0.18206 -0.30960
-0.37213 -0.07763 0.40385
-0.31815 0.00775 -0.02265
0.38165 -0.24260 0.48001
-0.38526 0.21999 0.69456
0.39189 0.15282 0.02371
0.04245 -0.00605 -0.53470
-0.37207 -0.34725 -0.05815
-0.27423 -0.25925 -0.74731
-0.34265 0.14920 -0.75087
-0.37175 -0.24022 0.33783
0.38896 0.17649 -0.37255
0.01507 -0.00605 0.51669
0.38512 -0.40970 0.67032
-0.37890 -0.26191 -0.38681
0.13385 0.02580 -0.71373
-0.36141 0.35868 -0.08604
0.34428 0.10674 0.58924
0.25225 0.10535 -0.43221
0.37802 0.37780 0.44045
0.04474 0.10764 -0.36621
-0.03730 0.10656 -0.20809
-0.28054 0.23279 -0.74484
-0.12625 -0.06142 0.69959
-0.03512 -0.00605 0.22405
-0.15178 0.10514 0.29019
-0.38462 -0.40632 -0.66249
0.22987 0.11565 0.22707
-0.37197 -0.40970 0.17409
0.38172 -0.27397 -0.24643
0.26854 -0.01797 0.21522
-0.36557 0.13921 -0.64175
0.37802 0.37837 -0.56292
0.22196 -0.29893 -0.74716
0.38700 0.38096 -0.08934
-0.04445 -0.00605 -0.31475
0.38602 0.12986 -0.12392
0.38879 -0.25010 0.07349
-0.36952 -0.07249 0.15524
0.39422 0.04565 -0.30772
0.39866 -0.40932 0.13060
0.14160 0.03952 0.70272
-0.25666 -0.00605 -0.37854
0.38173 0.07253 -0.75087
0.39797 0.10649 -0.57801
0.37802 -0.39830 -0.39613
-0.36141 -0.39754 0.53883
0.22852 0.11514 0.37596
0.09210 0.42151 -0.75087
0.38703 -0.18984 -0.37296
-0.26050 0.10647 -0.47790
0.07812 0.25219 0.69598
0.35679 0.20504 0.69224
0.38604 0.20599 0.07429
-0.29143 0.00448 -0.60684
-0.05473 0.43402 0.69943
0.39809 -0.04682 0.61037
0.22942 -0.40970 0.69419
-0.38040 0.05210 -0.04632
-0.37748 -0.40970 0.37429
0.39789 -0.06032 -0.05204
0.09376 0.10736 0.03060
0.38353 0.24464 0.34051
-0.38056 0.11694 0.27620
0.00258 0.10708 0.55332
0.27804 0.00563 -0.40309
0.00830 0.05044 -0.73286
0.40187 -0.35994 -0.66994
-0.13109 0.10863 0.64436
-0.23611 0.10330 -0.03109
-0.21209 -0.05943 -0.73994
-0.37834 -0.12278 -0.50649
0.39758 0.16957 -0.44413
0.38219 -0.25981 -0.57564
-0.34995 0.02292 -0.22341
-0.38038 -0.27642 -0.31889
0.28227 0.00627 0.39946
-0.38053 0.16809 0.14397
-0.19611 0.10536 -0.26328
-0.36877 0.38096 -0.40323
-0.37008 0.08950 0.02332
0.30783 0.00775 -0.18925
-0.36501 0.13316 0.60869
-0.03844 -0.01797 0.37263
0.02734 -0.01797 0.03461
0.11373 0.10584 -0.35071
0.39689 0.24534 -0.04613
0.38733 0.38096 0.63038
-0.27465 0.11612 0.38849
-0.37554 -0.05821 0.53624
0.24218 -0.01797 0.09297
0.40187 -0.39299 0.51645
-0.27898 0.02080 0.71127
0.35417 -0.04146 -0.53883
0.39568 -0.11826 0.02151
0.00830 -0.26630 -0.74390
-0.38127 -0.24847 -0.44511
-0.36488 -0.25399 0.08230
-0.30305 0.34353 0.69222
0.39780 0.04977 0.34820
0.39511 0.03897 0.14146
-0.38058 0.13345 -0.57532
0.23549 0.33387 0.71010
0.40187 0.36814 -0.19994
-0.21025 0.19831 -0.74429
0.38862 -0.06855 0.20565
-0.36141 -0.40349 -0.42683
-0.37492 0.27034 0.48626
0.09917 -0.00605 0.20685
0.32668 -0.01797 -0.68363
-0.38077 -0.06695 0.21707
0.37461 0.04961 0.47043
0.10534 -0.00605 0.61408
-0.24995 0.00967 0.27999
-0.08734 0.11660 0.45640
-0.36987 0.17615 0.02324
-0.27691 0.28156 0.69621
-0.28013 -0.40970 -0.73873
-0.13995 0.05693 -0.74373
-0.38496 0.33733 0.23857
0.07679 0.06132 0.71224
0.28658 -0.00605 -0.26238
0.39809 -0.24260 -0.51283
0.34654 0.10499 0.13734
-0.38146 -0.07862 0.08198
0.01506 -0.28575 0.70899
-0.06274 -0.40970 -0.73262
0.23461 0.03429 -0.71670
-0.12538 0.29974 0.70131
-0.19145 -0.00605 -0.06319
0.27561 0.00631 -0.02828
0.14221 -0.24722 -0.73558
0.08544 -0.01797 -0.42749
0.38426 -0.07035 -0.32094
0.14855 -0.27489 0.69601
-0.37986 -0.08637 0.71607
0.40187 -0.04953 0.70842
-0.11819 0.06615 0.68146
0.22855 -0.02294 0.70627
-0.38004 -0.30211 -0.17796
-0.36713 -0.16459 0.34025
0.39801 -0.12131 0.54491
-0.03215 0.41195 -0.75087
0.39261 -0.31390 -0.10873
-0.20488 -0.27805 -0.74722
-0.06104 0.10857 0.32377
-0.24564 -0.40796 0.71607
-0.35392 0.03649 0.43523
0.00071 0.33429 0.70751
0.14031 -0.00605 0.47428
-0.37346 0.38096 -0.58591
-0.10607 -0.01797 -0.19626
-0.26166 0.10350 0.62448
-0.37052 -0.15598 -0.25652
-0.31952 0.10697 -0.36838
-0.12585 -0.00605 0.27303
-0.38132 0.02584 -0.18123
-0.08303 -0.01797 -0.56522
-0.35809 0.05333 0.23294
0.09644 -0.01797 -0.06602
-0.20711 -0.25580 0.71182
-0.28247 0.00553 0.09421
-0.20363 -0.06151 0.71252
-0.20655 0.03516 -0.73116
0.12106 0.10673 0.44058
0.39555 0.29995 -0.65106
-0.18125 -0.00605 0.13900
0.20478 -0.00605 0.31733
-0.34085 -0.04182 0.60443
-0.37283 -0.06553 -0.58731
0.15155 -0.38854 -0.72701
-0.38003 -0.31827 0.08633
0.22889 0.10857 0.14459
-0.26688 -0.00367 0.53562
0.00830 0.14805 -0.73878
-0.16234 0.10613 0.09227
0.38371 0.24790 -0.57329
-0.27095 -0.08215 -0.74646
-0.22548 0.10626 0.38368
0.40187 -0.31084 0.70884
0.39117 -0.27801 -0.45503
0.00002 0.12832 0.70374
-0.07054 -0.39422 0.71607
-0.34253 -0.30231 -0.75087
0.07802 0.11662 -0.73079
0.09502 -0.01797 -0.19608
0.29645 0.32496 -0.74541
0.02891 -0.01797 -0.66373
0.39467 0.25463 0.27326
-0.02733 0.11049 -0.49226
-0.09223 0.00714 0.50219
0.39788 -0.03664 0.41378
0.16128 0.10773 0.31918
0.37802 -0.16586 -0.72469
-0.06957 0.00766 0.65822
0.39790 0.00668 -0.11498
-0.06657 -0.11186 -0.74625
-0.33723 -0.44025 -0.73566
0.37317 0.14966 -0.75087
-0.28246 0.38360 -0.75087
0.08486 -0.05487 0.71017
-0.18921 -0.00605 -0.62019
-0.34997 0.02035 -0.34438
-0.35096 0.03214 -0.68113
0.36919 0.04356 -0.43402
0.22216 0.10856 -0.09593
0.39783 -0.31699 0.54628
0.38528 -0.18940 -0.18958
-0.17732 -0.00605 -0.34684
-0.37452 0.28539 -0.17441
-0.07035 0.10701 0.20019
0.01510 0.10699 -0.06698
-0.04605 -0.00605 -0.42341
-0.35167 0.04077 0.11310
0.36914 0.04561 -0.19190
0.27882 0.11470 0.48551
0.39357 -0.16702 0.71607
-0.13230 -0.29877 0.71244
-0.37217 0.26084 -0.63686
-0.36141 -0.03755 -0.10016
0.39492 0.31730 0.14131
-0.22037 0.33387 -0.73255
0.17642 0.10799 0.65390
0.17944 0.10764 -0.25045
-0.27478 0.11320 0.51387
0.21356 -0.13502 -0.74359
-0.08739 -0.00605 -0.04095
0.07355 0.31125 -0.74524
-0.35738 0.04194 0.35493
-0.32749 0.00624 -0.43571
0.15381 0.34019 -0.75087
0.40187 0.09625 0.70021
0.39879 -0.40925 0.24671
0.39682 0.38096 0.55441
0.38309 -0.13190 -0.50802
0.40187 0.35857 -0.45902
-0.28615 0.00544 -0.50165
0.15836 0.00403 -0.58766
-0.34420 -0.27914 0.69222
-0.37232 -0.40970 -0.13677
0.17898 -0.01797 -0.42764
0.38162 -0.22255 -0.64670
0.39067 0.09557 -0.05866
-0.38134 -0.28691 0.61148
-0.19261 -0.00605 -0.00384
-0.36491 0.30055 -0.31391
-0.37963 -0.08231 -0.65023
0.39779 -0.07478 -0.11427
0.38519 0.11989 -0.24172
-0.17103 0.10865 -0.55188
-0.13340 0.10575 -0.10070
0.39789 0.00463 0.54263
0.16176 0.10399 -0.50411
0.34983 -0.01797 0.15743
-0.33780 -0.45105 0.70983
-0.05422 -0.31887 -0.74011
0.27779 0.00436 0.45003
-0.00731 0.11140 0.41897
0.07860 -0.00605 -0.32224
0.39295 -0.07604 0.14014
-0.37656 -0.07186 -0.19012
0.28443 0.01000 0.62024
-0.36141 -0.40099 -0.00604
-0.38146 0.17212 -0.18287
-0.20049 0.05333 0.68109
-0.12805 0.11918 -0.74553
0.16158 -0.40453 0.69222
-0.37955 -0.21559 -0.04519
-0.37070 -0.34725 -0.61841
0.39420 0.27883 0.41909
0.40187 -0.43443 -0.73547
0.31985 0.11672 0.31882
0.28729 0.05977 -0.73166
0.38978 -0.40970 -0.15218
0.12677 -0.00605 0.11156
0.22843 0.30614 -0.73658
0.22822 0.14991 -0.74192
-0.19669 0.27522 0.70845
-0.34010 0.12066 0.69225
0.38669 -0.33253 0.61797
-0.27366 -0.01797 0.38371
0.34327 -0.00605 0.26150
0.09562 0.10771 -0.09949
0.37130 0.07173 0.21882
0.39109 0.17237 -0.32289
-0.13017 -0.04849 -0.73128
-0.05644 -0.07648 0.69840
-0.36141 0.36064 -0.01638
0.40187 -0.46253 0.71008
0.38673 -0.20765 0.40436
-0.38138 0.03023 0.61115
-0.37581 -0.17493 0.71607
0.39672 -0.40970 0.41606
-0.37703 -0.16474 0.47079
-0.38526 0.36891 0.17300
0.14112 0.10078 -0.69003
0.31200 0.10671 -0.53369
0.34333 0.00712 -0.23949
-0.18311 -0.00605 0.34030
-0.27662 -0.00605 -0.15876
-0.24873 0.10988 0.27855
0.36869 0.02944 0.00478
-0.38526 0.37392 0.50011
-0.33756 -0.01124 -0.74665
0.09810 -0.01797 -0.62868
-0.31952 0.10799 -0.28386
0.38241 -0.19906 0.15169
-0.35395 0.04260 -0.54776
0.21224 -0.32154 0.70329
0.40186 -0.07225 -0.74804
0.32510 0.11061 0.65059
0.40187 -0.38313 -0.45212
-0.17533 0.10745 0.55312
-0.07655 -0.01797 0.13807
0.38433 -0.20903 0.28620
0.39785 0.02332 -0.64313
-0.37359 0.33387 -0.48473
-0.38526 -0.39603 0.63615
-0.27844 -0.00605 -0.27533
-0.06392 -0.00605 0.45563
-0.29505 0.07986 -0.71856
0.39466 -0.40970 -0.31056
0.14471 -0.01797 -0.51588
0.17127 -0.00605 -0.25287
0.37826 -0.35108 0.06234
0.29210 0.28558 0.69598
-0.37646 -0.25784 -0.10892
0.31106 -0.01797 0.06756
0.38812 0.18157 -0.52107
0.17635 0.40850 0.69222
-0.13432 0.10819 -0.18207
-0.16382 -0.00605 -0.25974
-0.07008 0.29914 -0.74213
-0.38508 0.37921 0.69029
0.22465 -0.01797 -0.34463
0.03972 0.10522 0.11182
-0.36782 -0.18401 0.14144
0.37992 0.33387 -0.01346
-0.37593 0.28497 -0.38860
0.39245 0.11307 0.55206
0.31445 -0.01797 -0.58885
-0.30930 -0.01797 0.64244
0.06628 0.11509 0.28737
-0.27846 -0.01797 -0.01783
0.38963 -0.34725 0.17716
0.40187 0.29379 0.69474
0.29945 -0.01797 0.46352
0.26999 0.00746 -0.48457
0.06229 0.10785 -0.26759
-0.37569 -0.40970 0.46825
-0.38442 -0.34985 0.23585
0.02404 -0.01797 -0.24245
-0.37752 0.19957 -0.43979
-0.05498 0.30750 0.70787
0.38151 -0.00074 -0.38159
0.20347 -0.00605 -0.65442
-0.37175 -0.31731 -0.25681
-0.30306 -0.00605 0.20361
-0.37795 0.28756 0.27318
0.07731 -0.32559 -0.73088
-0.23390 0.36814 0.71607
0.21236 -0.19454 -0.74080
0.18924 -0.01797 0.62796
-0.36503 0.28189 -0.04865
-0.04391 -0.00605 0.57655
0.02393 -0.00605 0.30295
-0.37235 -0.31240 0.15603
-0.37405 -0.02306 -0.30649
0.19866 -0.00605 0.17422
0.00978 -0.01797 0.14780
-0.19326 0.10794 0.20916
0.31031 -0.36140 0.69222
0.06820 0.10837 -0.47784
0.25091 -0.01797 -0.14779
0.00113 -0.17718 0.69996
0.18289 -0.00605 -0.02929
-0.27091 0.01497 -0.71037
0.37802 -0.03699 0.37019
-0.37100 0.11553 0.47007
0.06130 0.10702 0.57623
0.37841 -0.35056 -0.58348
0.39182 0.05842 -0.52101
0.00844 0.23042 0.69587
0.36544 0.09236 0.38567
-0.05747 -0.31506 0.71084
-0.37832 -0.40970 0.27885
0.38736 0.19682 0.15575
0.03045 -0.01797 0.43123
0.24558 0.10681 0.57107
0.08549 0.15440 0.69904
0.38624 0.27361 0.61779
0.39502 0.33387 0.32772
-0.38526 -0.38013 -0.73142
-0.36594 0.25019 -0.24445
-0.36743 -0.03335 -0.51898
-0.27589 0.10567 0.06793
-0.36820 -0.16404 0.22049
-0.28252 0.12933 0.70668
0.30526 0.10495 -0.05358
-0.16872 0.10867 -0.46149
0.39406 0.29931 0.08884
-0.38144 0.20453 0.54379
0.19858 0.10423 0.45840
-0.37939 0.25135 0.21931
0.33976 0.00678 0.33952
-0.38515 -0.40429 -0.34108
0.26805 -0.00605 0.13774
0.12746 0.33792 0.69222
-0.04057 0.01070 -0.69845
-0.08280 0.11630 0.54310
-0.36585 -0.12290 0.27592
0.23987 -0.01639 -0.72701
0.20223 0.10976 -0.19727
0.40187 -0.01231 -0.73326
-0.38081 -0.01941 0.34913
-0.37526 -0.33729 0.42014
-0.37800 0.11244 -0.50622
0.35417 -0.03913 0.00995
0.38999 0.38096 -0.65109
0.07266 -0.23953 0.70950
-0.08471 -0.01797 -0.12314
0.16110 0.10590 0.20542
0.36444 0.02018 0.61265
-0.37306 -0.16641 -0.19092
-0.25023 -0.01797 -0.67176
-0.38526 -0.12762 -0.73544
0.10816 -0.01797 0.00878
-0.18344 0.00951 0.52256
0.39210 -0.14547 0.61827
0.39474 -0.34262 -0.32133
0.39789 0.03321 -0.25026
-0.27677 -0.07700 0.69615
-0.37102 -0.33456 0.33793
-0.21462 -0.00605 -0.53575
-0.36570 0.25434 0.14414
0.00055 0.04329 0.68690
0.33427 0.10433 -0.32522
-0.21610 0.10423 -0.12968
-0.30409 -0.00605 0.46196
0.31664 0.00734 0.54345
0.38911 0.27759 -0.24039
0.39048 0.30437 -0.12476
-0.33756 0.01236 0.70495
-0.36828 0.38096 0.61104
-0.29991 -0.01797 0.33361
0.24102 0.11683 0.31494
0.25259 0.41838 0.70048
0.07589 0.01174 -0.73135
0.39708 -0.21841 0.34993
-0.36707 0.38096 0.09120
0.03842 0.11569 0.48957
-0.38083 -0.21916 0.40898
-0.03838 -0.00605 0.29284
0.17254 -0.00605 0.05084
0.38550 -0.07902 -0.25582
-0.04063 0.10807 -0.57874
-0.36760 -0.04891 -0.25483
0.19916 0.10606 -0.59266
0.38381 -0.15587 -0.05628
0.39478 0.30911 0.53764
-0.36528 -0.31275 0.54683
-0.22498 -0.00605 0.06801
0.28580 -0.01797 -0.65896
0.38693 -0.14777 0.47035
0.35966 -0.49027 -0.73904
-0.21765 -0.01797 -0.41348
-0.13463 0.11744 0.38746
-0.38141 0.04446 -0.11721
-0.37241 0.30019 -0.58726
0.14534 0.41140 -0.74388
-0.30443 -0.01797 0.55513
0.38492 -0.19956 0.02236
0.20720 -0.00605 0.43644
0.38199 0.24693 0.21098
0.16387 -0.01797 0.58709
-0.36487 0.12584 0.34546
0.38165 -0.33276 -0.18071
0.39476 -0.13649 0.08830
0.00830 -0.14116 -0.73108
0.15519 -0.11491 -0.74527
0.35998 0.10122 -0.46731
0.01482 -0.00605 -0.36861
-0.00340 0.10785 0.63769
0.08989 -0.00605 0.53285
0.35417 0.02240 0.69522
-0.06984 0.11598 -0.73529
0.00864 0.10654 0.03249
0.39381 0.18105 0.40479
-0.21045 -0.33740 0.69918
0.37475 -0.34789 -0.75087
0.39584 0.07376 0.07605
0.28848 -0.01481 0.69222
-0.36081 0.29314 0.71607
-0.15207 -0.01797 -0.13403
0.02159 -0.00605 -0.04826
-0.02845 0.10984 -0.29213
-0.29365 0.10739 -0.09137
-0.21214 -0.14262 0.70362
0.39417 -0.24836 -0.12355
-0.37245 -0.20464 -0.52119
0.04610 0.00717 0.58982
0.38161 0.08345 -0.37922
0.22823 0.05843 0.70131
-0.02957 -0.00605 -0.17956
-0.27683 0.10420 -0.58627
-0.09433 0.36496 0.71607
-0.38526 0.04486 -0.73822
0.17434 0.10675 -0.02715
0.34555 0.01027 -0.48872
0.28898 -0.02018 -0.74705
0.33798 -0.01797 -0.31643
0.39650 -0.32019 -0.38560
0.29108 0.16686 -0.73067
0.38191 0.33387 -0.40572
-0.34249 -0.04182 0.46651
-0.12551 -0.29251 -0.74220
-0.38053 -0.02858 0.01182
0.08021 0.10659 0.64621
-0.34491 -0.00605 0.16705
-0.31611 0.10778 0.22052
-0.37169 0.02621 0.28808
0.39788 -0.30403 0.14946
0.38945 -0.19458 -0.45517
-0.37370 -0.14458 -0.38907
0.02107 -0.01797 -0.46591
-0.36500 0.22084 0.61179
-0.38021 -0.23346 0.54861
-0.36495 -0.19903 -0.31361
-0.03989 -0.00605 -0.00459
0.30020 0.38502 -0.75087
-0.23605 0.10726 -0.33180
0.38366 -0.28455 0.41773
0.40187 0.37787 0.10080
-0.36141 0.37873 -0.32296
-0.38080 -0.33479 -0.51609
0.29928 -0.30617 -0.73702
-0.16305 0.10322 0.00274
0.38656 0.02963 -0.58664
0.29187 -0.20514 -0.74726
-0.37919 -0.30675 -0.65079
-0.08650 -0.00605 -0.47604
-0.37119 0.38096 0.24833
0.05441 0.36799 0.69222
-0.00946 -0.01797 0.62884
0.03061 0.42382 0.71607
-0.11490 -0.01797 0.36067
-0.24579 0.10600 0.45621
0.08620 -0.13352 0.70845
-0.32755 -0.38788 0.71607
-0.37635 0.13363 -0.24102
-0.02677 -0.01797 0.07976
-0.38123 -0.03800 -0.44481
-0.36277 0.37350 -0.75087
-0.36832 0.19929 0.07498
-0.36141 -0.38270 -0.20647
-0.29233 0.11143 0.56302
-0.12118 -0.01797 -0.38343
-0.36507 -0.14446 0.54629
-0.37985 0.08916 0.07685
0.37802 0.34906 -0.26783
-0.02452 0.10620 0.23197
0.00467 -0.01797 -0.60700
0.38162 0.30995 -0.51132
0.28117 -0.00044 0.30417
0.22107 -0.00605 -0.20881
0.16075 -0.01797 0.23657
-0.04859 0.10564 -0.13051
-0.38098 -0.32292 -0.11924
-0.37478 0.12934 -0.04230
0.38142 0.16778 -0.05052
-0.38021 0.19194 0.28431
-0.36791 0.06544 0.15420
0.01669 0.43964 -0.74474
-0.11572 0.00882 0.59300
0.38785 -0.34231 -0.50484
0.07540 -0.25666 -0.74646
0.39285 0.15582 0.60260
-0.36141 0.35289 0.30930
-0.31306 0.06031 0.68447
0.14955 0.00779 0.52648
-0.37502 -0.50357 0.71607
-0.26873 0.20499 0.69827
0.33769 0.10681 0.51295
0.40187 -0.40038 0.58931
-0.23629 -0.00605 0.61320
0.36646 0.30872 -0.72701
-0.07049 0.04467 -0.73689
-0.08674 0.37586 -0.72701
-0.38134 0.19038 0.47936
-0.20552 -0.35963 -0.75087
0.28855 -0.00605 -0.34626
-0.35540 0.01973 0.49916
0.12555 -0.01797 0.67448
0.40176 -0.24041 0.69266
-0.31819 -0.00605 0.25744
0.08125 -0.01797 0.26874
0.39606 0.29633 -0.18796
-0.27787 -0.16937 -0.74660
0.39379 0.12020 -0.18986
0.35525 0.20181 -0.75025
0.36772 -0.04182 0.55921
-0.13923 -0.01797 0.41995
-0.19410 -0.01797 0.24712
0.35417 -0.03573 -0.64278
0.02728 0.10771 -0.66179
-0.06969 0.10751 0.39235
0.39646 -0.26530 -0.31957
-0.13095 0.15452 0.69615
-0.38091 -0.19794 0.28281
-0.36631 -0.34532 -0.37611
0.20515 -0.37900 -0.72701
0.00830 -0.02300 -0.73889
-0.33756 -0.02657 0.10293
-0.31873 0.11712 0.29727
0.39656 0.27399 0.02037
-0.36165 0.38096 0.43413
0.14233 0.11207 0.70793
-0.30417 -0.00605 -0.68453
-0.00414 -0.36539 0.71607
0.34559 0.10467 0.45294
-0.36502 0.29436 0.41373
-0.15794 -0.01208 0.69222
0.39727 0.13878 0.34252
0.15719 -0.03017 -0.74267
-0.38055 -0.27805 -0.51670
0.29521 0.10588 0.38609
-0.37866 -0.06942 0.60408
-0.36141 -0.40923 0.10191
-0.14391 -0.01797 -0.58539
-0.37806 -0.01154 -0.04377
0.37024 0.02321 0.40667
0.35444 -0.03943 -0.74922
-0.12619 0.10597 -0.28602
0.05574 -0.01797 -0.13781
-0.27137 -0.28770 0.69658
0.39307 0.12581 0.20627
-0.38080 -0.14999 0.07855
0.37432 0.05652 0.65643
0.13046 -0.00605 -0.13755
0.31941 0.11743 0.22655
-0.36518 -0.06509 -0.38319
-0.37595 -0.22578 -0.24085
-0.07984 -0.00605 -0.24982
0.39699 -0.34725 -0.05413
-0.34576 -0.00605 -0.57378
0.36561 0.08965 0.00072
0.40086 0.38046 0.16722
0.34268 -0.01797 -0.08163
0.38209 -0.28099 0.28306
-0.28222 0.39756 0.69342
-0.10326 -0.01797 0.21456
-0.36141 0.35858 -0.18578
0.15673 -0.05527 0.69971
0.20970 0.37067 -0.75087
-0.13617 -0.22549 0.69650
-0.15625 -0.01797 0.07338
0.12899 -0.34725 0.70829
-0.36482 -0.08531 -0.44674
-0.38172 -0.22863 -0.72408
-0.19556 0.26760 -0.73867
-0.21127 0.09626 0.70796
0.00791 0.34230 -0.75087
-0.05427 -0.24189 -0.73748
0.40185 -0.40330 -0.08396
-0.02529 0.39482 0.69222
-0.38091 -0.40966 -0.08524
-0.34757 -0.00605 -0.64888
-0.36584 0.33387 -0.63383
-0.36141 0.35141 0.03982
0.36307 -0.10399 0.71607
0.38602 -0.22878 -0.75087
0.38152 0.06491 0.28078
0.39241 -0.13917 0.20599
0.39578 0.00673 -0.04469
0.17604 0.11406 0.39952
-0.27698 0.13565 -0.73103
-0.37952 0.02172 0.54950
0.37802 -0.39489 -0.62537
0.15496 -0.01797 -0.35910
0.06537 -0.34725 0.70973
0.21480 -0.25632 0.71029
-0.12499 -0.13136 0.70567
0.39809 0.20537 -0.11661
-0.14125 0.23258 0.70235
0.38348 -0.31776 0.01022
0.37323 -0.00605 0.65842
0.27965 0.10798 0.19429
0.39706 -0.14606 -0.57501
0.15757 -0.32372 -0.73627
-0.38128 -0.00389 0.21551
-0.34880 0.26889 -0.72701
0.37876 -0.34969 0.26917
0.22248 -0.00605 0.24803
-0.37040 0.14950 0.53639
-0.05407 -0.04245 -0.73900
-0.05320 0.10628 0.06223
0.10454 -0.01797 -0.25715
0.23182 -0.01797 -0.06381
-0.06679 0.11590 0.62276
0.14318 -0.12178 0.69917
0.38291 0.13623 0.08638
0.24438 -0.01797 0.03228
-0.34462 -0.08522 -0.75087
0.16484 -0.01797 -0.18695
0.28564 0.35009 0.71607
0.35417 -0.02820 -0.15144
-0.33377 0.00814 0.05021
-0.02831 -0.00605 -0.52762
-0.36726 -0.34725 0.58381
-0.21011 -0.20561 -0.73354
-0.06910 -0.14314 0.70910
0.36976 0.04233 -0.68670
-0.04920 0.00716 -0.62924
-0.29586 -0.00605 -0.33888
-0.37137 -0.49052 -0.75087
0.38178 0.09152 -0.64271
-0.00790 0.10512 0.31450
0.20885 0.10310 -0.69820
0.28389 -0.01797 0.51068
-0.12071 -0.35995 -0.75087
0.05461 -0.01797 0.37279
-0.07076 0.12527 0.70413
0.28359 -0.00605 -0.53081
0.10118 0.10910 0.14049
-0.36773 -0.31481 -0.44059
-0.36719 -0.09022 -0.12233
0.39330 -0.06791 -0.57152
-0.27848 -0.01797 0.14353
0.38647 -0.17520 -0.30712
0.28806 -0.07322 0.69655
-0.36964 0.18638 -0.50543
0.01628 0.10958 -0.42486
0.35417 -0.04107 0.31970
0.39575 -0.30826 0.48393
-0.37040 -0.23591 -0.17476
-0.30541 -0.00605 -0.08314
0.29008 -0.01797 -0.09477
-0.36168 0.09892 -0.72398
-0.36709 -0.34725 0.49063
-0.37412 0.03712 -0.50472
0.38174 0.20642 -0.25092
0.39786 0.21915 -0.64323
-0.38407 -0.42830 0.69079
-0.30424 -0.34725 -0.74795
-0.20537 0.10725 0.32968
0.25086 -0.01797 -0.60916
-0.28025 -0.00605 -0.44653
-0.13041 0.19746 -0.74683
0.36862 0.06460 0.52609
0.14020 -0.00605 -0.65814
-0.20717 0.13198 -0.74660
0.05803 0.38235 -0.72701
-0.37887 0.13018 -0.38684
0.38649 -0.04883 0.08932
0.39128 -0.33747 0.42022
-0.38127 -0.18228 -0.44861
-0.15421 -0.00605 -0.68833
-0.11874 0.00953 0.65072
0.36434 -0.10619 -0.72701
0.29109 0.20872 0.69587
0.39074 0.33387 0.48312
-0.37435 -0.18403 -0.58720
0.07989 -0.01797 -0.48239
0.13183 0.11848 0.61460
-0.36921 0.33387 0.45602
0.03019 -0.00605 0.22870
-0.34813 -0.04182 0.68596
-0.24608 0.11476 0.22366
0.08179 -0.01797 0.48436
0.15663 -0.01797 0.41260
0.37372 -0.00605 0.19668
0.00363 0.21173 -0.74586
-0.32652 0.10451 0.43466
-0.37866 0.26498 -0.44066
0.31422 0.00736 0.12549
0.21894 -0.00605 -0.28376
-0.13780 -0.01797 -0.01740
-0.30252 -0.01797 -0.22775
0.11740 0.10823 0.49944
0.22745 -0.01797 0.38047
-0.20966 0.10726 0.13693
-0.24218 -0.01797 -0.10682
0.33977 -0.40970 0.71544
0.06737 -0.00605 0.14837
0.34198 0.00806 -0.54510
-0.19684 0.10849 -0.19836
0.35417 -0.27832 0.70419
0.00067 -0.07893 -0.74221
-0.11551 0.10913 -0.49605
-0.14979 -0.00605 0.47992
0.09953 0.11610 0.35556
0.26753 0.11672 0.61709
0.38623 -0.15420 0.27242
0.19032 0.10662 -0.30800
0.40187 -0.37211 0.71090
-0.13735 0.37741 0.69222
0.01845 -0.00605 -0.30261
0.02530 -0.34750 -0.72899
-0.02809 -0.01797 -0.22775
0.21602 -0.01797 0.48463
-0.22864 -0.00605 0.35407
0.37802 0.36340 0.37233
0.39618 0.06802 -0.11129
0.03832 0.10751 -0.12900
0.22531 -0.00605 -0.47886
0.37802 -0.40197 0.35083
0.07248 -0.00605 0.67102
0.09970 -0.40789 -0.75087
-0.21047 -0.00605 0.56527
-0.22206 -0.00605 0.67996
-0.07655 0.10687 -0.42331
0.26402 0.10781 -0.50114
0.22097 -0.13031 0.71249
-0.23869 0.00576 -0.61825
0.38161 -0.23322 0.54264
-0.11324 -0.01797 -0.32655
0.40187 0.20024 -0.73334
-0.12603 -0.00605 0.16246
-0.12810 -0.10239 -0.73244
-0.15364 -0.01797 0.20501
-0.33817 -0.13533 -0.72819
0.38952 -0.01152 0.27161
0.36625 0.07919 -0.26988
0.39337 -0.12900 -0.38825
0.01586 -0.00605 -0.41876
0.00830 -0.11513 0.71182
0.39218 0.33387 -0.60214
-0.37041 0.01684 -0.43904
-0.35363 -0.04182 -0.67376
0.17926 -0.01797 -0.70206
0.10081 -0.01797 0.42928
-0.33756 -0.20964 0.69738
0.39078 0.16779 -0.58722
-0.36141 0.33685 0.55372
-0.37054 -0.10798 -0.04255
-0.03442 -0.00605 0.50097
0.35472 0.02063 -0.74970
0.38161 0.24573 -0.51136
0.37802 -0.39806 0.18557
-0.09316 0.10600 -0.23621
-0.33756 -0.02722 0.41336
0.07510 0.32806 0.71154
-0.36953 -0.10285 0.33854
0.39712 -0.12643 0.40822
0.38866 0.25563 0.13958
-0.27818 0.31761 -0.74648
-0.38124 -0.15482 0.41013
0.25833 0.10480 0.42914
0.39286 0.10211 -0.72398
0.39685 0.00980 0.71607
-0.08467 -0.00605 0.07810
-0.36690 0.20878 -0.65053
0.16699 -0.01797 -0.08737
-0.22921 0.39398 -0.72701
0.38148 0.11808 -0.51348
0.22596 0.00892 0.63280
0.21369 0.10527 0.51579
0.39805 0.28949 -0.38122
-0.10752 0.11753 0.24496
-0.22182 -0.00605 -0.29441
-0.36799 0.07126 -0.63860
-0.33756 -0.01838 -0.14547
-0.02942 -0.00605 -0.07708
0.37877 -0.34967 0.12270
-0.36824 -0.31860 -0.57234
-0.33933 -0.13932 0.71586
-0.25569 -0.34821 -0.72812
-0.04854 0.34569 -0.72701
-0.01647 -0.40475 0.69222
0.29366 -0.01797 0.33631
-0.37529 0.33284 0.13971
-0.21787 0.10758 0.57708
0.10701 0.36285 -0.75087
0.17423 -0.01797 0.11071
-0.33776 0.24483 0.71426
0.00513 -0.20632 -0.74665
0.34289 0.10540 -0.15789
0.13953 -0.00605 0.28583
-0.36788 -0.24427 0.14139
0.32116 -0.01797 0.40661
0.40068 0.33560 0.05215
-0.28705 -0.37195 0.69222
0.36157 -0.04182 0.45789
-0.37102 0.33387 -0.14141
0.37810 0.33387 0.66267
0.24793 -0.36021 -0.75087
-0.22445 0.10418 0.03763
0.38970 0.38096 0.49551
-0.37602 0.21741 0.41984
-0.36141 -0.02256 -0.39332
-0.35052 0.08402 0.63146
-0.36150 -0.35186 0.03757
-0.19833 0.10444 -0.07703
0.37802 -0.00832 -0.17300
-0.33205 0.10274 -0.53199
0.38188 -0.16345 -0.64245
0.22833 0.22565 0.70686
0.30831 0.10653 -0.41358
-0.35498 0.06783 -0.25898
-0.32328 0.10487 0.10314
-0.14755 0.11065 0.43962
-0.38123 0.11603 -0.18463
0.07913 0.26217 -0.74734
0.38312 0.21031 0.60533
0.38165 -0.13131 -0.18070
-0.38526 0.33954 -0.54115
-0.34675 -0.38847 -0.75087
-0.22920 -0.01797 -0.24439
-0.10240 -0.34725 0.70675
-0.37489 0.22682 -0.04231
-0.13925 0.28302 -0.73337
0.15505 -0.00605 -0.47213
0.38545 -0.20287 0.22098
-0.18285 0.10932 0.62067
-0.09718 -0.00605 -0.72416
-0.36141 -0.35631 0.12608
0.18981 0.01092 0.66403
0.08587 0.10618 -0.67253
0.35821 -0.00605 -0.43891
-0.28411 0.11044 0.33594
-0.17898 -0.01797 -0.16749
0.39202 0.32627 0.60226
0.07909 0.17199 -0.74734
0.39787 -0.13780 -0.44861
0.39773 0.15082 0.68920
0.06716 0.10671 -0.04433
-0.36272 -0.34877 0.64507
0.29954 -0.01797 0.01590
0.38239 0.18944 0.20999
-0.03248 -0.01797 0.67917
0.39572 -0.00912 -0.51876
0.38225 -0.20346 -0.24514
0.39273 -0.19135 0.07398
0.38586 -0.19254 -0.52029
0.30065 -0.01797 0.25972
0.39669 0.20457 0.01108
-0.29201 0.00510 0.03211
0.09920 -0.01797 -0.57146
-0.38526 -0.36445 -0.28780
-0.11705 -0.40885 0.69222
-0.20765 0.40748 0.69222
0.38158 -0.25329 0.01695
-0.37790 0.29534 0.53742
0.31574 0.00908 0.21606
0.21248 0.10529 -0.47686
-0.09036 0.10421 -0.05785
-0.36438 -0.34745 0.29364
-0.36528 -0.30913 0.21649
0.17734 0.11281 0.48952
0.40187 -0.38154 0.63124
-0.32659 -0.01797 0.30470
-0.25335 0.00554 0.46775
-0.36231 -0.40970 -0.61325
0.13909 -0.01797 0.17609
0.32298 -0.00605 -0.38797
-0.31098 0.00640 0.41830
0.36237 -0.19734 -0.75087
0.18687 -0.00605 -0.53848
-0.20239 -0.00605 -0.68399
-0.38126 0.14368 -0.44507
0.29663 -0.00605 -0.45234
-0.36141 0.33740 -0.35692
0.26951 0.10609 0.26398
-0.38083 0.23130 -0.18565
0.38256 -0.24942 -0.17835
-0.36246 0.38096 -0.45926
0.40183 0.37859 -0.00142
-0.33756 -0.03416 -0.34621
-0.33756 -0.03372 0.20391
-0.33220 0.10569 -0.22419
0.39253 0.38096 -0.39019
-0.35295 0.06274 0.30562
0.39621 0.30950 0.28511
-0.38034 -0.28520 0.40785
0.38408 0.12988 0.41815
0.35417 0.10170 0.69559
0.40187 -0.51424 0.70770
0.36987 0.05759 0.58690
-0.38526 0.36109 -0.28829
0.39765 0.10949 0.48069
0.05844 -0.00605 -0.00706
-0.07019 -0.18569 -0.74187
0.24802 0.10932 -0.16642
0.39730 -0.19344 -0.11992
0.38567 -0.06131 -0.50567
-0.30559 0.00322 0.61313
0.00282 -0.01797 -0.00290
-0.36439 -0.33278 -0.72398
0.11678 0.10788 -0.01935
-0.33756 -0.02026 -0.51753
0.29972 0.10771 0.55709
-0.36588 -0.29618 -0.04635
-0.36492 -0.16184 -0.05136
-0.21779 0.10672 -0.57839
-0.37955 0.18748 -0.58427
0.08282 -0.00605 -0.67675
0.00830 -0.23377 0.70064
0.40187 -0.40082 0.30040
0.28324 -0.01797 0.59766
-0.15431 -0.00605 0.31325
0.39581 -0.20062 -0.57331
0.40187 -0.52558 -0.73839
0.38148 -0.17196 0.54475
0.13408 -0.00605 -0.40283
0.29672 0.10609 -0.59667
0.34621 0.00833 0.45501
0.17903 0.10749 0.25643
0.40187 0.37547 0.30638
0.37047 -0.04182 -0.40626
0.08721 0.06421 -0.74024
-0.36698 0.19963 0.35155
-0.38070 0.07367 -0.57561
-0.28051 -0.01797 -0.56451
0.05657 0.10849 -0.53733
0.32151 0.00403 0.64926
0.05010 -0.00605 -0.08959
0.23576 0.10753 -0.04380
0.32534 -0.01797 0.56606
-0.02404 0.11369 0.36219
-0.37373 0.33387 -0.22585
0.27312 0.00773 0.55879
0.38907 -0.06705 0.00738
-0.22592 0.09623 -0.70954
-0.26988 -0.23424 0.69739
-0.14316 -0.01797 -0.54423
-0.27261 -0.02882 -0.74709
-0.25716 0.10774 -0.28285
0.40187 0.35609 0.39587
0.40187 -0.36494 0.22366
0.11367 0.10715 0.29783
-0.35949 0.06852 0.48027
-0.25281 0.00673 0.20442
-0.35601 -0.00605 -0.54372
-0.29658 0.00178 0.29069
-0.35443 0.07140 -0.38642
0.01454 0.01035 -0.68205
-0.38132 -0.00057 0.41069
0.35558 -0.15299 0.69267
-0.38526 -0.37108 -0.47864
0.22064 -0.01797 -0.39442
0.39797 0.21977 -0.31571
0.34091 0.07908 -0.72076
0.05698 -0.01797 -0.59705
-0.38494 -0.35119 -0.01117
-0.06351 -0.00605 -0.16636
-0.35287 0.07088 0.39824
-0.36141 -0.02192 0.63838
0.40187 -0.38020 0.04946
-0.23373 -0.01797 0.01865
-0.34055 -0.04182 0.24739
-0.22922 -0.01797 0.41213
-0.11721 0.10518 0.06679
0.40182 -0.40389 -0.20397
-0.36141 0.34108 0.19760
-0.33830 -0.33633 0.71513
0.38897 -0.32934 -0.45511
0.38914 0.10717 0.61855
0.37802 -0.01853 -0.29936
0.39002 0.13613 0.15610
-0.14513 -0.36498 0.69222
-0.15885 0.10852 0.17115
0.03204 -0.01797 -0.18051
-0.31824 0.00937 -0.26054
0.37802 0.37312 -0.13915
0.39732 0.15927 0.54085
0.27870 0.00599 0.08923
0.01284 -0.01797 0.47170
0.04468 -0.00605 0.63942
0.10455 0.10701 0.08052
-0.38526 0.35916 -0.05809
0.35417 -0.03163 -0.20215
0.15801 0.29301 -0.73835
0.19039 -0.01797 0.27042
-0.18557 -0.01797 0.38735
-0.04353 0.10624 -0.03791
-0.12571 0.10635 0.56858
-0.28186 -0.01797 0.49378
0.04083 0.00725 -0.62344
-0.24021 -0.01797 -0.06166
-0.08186 0.10673 -0.31052
0.35417 0.28790 0.71066
-0.36925 -0.11542 0.20651
-0.24832 0.03723 0.68176
0.27982 -0.40801 0.69222
-0.37188 0.08960 0.71607
-0.11645 -0.00605 0.11177
-0.36890 -0.34725 -0.67887
-0.30150 0.35775 -0.72701
0.35417 -0.22892 0.70423
-0.38526 -0.36606 0.06633
-0.21935 -0.01797 -0.58429
-0.21733 0.10765 0.49090
0.03360 -0.00605 0.68125
0.40006 -0.40823 -0.59150
-0.33756 -0.03590 0.06165
0.35976 0.10467 0.25923
-0.37947 -0.02098 0.08707
0.14509 0.37743 0.71607
0.34209 0.34483 -0.75087
0.40187 0.33963 -0.35612
-0.35158 0.07981 -0.13622
0.39448 -0.07909 0.35280
-0.32503 0.38426 0.71530
0.26405 0.09648 -0.70719
-0.37054 0.00286 0.13990
0.07833 -0.00605 0.32660
0.11891 -0.01797 0.56795
0.00519 0.10570 0.27187
0.39766 -0.09717 0.60774
0.36197 -0.04182 0.23806
-0.37128 0.25327 -0.57090
-0.37688 -0.34725 0.18683
0.35992 0.01568 0.50356
0.35417 -0.27046 -0.73919
0.25066 -0.40970 -0.74271
0.38377 -0.24769 0.14198
0.32235 0.39003 0.69463
0.39650 0.12553 -0.30992
-0.37829 0.25385 0.07522
0.40187 0.35165 -0.68893
0.40187 -0.12060 0.69376
-0.06132 0.26061 0.69600
-0.12430 -0.01797 -0.10951
0.10852 0.10655 -0.28432
-0.06169 -0.02467 0.71246
0.24011 0.10593 -0.56547
0.36451 0.03227 -0.34452
-0.38416 -0.40724 0.23047
-0.00679 0.11072 -0.54330
0.39691 0.19849 0.35027
0.30694 0.10594 0.10846
0.23804 0.10404 0.47604
-0.21575 -0.00605 -0.46086
0.37802 -0.03081 -0.25268
-0.22401 -0.01797 -0.33882
-0.38526 -0.43351 -0.73050
0.18191 -0.35753 0.71607
0.35268 -0.01797 0.59487
0.36587 -0.00605 -0.68881
0.32259 -0.00605 -0.12658
-0.36141 0.37662 -0.65008
0.05641 -0.01797 -0.38626
-0.04200 0.11525 0.27746
0.38856 -0.29573 -0.50475
-0.15912 0.11501 0.24276
0.37802 0.36429 -0.51662
-0.20591 0.10816 -0.43055
0.12057 -0.35348 -0.72701
0.37937 -0.34872 0.51480
-0.28268 -0.02708 0.70618
0.39715 -0.00816 0.15156
0.09501 -0.40011 0.71607
-0.37714 -0.40970 0.58278
-0.36598 -0.26095 0.01989
-0.04321 0.35347 0.71607
-0.36058 0.33788 0.69222
-0.37456 -0.11357 -0.58717
-0.23029 -0.00641 -0.72701
0.35782 -0.05975 0.69222
0.22556 -0.08986 -0.73247
0.39782 0.04522 0.41422
-0.38080 0.23989 0.28308
-0.36978 0.15822 0.68918
-0.30539 0.10492 0.47789
0.32331 -0.00605 -0.27653
-0.36141 -0.36602 -0.57354
-0.02039 0.11200 0.46507
0.28016 0.00647 0.03598
-0.01481 -0.00605 -0.48081
-0.33756 -0.02176 0.52849
-0.37453 0.18858 -0.72398
-0.08853 0.41302 0.69222
-0.38468 -0.28050 -0.74961
-0.38081 -0.25997 0.71607
-0.20821 -0.00605 0.28680
0.32034 -0.00605 -0.01726
-0.08811 -0.01797 0.58192
-0.37756 0.38096 0.33954
-0.11808 -0.01797 -0.15783
-0.01089 -0.00605 0.33349
0.05294 0.10606 0.44759
0.37802 0.37906 -0.23961
0.07951 0.11581 0.53503
-0.37370 0.33387 -0.40691
-0.36304 -0.34839 -0.15506
0.19438 0.11016 0.61002
0.40187 -0.36758 -0.13410
-0.38090 -0.11773 0.47524
-0.07480 -0.00605 -0.35107
-0.32061 0.10312 -0.60397
0.35417 -0.32483 0.71238
-0.38128 0.01400 -0.37911
-0.01712 -0.00605 0.54920
0.22791 0.12302 0.70787
-0.04305 -0.35585 0.69222
0.35839 -0.44472 -0.75087
0.10109 0.37790 0.69222
0.25902 -0.01797 -0.21882
-0.34525 0.01278 0.63564
0.22101 -0.01797 0.59531
0.39190 -0.40970 -0.66197
-0.36141 -0.38180 0.42533
0.14992 -0.16139 -0.74733
0.29361 -0.29215 0.71217
0.39666 0.24997 0.08630
-0.27392 -0.30959 -0.74726
0.07373 0.19966 0.69784
0.31495 -0.36557 -0.75087
-0.37989 -0.25998 -0.64989
-0.18532 -0.00605 -0.72560
-0.06959 -0.00605 0.53324
0.21100 0.36919 0.69222
0.16037 0.10673 -0.34360
-0.13072 0.02115 -0.71549
-0.14629 -0.01797 -0.06311
0.37802 0.34769 0.19090
-0.33779 0.00945 0.22471
0.23388 -0.01797 -0.01778
0.36032 -0.00605 0.37595
0.32735 0.10646 -0.37098
-0.37620 -0.12943 -0.45456
-0.38526 -0.39202 0.32088
0.39657 0.00384 0.35071
0.09118 -0.00605 -0.36737
0.10186 0.10713 0.58357
0.38330 0.05025 -0.05562
-0.20423 -0.00605 0.48443
-0.36141 0.36090 0.65174
0.40187 -0.38017 -0.49792
-0.15081 -0.01797 -0.42436
-0.12790 0.10231 -0.70290
0.24854 -0.01797 0.32368
-0.08205 -0.36562 -0.72701
-0.27696 0.00856 0.24122
0.40187 -0.39727 -0.71553
0.08735 -0.30755 0.70403
0.40187 0.36648 0.70061
0.09613 0.10593 0.25401
0.00159 0.10911 -0.35141
0.06094 -0.38719 -0.75087
0.17291 0.33974 0.69222
-0.26579 0.00747 -0.31570
-0.25536 -0.34726 0.71335
-0.32917 -0.01797 0.00135
-0.21133 0.10938 -0.53123
-0.21884 -0.00605 0.11286
-0.31541 0.10480 -0.68673
0.38295 -0.07926 0.41680
-0.34293 0.03349 -0.72701
0.14842 0.19231 0.69603
0.08537 -0.01797 0.04046
0.33955 0.10618 -0.11282
0.37802 -0.38485 -0.34442
-0.38105 -0.11494 0.14523
-0.33579 -0.01797 0.34747
-0.38104 0.00451 0.47556
-0.07049 0.25412 -0.74111
-0.36705 -0.26776 -0.25430
-0.03989 -0.01797 0.16407
0.18030 -0.01797 -0.61206
-0.33756 -0.26156 -0.73286
-0.33841 -0.00605 -0.19121
0.16115 -0.00605 0.14831
0.35760 0.23996 -0.72701
-0.38526 -0.36015 0.54424
-0.37125 -0.40970 -0.29897
-0.31136 -0.00605 -0.37066
-0.32681 -0.00605 -0.48731
0.26188 -0.01797 -0.43975
0.12641 -0.01797 -0.70945
-0.07246 0.10772 -0.48450
0.38815 -0.11235 -0.30658
-0.18589 -0.01797 0.04267
-0.23021 -0.00605 -0.15587
0.03928 0.33387 0.70625
-0.04445 0.10691 0.56355
-0.34916 0.03406 0.19388
-0.10600 -0.01797 0.46351
-0.27613 0.06514 0.71235
-0.38526 -0.37268 -0.10942
-0.13303 0.11344 0.71254
0.38273 0.26266 -0.11206
0.37060 -0.04182 -0.35191
0.04494 -0.00605 0.54618
0.37122 0.01722 0.24342
0.01084 -0.01797 0.19346
0.29298 0.21397 -0.73089
0.35413 -0.43484 0.68918
0.12803 -0.01797 -0.09671
-0.07572 -0.01797 0.39622
0.01596 0.10733 0.59532
0.37802 -0.35714 -0.41181
-0.19062 -0.01797 0.65152
0.37802 -0.02662 -0.57227
-0.37282 -0.19294 0.07340
-0.37613 -0.11107 0.61801
-0.28854 0.10948 0.25995
-0.07551 -0.00605 0.34524
-0.17603 0.10814 0.39611
-0.00608 -0.00605 0.42275
-0.27513 -0.12308 0.69593
0.25529 0.00607 -0.69030
0.17590 0.38493 -0.72701
-0.12104 -0.00605 -0.26873
-0.08493 -0.01797 -0.40738
-0.06825 -0.00605 -0.09088
0.40187 -0.35742 -0.01219
-0.06324 0.11345 0.50413
-0.36141 -0.40546 -0.69588
-0.34772 0.19575 0.69222
-0.19342 -0.00605 -0.20485
0.37802 0.33839 0.25252
-0.38127 -0.12567 -0.64682
0.36738 0.07656 0.42787
-0.36141 -0.37014 0.36617
-0.33398 -0.00605 -0.05152
-0.34571 0.09542 0.26184
-0.05111 -0.01797 -0.66767
-0.36683 0.20818 0.15314
0.39233 0.04400 0.61817
-0.35320 -0.04182 -0.21460
-0.09616 -0.01797 0.63343
-0.36141 0.37792 -0.50232
-0.37851 0.24705 0.55053
-0.38129 0.17147 -0.04886
-0.37624 0.02397 -0.63740
-0.28370 0.00785 0.17554
0.19994 0.00481 0.51749
0.39796 0.13692 -0.38186
0.22532 0.10801 -0.23354
0.06423 -0.00605 -0.23281
0.38167 -0.21758 -0.31267
0.40110 0.34226 -0.74984
0.38226 0.12942 -0.44333
0.36635 0.09304 0.30948
-0.11265 0.11530 0.51231
-0.33756 -0.08954 0.71014
-0.00412 -0.38463 -0.75087
-0.36542 0.09911 -0.44984
-0.36626 -0.05102 -0.05505
0.34285 -0.01797 0.68703
-0.38526 0.33977 0.08346
-0.35030 0.03011 0.57407
0.14534 0.10732 -0.73196
-0.37918 -0.30454 -0.38653
0.39169 0.07556 -0.45496
-0.23620 0.10759 0.53860
-0.36485 0.30169 0.21348
-0.32559 0.10856 0.60732
-0.33116 0.10346 0.01303
0.09075 -0.01797 -0.53216
0.27886 0.10405 0.65610
0.22801 -0.06512 0.70078
0.31420 0.00922 0.58512
-0.16347 0.10677 -0.23606
0.24123 0.35507 -0.72701
0.39773 -0.09515 0.07933
-0.05654 0.15747 -0.74493
0.38465 -0.18455 0.60377
0.36492 0.03198 -0.28049
-0.14667 -0.01797 -0.62526
-0.13173 -0.00605 -0.22142
0.35417 -0.01887 -0.03648
-0.28702 0.10940 -0.25309
0.16304 -0.01042 0.69222
0.25393 0.11388 0.52361
0.11539 -0.01797 -0.45707
-0.21377 0.10747 0.24961
-0.36517 0.32741 0.27757
-0.26561 -0.00605 0.41543
-0.37634 0.00076 -0.10887
-0.35303 0.05107 0.69222
0.35620 -0.04182 0.41456
-0.37392 0.21482 0.00739
-0.38136 0.26198 -0.31575
0.00830 0.29591 0.69757
-0.03111 -0.35254 -0.75087
0.27681 0.11640 0.33679
-0.37901 -0.16281 -0.51887
0.39993 -0.34834 -0.27382
-0.38407 -0.18685 -0.72538
0.35357 0.00959 0.04776
0.08630 0.11557 0.47100
0.15761 0.00932 0.62556
0.22712 0.09170 -0.73407
-0.37864 0.20955 0.22007
0.40187 0.36970 -0.28639
-0.36591 0.22880 0.47398
0.27721 0.00718 0.24347
0.38567 -0.08200 0.55148
-0.36856 -0.40970 0.06085
-0.35100 0.02987 -0.14166
-0.14002 0.02479 0.69958
0.03626 -0.00605 0.11796
0.33973 -0.01797 0.53448
-0.17130 0.00528 -0.65880
0.07247 0.10659 -0.30788
0.29233 0.01788 -0.73080
0.18281 -0.01797 -0.50059
0.38252 -0.40714 -0.75087
-0.36500 0.01723 0.08016
-0.38045 0.32064 0.01964
0.40187 -0.13226 -0.72888
-0.38002 -0.40970 -0.18120
0.20033 0.08601 0.67954
-0.23216 -0.00605 -0.02095
-0.33756 -0.03881 -0.29499
0.37802 -0.39509 0.55592
-0.05779 -0.27369 0.71108
0.00830 0.08789 0.70626
0.29564 0.00624 0.36474
0.37802 0.34063 -0.08836
0.37802 -0.39358 0.48271
0.39800 -0.29786 -0.57826
0.39791 0.15822 -0.25014
0.08568 -0.00605 -0.11044
-0.13300 0.10383 -0.02545
0.40187 0.04818 0.70196
0.33554 0.33387 0.70131
0.25601 -0.00605 0.17706
-0.36141 0.37139 0.13629
-0.37931 0.17150 0.60471
-0.33698 -0.00605 0.44853
-0.33756 -0.03249 0.14073
-0.01789 0.09735 0.67458
0.10805 -0.00605 0.38551
-0.17802 -0.00605 0.42583
0.25316 -0.01797 0.45558
0.11944 -0.01797 -0.02709
-0.08295 -0.00605 -0.00028
0.40165 0.04589 -0.72704
-0.01355 0.10724 -0.01025
-0.15085 0.10819 -0.51640
-0.06881 -0.01797 -0.70515
0.20002 0.10610 0.05088
0.20945 -0.00605 0.13492
0.37802 -0.03597 -0.71027
0.40187 -0.36637 -0.18821
0.16882 -0.01797 -0.14390
0.03502 -0.00605 -0.70783
0.39795 0.28583 -0.04925
0.35417 -0.02470 0.08466
-0.37886 -0.30893 0.48419
-0.38095 0.06533 0.28272
-0.29715 -0.01797 -0.64013
-0.09768 0.10871 0.34113
-0.38127 -0.20208 0.21558
-0.36029 -0.38858 0.69222
0.35417 -0.02105 -0.60453
-0.24197 0.06203 -0.72413
-0.37134 0.38096 0.53745
0.00756 0.19002 0.69595
-0.35246 0.05411 -0.07542
-0.36496 -0.10424 0.54301
-0.33996 0.09765 0.18959
0.37802 0.34347 0.52019
0.02094 0.39821 -0.72701
0.13955 -0.01797 0.01627
-0.07278 -0.01797 0.04173
-0.31426 -0.01797 0.68295
-0.20739 0.42625 -0.73703
0.22657 -0.00605 -0.51905
-0.32740 0.10646 -0.11320
0.19715 -0.00605 -0.31785
-0.03564 -0.01797 -0.26720
0.00830 -0.32359 0.69746
-0.31146 -0.01797 0.16528
0.07400 -0.00133 0.71079
-0.37422 0.00433 -0.75087
0.22996 -0.00605 0.66972
-0.19558 -0.32255 -0.73951
0.14781 -0.00605 -0.04850
0.12854 -0.01797 0.51439
-0.19587 0.35949 -0.75087
0.00098 0.00955 0.70816
-0.12492 0.15857 -0.73995
-0.17782 -0.00605 -0.52068
-0.07053 -0.28281 -0.73723
-0.38526 0.35679 -0.43716
-0.34050 0.35099 -0.72701
0.37802 0.35191 0.57372
-0.18168 0.11920 0.45778
0.37802 0.33513 -0.15029
-0.38116 -0.00684 -0.57673
-0.03434 -0.01797 -0.60258
0.31535 0.10580 0.48011
0.37802 0.34520 0.11900
-0.33807 0.08033 -0.74963
0.35623 0.06257 0.69237
-0.25416 -0.01797 0.66047
0.08263 0.10799 -0.18896
0.07072 -0.02555 -0.73932
-0.34102 0.00928 -0.39891
-0.36141 -0.35524 -0.25590
-0.27954 0.00377 0.58604
-0.16710 0.38945 -0.72701
-0.34023 -0.17078 0.69224
-0.36939 -0.23402 0.27252
-0.01205 -0.01797 0.04340
-0.35881 -0.00605 0.67766
0.38248 0.31317 0.01970
0.37802 -0.35464 -0.36935
-0.27769 0.10607 0.12244
0.22718 -0.23017 -0.73415
0.29311 -0.14655 -0.74710
0.21938 0.40475 0.71607
-0.19559 -0.40385 -0.75087
-0.38526 0.37694 0.28970
-0.36693 -0.13033 -0.17708
-0.16083 -0.37143 -0.72701
0.36323 -0.46247 0.71607
-0.38526 0.35185 -0.32958
0.32792 -0.00605 -0.72079
-0.11136 -0.01797 0.67742
-0.36496 -0.16236 0.28114
0.38136 -0.20533 0.68918
-0.27533 0.17461 -0.73075
0.38319 0.07096 -0.58405
0.00985 -0.00605 0.08519
-0.14127 0.19143 0.70256
0.03081 0.10635 0.31139
-0.07021 0.10692 0.24277
0.22073 -0.35790 0.71607
0.38148 -0.26478 0.61084
0.14329 -0.06636 -0.74418
-0.34826 0.08219 0.36142
0.38266 -0.40970 -0.27368
-0.37829 -0.32737 0.61677
0.22820 0.29595 0.70718
-0.34664 0.08978 0.05415
-0.24928 0.33387 0.70670
-0.36829 -0.34725 -0.41470
-0.03353 0.10585 -0.07529
-0.28995 0.09011 0.67582
-0.36523 -0.25066 -0.05294
-0.36141 0.34756 -0.67556
-0.37812 -0.05777 0.35261
-0.36721 0.30183 -0.44100
0.28390 -0.37615 0.71607
0.38587 -0.32258 0.20650
0.14812 -0.20951 -0.73087
-0.38526 -0.37634 -0.52074
0.39893 0.17831 0.71606
-0.24980 0.00510 -0.56548
-0.38129 0.29757 -0.64350
-0.38526 -0.37254 0.16026
-0.10141 0.33397 0.69453
0.17001 -0.01797 0.19882
-0.38526 -0.53989 0.70906
0.40187 -0.36709 0.39822
0.38300 -0.16210 0.40727
0.40187 -0.19538 -0.73036
-0.14434 -0.00605 -0.18071
-0.36519 0.33259 -0.05286
0.21045 -0.01797 -0.09562
-0.37388 -0.22303 -0.12476
0.38476 0.26540 -0.63848
0.39656 -0.10629 0.28465
0.00576 0.37128 0.71607
-0.36141 0.34398 -0.26067
-0.21066 0.10609 -0.62795
-0.24541 -0.00605 0.31966
-0.38140 -0.02335 -0.64435
0.25455 -0.00605 0.26890
-0.38148 -0.03693 0.14793
0.04547 -0.00605 0.18255
-0.11182 -0.00605 0.55727
0.38967 -0.02528 0.00730
0.06350 -0.01797 -0.04673
-0.30271 -0.01797 -0.18392
0.15445 -0.32100 0.69738
-0.35042 0.23088 -0.72701
0.36793 0.02292 0.17277
0.27079 0.35397 -0.75087
-0.30931 0.11578 0.37292
0.09646 -0.01797 -0.14954
0.39384 0.29757 0.33873
-0.07609 -0.00605 0.29693
0.19788 -0.01797 0.08106
-0.07641 -0.00605 0.19057
0.14105 0.36676 -0.72701
-0.18673 0.10442 0.04137
0.39115 -0.30493 -0.32289
-0.38074 0.32877 0.41536
-0.06798 0.39974 -0.75087
-0.12662 -0.01797 -0.48314
-0.35065 -0.47387 -0.72398
0.06390 0.34291 -0.72701
-0.38526 -0.21052 0.70765
0.05948 0.42861 0.69222
0.40187 -0.39965 -0.24279
-0.26756 0.26818 -0.74344
-0.13454 -0.01797 0.23832
-0.34399 0.01632 0.33071
0.19332 0.01401 -0.70441
-0.18103 0.10683 0.35880
0.28660 -0.00605 -0.14925
-0.37739 0.33387 0.34022
0.39286 0.13279 -0.04276
0.02644 0.10541 0.35583
-0.18084 -0.00605 -0.09922
0.36830 0.03047 0.28784
-0.13930 0.10746 -0.43822
-0.36141 -0.39065 0.20565
-0.05055 -0.00605 -0.12254
-0.09744 0.10831 0.59314
0.38154 0.25423 0.54523
-0.15980 -0.00605 0.54714
0.07045 -0.01797 0.23287
0.38430 0.33349 -0.63883
0.39782 -0.34728 0.03066
-0.34870 0.09406 -0.34884
0.07249 -0.09873 0.70929
-0.38469 0.33661 0.48992
0.24706 0.37900 0.69222
-0.38087 -0.06097 -0.50996
0.28677 -0.27215 -0.74604
-0.27983 0.00782 -0.05973
0.37310 -0.04182 -0.13200
-0.35678 -0.00605 -0.27813
-0.34826 -0.04182 -0.63684
0.25125 -0.01797 -0.26144
-0.09504 0.10891 0.42074
-0.18236 -0.36349 0.69222
-0.03972 0.05768 -0.72039
0.35676 0.01112 -0.59916
0.37618 -0.00605 -0.22493
0.40187 -0.27197 0.71239
-0.34918 0.03331 0.15319
0.02512 0.10385 0.14599
0.39609 0.30146 -0.58435
-0.38526 -0.36390 0.46281
-0.25147 -0.00605 -0.49499
0.34820 0.01067 0.56060
0.08019 -0.36239 -0.72701
-0.35239 -0.00605 -0.68566
0.08547 -0.17060 0.70940
-0.14128 0.11664 0.35103
0.17378 -0.40970 -0.74774
0.14422 -0.01797 -0.61380
-0.38129 -0.34729 0.67696
0.31484 -0.00605 0.61555
0.37470 -0.00605 0.33077
0.38258 0.12902 -0.64083
0.37686 0.26555 0.69222
-0.36646 0.09829 -0.24377
0.13923 0.00928 0.58198
0.29833 0.10809 0.29028
-0.30915 -0.00605 0.38376
0.38949 -0.40970 -0.47988
-0.38034 0.25803 -0.75087
-0.33712 -0.42041 0.68963
0.19159 -0.01797 0.37295
0.37802 -0.38519 -0.06283
0.33281 -0.01797 -0.35269
0.40187 0.34130 0.63417
-0.33756 -0.04073 0.37609
0.31737 0.00006 0.30960
-0.10498 -0.00605 0.42473
0.19470 0.10518 0.36635
0.20532 0.10507 0.42250
-0.27796 0.10562 0.42333
-0.35406 0.05007 -0.17908
-0.38123 0.08852 -0.04842
0.26426 0.41286 -0.74858
0.12141 -0.37910 0.69222
0.10688 -0.00605 0.24576
-0.26640 0.08591 -0.74025
0.36350 0.01846 -0.11285
-0.25776 0.10559 -0.08540
-0.38526 -0.37866 -0.15073
-0.35833 0.07910 0.44548
0.33081 0.11231 0.38995
0.25717 -0.00605 -0.36462
-0.37234 -0.24321 -0.30648
-0.19802 -0.24244 -0.74495
-0.19464 -0.00605 -0.13697
0.37802 -0.40588 -0.11122
-0.22014 0.00513 -0.64945
-0.36141 0.37517 0.47284
-0.30435 -0.01797 0.07739
0.11791 -0.00605 -0.28865
0.29773 0.09438 -0.73392
-0.13867 -0.00605 -0.30368
0.06397 0.02597 0.68562
0.12854 -0.01797 -0.33434
-0.37156 0.14360 0.00750
0.23731 -0.01797 0.41530
0.14432 0.10572 0.46829
-0.19667 0.02994 0.70842
0.28881 -0.01797 -0.71094
0.38707 0.07153 0.02349
-0.33756 -0.02193 -0.60096
0.08270 -0.01797 -0.28837
0.05228 0.11530 0.61023
-0.09961 -0.39720 -0.72701
-0.24779 -0.01797 -0.44920
-0.28080 0.00862 -0.74451
-0.37110 0.38096 -0.71655
0.39779 0.02096 -0.18036
0.37802 -0.38837 0.22587
-0.36562 -0.26984 -0.18604
-0.37327 -0.30252 0.35433
-0.34564 -0.34782 -0.75087
-0.33870 0.01346 0.28105
-0.37797 0.38096 -0.20874
0.36767 0.05104 -0.38660
-0.38526 -0.35621 -0.20115
0.14467 0.11619 0.28183
-0.37824 -0.30583 0.28645
-0.36715 0.13454 -0.72398
-0.27003 0.00335 0.62159
0.26655 -0.00605 0.00508
0.39254 -0.25241 0.40426
0.12036 -0.01797 0.04862
-0.36141 -0.01412 0.50528
0.05675 -0.01797 0.51008
-0.17200 -0.01797 0.27540
-0.27126 -0.00605 -0.19644
-0.36141 -0.02526 -0.48814
-0.04607 -0.01797 -0.04763
-0.36975 0.17484 0.22140
-0.37271 -0.40970 0.13828
-0.36141 -0.37658 0.60341
0.35750 0.01377 -0.31475
-0.32596 -0.01797 -0.71022
-0.01438 0.41906 0.71607
-0.08727 0.34929 -0.75087
-0.37807 0.15048 0.47148
-0.34321 0.01396 0.37196
0.25955 0.10764 -0.24363
-0.35043 -0.04182 -0.42719
-0.36141 -0.00807 -0.01025
-0.12647 -0.01159 0.70910
-0.24531 0.10765 -0.44565
0.39289 -0.03533 0.22151
-0.00505 -0.01797 0.38503
-0.26004 -0.01797 0.26003
-0.34245 0.09848 0.48878
-0.34819 0.02086 0.53280
0.36693 -0.30528 -0.72701
0.16825 -0.00605 0.50072
0.02533 -0.01797 0.33635
0.26667 -0.00605 0.66566
-0.31328 0.38807 -0.73392
0.39767 0.11949 0.01311
-0.38526 -0.32308 0.70327
0.10305 0.34897 0.71607
-0.25719 0.11101 0.31291
-0.36141 0.35328 0.59007
-0.18519 -0.00605 -0.42103
-0.25012 -0.01797 0.17480
-0.35207 -0.50343 0.68918
-0.12506 -0.25761 0.70619
-0.15280 0.10728 0.60224
0.14708 0.07312 0.71206
-0.01814 0.10757 0.05834
0.29090 -0.00605 0.19066
0.38160 0.03041 0.21239
0.39796 -0.22750 -0.44578
0.25059 -0.01797 -0.11252
-0.36141 0.33790 -0.56706
0.37802 0.35093 -0.30786
-0.01983 -0.01797 -0.63469
0.37802 -0.04063 -0.45577
-0.00719 0.11021 -0.58959
-0.38301 -0.40867 -0.03276
0.02144 -0.01797 0.26992
0.37823 -0.35120 -0.61866
-0.38526 -0.36972 -0.23447
-0.05459 -0.00605 -0.20428
-0.11032 -0.01797 -0.45198
-0.14679 -0.01780 -0.72701
-0.36141 0.37289 -0.35761
0.14149 0.11488 0.39336
0.21578 -0.01797 -0.60863
-0.38102 0.31309 -0.04780
0.20170 -0.01797 0.22246
0.18585 0.11030 0.57608
0.37802 -0.37617 -0.70105
-0.23588 -0.01797 0.52807
0.17462 0.04031 0.69129
-0.35349 0.06903 -0.42124
-0.13653 -0.00605 -0.34965
-0.37809 -0.09623 -0.37415
0.37802 -0.00834 -0.09055
-0.32668 -0.00605 0.58693
0.32176 0.10675 -0.20576
-0.36732 0.38096 0.02239
0.38835 -0.04459 0.33783
-0.01296 -0.00605 0.11149
-0.25382 0.00817 0.37396
-0.01388 -0.00605 -0.71320
0.08225 0.39482 0.71607
-0.24693 -0.37294 -0.75087
-0.01844 -0.00605 0.46248
-0.03881 0.10678 0.64860
-0.37779 -0.03737 0.61716
0.38571 -0.12390 -0.04315
-0.20330 -0.17519 0.69593
-0.34431 0.09513 -0.63041
-0.20529 0.24408 0.69604
-0.37988 -0.17303 -0.64026
0.00315 -0.00605 -0.33364
-0.27934 0.01101 0.31924
-0.14121 -0.01797 0.13278
0.38626 -0.26491 -0.75087
-0.06886 -0.01797 -0.53367
-0.00585 -0.01797 -0.39364
0.30126 -0.01797 -0.29358
0.33007 -0.01797 0.11291
-0.36141 -0.38346 0.29742
-0.38526 -0.52164 -0.74542
-0.13382 -0.13634 -0.73075
-0.06248 -0.00605 -0.50072
0.38028 -0.40970 0.44632
0.14846 -0.00605 0.33814
0.40187 0.36228 -0.11414
-0.34886 0.02048 -0.48836
-0.28180 0.10866 0.22198
0.37802 -0.38787 -0.56829
-0.19646 -0.00605 0.61989
0.40187 -0.36646 0.10370
0.39062 -0.30241 0.60205
-0.09272 -0.37676 0.69222
0.02437 -0.01797 0.59825
0.13721 -0.40112 0.71607
0.01588 -0.00605 -0.09091
-0.38526 0.35211 0.61809
-0.19569 0.00634 -0.58874
0.37802 -0.39284 0.38380
-0.38526 -0.35689 0.10158
-0.35184 0.07058 -0.04288
-0.01057 -0.00605 -0.03201
0.17545 0.11410 0.52361
0.39597 -0.28399 0.02113
-0.35872 -0.54897 0.68933
-0.32216 -0.00605 -0.54829
-0.38012 -0.34725 -0.44672
0.01617 -0.00605 -0.20827
-0.37125 -0.10758 0.42017
0.35417 -0.02024 -0.47615
0.36474 0.01825 -0.05284
0.20249 -0.00980 -0.72701
0.06897 -0.01797 0.09629
0.37153 0.06320 -0.08480
0.39553 0.08739 -0.25465
-0.38526 -0.37029 0.50781
-0.28202 -0.37784 -0.72701
0.40187 0.34650 0.16583
-0.08141 -0.00605 -0.64121
0.06189 -0.00605 -0.19893
0.21768 -0.00605 -0.17502
-0.37924 0.10822 -0.63942
-0.38526 -0.37094 -0.38780
-0.21183 -0.17090 -0.74142
0.35649 0.10494 0.22545
0.37802 -0.36387 -0.15794
-0.36141 -0.02475 -0.16872
-0.16824 -0.00605 0.17031
0.12869 -0.01797 -0.58107
-0.26874 -0.19811 0.71015
0.38362 -0.02987 -0.05604
0.39798 0.00487 0.41300
0.01562 0.09918 0.67015
0.38176 -0.24256 0.28225
-0.37941 0.05532 0.07627
-0.05378 0.10727 -0.32940
-0.37078 -0.25512 0.42005
-0.33866 0.31212 0.69289
0.40187 -0.36788 0.59868
-0.22755 0.10454 -0.29919
0.11232 0.00569 -0.68985
-0.16937 -0.00605 0.10736
-0.35090 0.06687 0.20176
0.37802 0.33695 -0.70781
0.05256 -0.01797 -0.43523
-0.28190 0.25039 0.70819
-0.36485 0.03803 -0.57938
0.37802 -0.02055 0.68851
0.36837 0.04955 -0.25062
-0.24774 -0.01797 0.58380
-0.27658 -0.01797 -0.71492
0.21329 -0.00605 -0.44734
-0.06095 0.11275 0.42448
-0.11409 0.06458 -0.72350
0.37124 0.06319 -0.47872
-0.35168 0.07755 -0.54276
-0.36141 0.36327 -0.61798
0.38817 -0.30125 -0.19072
-0.28434 0.11990 0.29506
0.10497 -0.00605 0.46048
-0.26572 -0.00605 -0.64172
0.31913 0.10880 0.15649
-0.21311 0.10611 -0.16900
-0.36611 0.22956 -0.50851
0.37933 0.33387 -0.45541
0.30029 0.11099 0.62789
-0.35547 0.19524 -0.75087
0.28483 0.10418 -0.36723
-0.24932 -0.00605 0.13200
0.40187 -0.37671 0.19560
0.37802 0.33503 -0.23736
-0.05406 0.40490 0.71607
0.39648 0.24755 0.40723
0.40022 0.33507 -0.20521
-0.37977 0.13576 0.15274
-0.15710 -0.01797 0.51035
0.27363 -0.34725 -0.73383
0.32993 0.10569 -0.08080
-0.34736 0.07891 0.67457
-0.35650 -0.21150 -0.75087
0.26237 0.10799 0.22654
0.08607 -0.01797 -0.02213
-0.25384 -0.00605 -0.22530
0.15035 -0.01797 0.64325
0.36812 -0.00897 -0.72701
0.37802 0.37272 -0.47741
0.39610 -0.00909 -0.65041
0.16849 -0.01797 -0.64541
0.35991 0.09891 -0.52993
0.18053 -0.00605 -0.21369
-0.05699 -0.01797 0.09343
0.00830 -0.31985 -0.73580
0.11783 0.01054 0.65941
0.39221 -0.26315 0.55215
