0.47439 -0.30232 0.11623
-0.21883 0.80583 0.15285
-0.49824 -0.60756 -0.24283
-0.11597 0.06634 -0.24854
0.49931 0.59497 -0.22707
0.31949 -0.82278 -0.19173
-0.03030 0.43500 -0.21367
-0.26778 -0.23236 0.15285
0.20360 0.30044 0.15285
-0.24064 -0.77129 0.15285
-0.49824 0.32179 0.00289
0.43832 0.06634 -0.19435
0.11560 -0.30232 -0.24959
0.25780 -0.72682 0.15285
0.16314 0.82534 -0.23960
-0.50180 0.75825 -0.25196
-0.51993 -0.13789 -0.18743
0.18032 0.45668 -0.24194
0.41272 0.82534 0.11853
-0.20706 0.19741 0.12393
0.51119 -0.53709 -0.25196
0.19826 0.02280 0.15285
-0.04134 -0.64930 -0.20503
-0.50735 -0.56064 0.15285
-0.28736 -0.30232 -0.24834
0.13294 -0.36432 0.12393
0.51299 0.42104 0.15285
0.52099 -0.77453 -0.01206
0.16749 0.06634 -0.05261
0.08332 0.61884 0.12393
0.52099 0.05037 0.13873
-0.36700 0.06634 0.04197
-0.51993 0.76808 0.13233
0.03620 -0.82278 -0.04739
-0.28159 0.45668 -0.02245
-0.18836 0.82534 -0.19026
-0.32944 -0.82278 -0.14398
0.49931 -0.17990 -0.25058
0.31610 -0.64930 -0.13935
-0.26363 -0.64930 -0.03724
-0.06841 -0.60090 0.15285
-0.04498 -0.11531 0.15285
0.49931 0.34079 -0.17161
0.52011 0.82534 -0.04775
0.28540 -0.82278 0.00484
0.52099 -0.76702 -0.12691
-0.46244 0.44655 -0.25196
-0.48136 -0.08462 0.15285
-0.08601 -0.30232 -0.04571
0.02699 0.43500 0.01893
-0.49824 -0.39378 -0.06406
0.39566 -0.44848 0.15285
-0.24961 0.54820 0.15285
-0.49824 0.24773 -0.25077
0.33093 -0.28064 -0.10232
-0.51993 -0.78269 -0.05905
0.01237 0.82534 0.00291
0.42662 0.44279 -0.25196
-0.43389 0.06634 -0.18695
-0.08140 -0.64930 -0.07086
0.31521 0.45668 0.00566
-0.04224 -0.28064 -0.02072
0.30337 0.03729 0.12393
0.31339 0.58066 0.15285
-0.49824 0.58146 -0.03298
-0.38564 0.80366 -0.02400
-0.29190 -0.46556 0.15285
-0.00887 0.29306 0.15285
-0.01360 0.08802 0.04085
0.13308 -0.64930 0.02716
-0.42232 0.33031 0.15285
0.52099 -0.56746 0.00733
0.22484 0.08802 -0.23992
0.52099 -0.10047 0.01026
-0.31497 -0.72934 0.15285
0.24689 0.82534 -0.01546
-0.51993 -0.28568 0.13802
0.27975 -0.20989 0.15285
0.39283 0.80382 -0.25196
0.49931 0.63955 0.04056
-0.04266 0.45668 -0.13932
-0.51541 0.51805 0.15285
0.19632 -0.82278 -0.09252
-0.37841 -0.28064 -0.05178
-0.28516 -0.68047 -0.25196
-0.07016 -0.35617 0.15285
0.49931 -0.35336 -0.08790
-0.22152 0.00902 0.12393
0.01613 -0.82278 0.15240
-0.13746 -0.82278 -0.21722
0.43226 0.26247 0.15285
0.17889 -0.56370 0.15285
-0.48700 -0.82278 0.14655
-0.51993 0.12675 0.12460
-0.51993 0.02302 -0.04552
0.15181 -0.30232 0.03411
0.08455 0.81361 0.15285
0.17341 -0.72378 -0.25196
0.41492 -0.81970 0.15285
-0.06317 0.51384 0.15285
0.42099 -0.72773 -0.25196
0.49931 0.20859 0.00716
-0.23396 0.43748 -0.25196
0.02391 0.08641 -0.25196
-0.04394 -0.30232 -0.24828
-0.51993 -0.17346 -0.04296
0.52099 0.31542 -0.22936
0.26252 0.70726 0.12393
-0.46221 -0.28204 -0.25196
0.12950 0.13842 0.12393
-0.10102 -0.82278 0.00731
0.26194 -0.39615 0.15285
-0.17130 0.06634 -0.05267
-0.11265 -0.14360 0.15285
-0.51050 -0.82278 -0.24984
0.41235 0.06634 -0.03282
-0.44111 0.43500 0.02560
0.16769 0.48767 0.12393
-0.49824 -0.58846 -0.03196
0.00547 0.03085 0.12393
0.40725 -0.64092 0.15285
0.42373 -0.28064 0.05376
0.07203 0.45668 -0.23988
-0.49824 0.16436 -0.10016
-0.01600 0.80366 -0.19507
0.46775 0.43500 -0.03680
0.49931 0.77311 -0.21729
0.42410 -0.30232 -0.24913
0.43687 -0.14042 0.15285
0.51860 -0.03341 -0.25196
-0.39388 -0.64930 0.05658
0.49931 0.00307 -0.03869
-0.49824 0.74468 -0.07316
-0.35400 0.69370 0.15285
0.09967 -0.11091 0.15285
-0.34925 0.80366 -0.19686
-0.39240 -0.34663 0.15285
0.39767 -0.82278 -0.11053
0.14365 -0.64930 -0.13568
0.52099 0.81843 0.01302
0.37393 0.43500 0.08402
-0.51993 0.05650 0.13970
-0.11517 0.64319 0.12393
-0.15392 0.38563 0.12393
-0.30197 -0.64930 -0.15922
-0.30320 -0.82278 0.02984
-0.32774 -0.07995 0.15285
0.42033 -0.82278 0.00842
-0.49824 0.57316 -0.24971
0.29029 0.45668 -0.11950
-0.19576 0.82534 -0.00744
-0.22029 -0.28064 -0.09740
-0.13769 0.43500 0.03309
-0.19262 -0.64930 0.11764
0.09360 -0.64930 -0.09284
0.42974 -0.64930 -0.00012
-0.35582 0.16868 0.15285
-0.12831 -0.28064 0.04192
0.44597 -0.64930 -0.06294
-0.02893 -0.46820 0.15285
-0.01646 0.08802 -0.10088
0.15991 0.43500 -0.07023
0.17819 0.82534 0.07748
-0.27105 0.08802 -0.22107
0.19253 -0.82278 0.07759
0.06766 -0.82278 -0.19557
-0.29541 0.34226 0.15285
0.52099 0.16327 -0.16104
-0.51993 -0.41302 -0.22276
0.22761 -0.28064 -0.17356
0.21687 0.08802 0.09349
0.49931 -0.48725 -0.12193
0.11377 -0.82278 0.04419
-0.44144 0.82534 -0.16245
0.49931 -0.43776 0.07194
-0.49824 0.42274 -0.11533
-0.14781 0.09533 0.12393
0.36275 0.17116 0.12393
-0.41852 -0.82278 -0.11214
0.03470 -0.23634 0.15285
0.05374 -0.68419 0.15285
-0.20731 0.45668 -0.09442
0.31017 0.82534 -0.17896
-0.20676 -0.37350 0.12393
0.50335 0.69831 0.15285
0.47905 0.56248 0.15285
0.52099 -0.52073 0.14518
-0.38347 0.59617 0.15285
-0.51993 -0.76426 0.08929
0.49931 -0.22070 0.02169
0.37147 0.80366 0.00219
-0.02926 0.16452 0.12393
-0.49824 -0.41758 0.08791
0.08480 -0.25710 0.12393
0.49931 0.55644 -0.10010
-0.51993 -0.69480 -0.16233
0.49931 0.35161 -0.01378
0.02970 -0.30232 -0.14795
0.52099 -0.22541 -0.13417
0.28528 0.43500 -0.24759
-0.49824 0.25420 0.11788
0.52099 -0.61583 -0.21961
-0.36286 0.06634 -0.06751
0.16504 0.06634 -0.10822
0.27118 0.82534 0.13362
-0.51993 -0.50497 -0.14012
0.28760 -0.54485 0.12393
-0.35158 0.47906 0.15285
0.12623 0.23975 0.12393
0.10407 0.82534 -0.10724
-0.35230 0.43500 -0.14787
0.49931 0.69506 -0.11842
0.32021 0.37959 0.12393
0.40452 -0.35191 0.12393
0.27188 -0.30232 -0.00980
-0.07952 0.78471 0.12393
-0.41818 0.08802 0.00681
-0.51993 0.41515 0.12090
-0.51993 0.66386 0.07404
0.09542 0.38638 0.15285
0.52099 -0.71976 0.12961
-0.02446 -0.74869 -0.25196
-0.51993 0.12634 -0.20537
0.49931 0.49128 -0.24458
-0.15588 -0.51314 0.12393
-0.07998 0.03196 0.12393
-0.13671 0.48174 0.15285
0.52099 -0.09362 -0.15014
-0.39091 -0.30232 0.06557
-0.41087 -0.47637 0.15285
-0.41942 -0.64930 -0.09253
0.22954 -0.08674 0.12393
-0.35279 0.81613 -0.25196
-0.47990 -0.28064 -0.10775
-0.51993 -0.13950 0.10207
-0.12735 -0.82278 0.12067
0.31737 -0.64930 0.00313
0.32380 0.06634 -0.14864
-0.51993 0.27778 -0.12172
-0.26492 -0.28064 0.02409
0.52099 -0.39801 -0.21810
-0.49824 -0.01856 -0.17721
-0.33929 -0.60189 0.15285
-0.24171 0.08802 0.04135
0.27303 -0.27670 0.15285
0.49931 -0.03843 0.09025
0.37478 0.71985 0.12393
0.48136 -0.82278 -0.22764
0.41262 0.05759 0.15285
-0.47702 0.80366 0.05074
-0.04567 -0.64930 0.07303
-0.48302 -0.68341 0.15285
-0.38703 0.01466 0.15285
-0.13757 -0.30232 -0.18836
-0.31541 0.82534 0.07176
0.16863 -0.64930 0.08297
0.06056 0.50028 0.12393
-0.06832 0.80366 -0.09023
0.00355 0.70822 0.12393
-0.32597 0.63869 0.12393
0.44549 0.32068 0.12393
0.30484 -0.28064 -0.20920
0.49931 0.30933 0.07180
0.46143 0.43500 -0.13372
0.10221 0.08802 0.04833
-0.51993 -0.30816 0.03752
0.31200 -0.74173 -0.25196
0.18884 0.60901 0.15285
-0.17800 -0.30232 -0.24930
-0.41117 -0.18005 0.15285
-0.21411 -0.82278 -0.08094
0.29960 0.16805 0.12393
-0.22643 0.68827 0.12393
-0.49824 0.64584 -0.14739
-0.14841 -0.25795 0.15285
-0.26468 0.82534 -0.07438
-0.49824 0.38630 -0.20123
-0.00979 0.39395 0.15285
-0.51993 -0.54201 0.06989
-0.09980 0.25960 0.15285
0.46964 -0.64930 0.09485
-0.49280 0.62378 0.15285
-0.33285 -0.78954 -0.25196
0.04781 -0.57372 0.12393
0.33786 -0.09603 0.15285
-0.23951 0.45668 0.08645
-0.51993 -0.09958 -0.07805
-0.42264 -0.73386 -0.25196
-0.07668 -0.70405 0.15285
0.14083 0.72669 0.15285
0.52099 0.51145 0.05478
0.52099 0.65931 -0.07735
0.52099 0.12339 -0.06945
0.52099 0.17889 0.13646
0.07427 -0.30232 -0.01312
0.47962 -0.37805 0.15285
-0.30193 0.08802 0.10595
0.01445 -0.64930 -0.00088
0.17947 -0.82278 0.14198
0.41566 0.45668 -0.09861
0.50537 0.81689 0.15285
-0.49824 0.52029 -0.13488
-0.35806 -0.28064 -0.24115
-0.36200 -0.81947 0.15285
0.46141 0.46108 0.15285
0.38378 -0.23572 0.15285
-0.17593 -0.64930 -0.21386
-0.51993 0.21237 0.00036
-0.39246 -0.65007 -0.25196
0.30660 0.08802 0.01947
0.06864 0.80366 -0.14173
0.28118 0.08802 -0.03105
-0.23452 0.06634 -0.06232
-0.05040 -0.82278 -0.12759
0.49931 0.09885 0.03517
-0.11951 0.45668 -0.17795
0.40015 0.80366 -0.10693
0.16611 -0.18719 0.15285
-0.47493 -0.82278 0.03707
0.52099 -0.34884 0.01188
-0.51993 -0.66407 0.05385
0.42154 -0.30232 -0.13009
-0.01122 -0.30232 0.07853
0.12389 0.08802 -0.19806
0.02980 0.80366 0.09146
-0.22887 -0.09097 0.12393
-0.03878 0.45668 0.00620
0.30033 -0.82278 0.11176
0.06619 -0.67137 -0.25196
0.39817 -0.05809 0.12393
-0.45729 0.08802 -0.13133
-0.51993 0.51969 0.05144
0.24486 0.82534 -0.25173
0.14672 -0.30232 -0.12393
0.51246 -0.82278 0.08719
0.11237 -0.03994 0.12393
0.06633 0.43500 -0.14382
0.26381 0.45879 0.12393
-0.49824 -0.20289 -0.18090
-0.49824 -0.04024 0.06386
-0.21639 -0.74925 -0.25196
-0.44190 0.11215 0.12393
-0.51993 0.12143 0.02813
0.18263 0.45668 0.02387
-0.51993 -0.48809 0.01530
-0.11774 0.82534 -0.24192
0.52099 -0.46289 -0.00801
0.23274 0.20008 0.15285
0.18036 -0.82278 -0.21317
0.52099 -0.68302 -0.06588
0.52099 -0.62747 -0.14797
-0.04085 -0.28064 -0.15183
0.19586 -0.29057 0.15285
-0.51993 0.43612 -0.00886
0.21018 -0.28064 -0.04079
0.13492 -0.49889 0.12393
-0.31676 0.78307 0.15285
0.34579 0.29251 0.15285
-0.42977 0.43500 0.12047
0.52099 0.04143 -0.19173
0.49931 0.24192 -0.08766
0.07249 -0.42165 0.15285
0.33908 0.07287 -0.25196
0.12354 0.45668 -0.16343
-0.21782 0.30835 0.15285
-0.45811 0.80693 0.15285
0.52099 -0.15737 0.10142
-0.03549 -0.82278 0.05583
-0.37861 0.45668 -0.02289
0.52099 -0.68161 0.05315
0.41132 0.08802 0.06397
-0.03869 -0.64930 -0.14032
-0.24658 -0.53144 0.15285
-0.34275 0.25654 0.15285
0.07737 0.06634 -0.15033
-0.14799 -0.82278 -0.09679
0.35808 -0.68812 0.15285
0.23689 0.80366 -0.11019
-0.30588 -0.35490 0.12393
-0.12501 0.72681 0.12393
0.03750 0.06634 -0.02081
0.01767 0.44959 0.15285
-0.08017 0.08802 -0.16083
0.40447 -0.55225 0.15285
0.32301 0.63750 0.12393
0.49931 0.42219 0.04741
0.33805 -0.45571 0.15285
-0.51993 0.82133 -0.20712
-0.39905 -0.30232 -0.16147
-0.29861 -0.28064 -0.12372
0.22353 -0.64930 -0.21847
-0.44226 0.66036 0.12393
-0.49824 0.59413 0.02998
-0.51993 -0.82189 -0.14840
-0.14423 0.82534 -0.10855
0.49931 -0.49110 0.04498
-0.46763 0.82534 0.00504
-0.33316 0.43500 0.04036
0.32417 -0.30232 0.05067
0.52099 -0.55847 -0.06604
-0.50164 0.05692 -0.25196
0.02798 -0.33123 0.15285
-0.13678 -0.04156 0.15285
-0.07764 0.33409 0.12393
0.23943 -0.64930 0.03538
-0.26731 -0.30611 0.15285
-0.42774 -0.57694 0.12393
-0.33139 0.08802 -0.17610
-0.06016 -0.21998 0.12393
0.41889 0.62883 0.12393
-0.11585 -0.43103 0.15285
0.23496 -0.49340 0.12393
0.30323 -0.64930 -0.24374
0.15748 -0.68824 0.15285
0.47005 -0.28064 0.00050
0.51338 0.13224 -0.25196
0.14648 0.82534 -0.01963
-0.35433 0.45668 -0.21432
0.52099 0.73171 -0.03378
-0.28967 0.22425 0.15285
0.04254 0.13256 0.15285
0.52099 -0.70958 -0.22966
-0.21442 0.61771 0.15285
-0.40327 -0.10351 0.15285
-0.51993 -0.49101 -0.08199
-0.51993 0.02841 0.04743
0.10421 0.28512 0.15285
-0.28779 0.41949 0.15285
-0.30350 -0.64930 0.05836
0.52099 -0.30472 -0.20807
0.38374 0.45668 0.01461
0.17786 0.36478 0.12393
-0.21988 0.13339 0.12393
-0.45924 -0.42568 0.15285
0.45543 -0.22422 0.12393
-0.11203 0.43500 -0.07724
-0.17417 0.08802 -0.17245
-0.07971 0.59286 0.15285
0.25822 -0.63661 0.12393
-0.14222 -0.74016 0.15285
-0.09842 0.06634 0.03327
0.47043 0.82534 -0.15094
-0.36300 0.06932 -0.25196
0.52099 -0.00800 -0.13516
0.36185 0.43500 -0.19006
0.34104 0.46715 0.15285
-0.51993 -0.26037 -0.03956
0.39254 -0.64930 -0.18115
0.24581 -0.64930 -0.12499
-0.51993 -0.59940 -0.14349
-0.42431 -0.82278 -0.23485
-0.19028 -0.64930 0.01977
0.03974 -0.29056 -0.25196
0.52099 0.74272 0.07166
-0.51993 -0.22904 0.06486
0.50986 0.22051 -0.25196
0.23403 0.36780 0.12393
0.40012 0.52937 0.12393
0.32539 0.80366 0.07099
0.23045 0.43500 -0.03221
0.02379 0.22970 0.12393
0.03661 -0.15631 0.12393
-0.49824 0.72873 0.00035
0.08693 0.80366 0.00374
0.46560 0.12507 0.12393
-0.51993 -0.30497 -0.19220
-0.49824 -0.36325 0.02934
-0.07670 0.82534 0.00018
-0.39018 0.80366 -0.11875
-0.30584 -0.16972 0.15285
-0.18352 -0.30232 -0.03448
-0.51993 0.66490 -0.07399
0.34637 -0.82278 -0.05627
0.39548 -0.30232 -0.05001
-0.01510 -0.04218 0.15285
-0.44149 0.82462 -0.25196
-0.41330 0.50489 0.15285
-0.49824 0.20315 -0.16405
0.07127 -0.76310 -0.25196
-0.12310 0.14319 0.12393
0.08729 0.03978 0.12393
-0.23287 -0.82278 0.09237
-0.19413 -0.18084 0.15285
-0.51993 -0.49851 -0.21425
-0.51993 0.45577 -0.18351
-0.11614 -0.69418 -0.25196
0.02241 0.57005 0.15285
0.50485 -0.82278 -0.05502
-0.06142 0.43500 0.10742
-0.19550 0.44323 0.15285
-0.46931 -0.01618 0.15285
-0.43731 -0.76259 0.15285
-0.51993 -0.72316 -0.24663
0.49931 -0.22338 -0.06170
0.39627 -0.78612 -0.25196
0.22753 -0.28064 0.07760
0.22627 0.45668 -0.16384
-0.37940 0.32537 0.12393
0.17330 0.80366 -0.15366
0.12248 -0.82278 -0.05033
0.07391 0.81849 -0.25196
-0.46882 0.82534 -0.08569
-0.27074 0.43500 -0.20164
-0.20630 0.45668 0.00374
-0.05067 -0.54300 0.15285
0.52099 0.48908 -0.09613
-0.13954 -0.58531 0.15285
-0.44159 -0.28064 -0.00493
-0.28677 -0.00980 0.12393
-0.49824 0.04779 -0.10251
-0.35386 -0.82278 -0.07111
-0.34263 -0.64930 -0.08725
-0.40216 0.40022 0.12393
-0.51993 0.73259 -0.14209
-0.23629 -0.28064 -0.18507
0.48982 0.28437 0.15285
-0.42382 0.45668 -0.16840
-0.11492 0.80366 0.02129
-0.40643 0.82534 0.07837
0.20174 0.66209 0.12393
-0.27878 0.80366 -0.01715
0.49931 0.38674 -0.12131
0.08513 0.71858 0.15285
0.49931 0.40866 -0.22230
0.06310 -0.64930 -0.17939
-0.20465 0.08802 -0.22155
0.09573 -0.64930 0.10416
0.46112 0.80366 -0.01344
-0.01634 0.79165 0.15285
0.17131 0.41269 0.15285
0.33328 -0.36886 0.12393
-0.19902 0.82534 0.07081
0.24824 0.43500 0.06009
-0.21278 -0.28064 0.06923
-0.00301 0.62995 0.12393
0.38992 0.38646 0.12393
-0.24693 0.82534 -0.20517
0.44981 0.82534 -0.22783
-0.00323 -0.82278 -0.22408
-0.49757 -0.19421 0.15285
0.48601 0.62742 0.15285
0.23355 0.82534 0.08328
0.45726 0.06634 0.07671
-0.01017 -0.39875 0.12393
0.48468 -0.45263 0.15285
-0.12302 -0.64930 0.02619
-0.06879 -0.30232 0.12154
0.49931 0.36903 0.08605
0.50433 -0.05620 0.15285
-0.49824 0.29149 -0.17606
0.52099 0.69129 -0.18569
-0.17432 0.02852 0.15285
-0.51993 0.50560 -0.05939
0.52099 -0.15240 -0.17140
-0.17631 0.53360 0.15285
0.49931 -0.25419 0.07180
-0.38804 0.25937 0.12393
0.30668 0.25285 0.12393
0.30775 0.82534 -0.06864
0.03130 0.45668 -0.06854
-0.42801 -0.28064 0.11858
-0.49824 -0.07726 -0.24403
-0.47436 -0.64930 -0.02355
0.52099 0.76678 -0.14092
0.08983 0.80366 0.09081
-0.45427 -0.64930 -0.16568
0.42394 -0.40275 0.12393
0.52099 0.51092 0.15261
0.02044 -0.82278 -0.11941
0.37637 0.25038 0.12393
0.49931 0.21942 0.11339
-0.49824 -0.41059 -0.14132
0.52099 0.09001 -0.13772
0.35205 0.08802 0.09616
-0.51993 -0.31347 -0.08164
-0.29322 0.08802 -0.02641
-0.32642 -0.28064 0.02399
0.49931 0.56387 -0.16141
0.49931 -0.35201 -0.17484
-0.09506 -0.28064 -0.12038
-0.51993 0.37689 0.03912
-0.33728 -0.52743 0.12393
-0.43678 0.06634 0.07571
-0.51993 -0.04408 -0.05053
0.52099 -0.24740 0.14481
0.06444 -0.75232 0.15285
0.52099 -0.43543 -0.09342
0.43304 0.19345 0.15285
0.45873 0.37849 0.12393
0.04628 -0.82278 0.05344
-0.40086 -0.65745 0.15285
0.08584 -0.82278 0.13378
-0.51993 0.59603 -0.11324
-0.39083 -0.52396 0.12393
0.45971 0.08802 -0.11861
0.16654 -0.03158 0.12393
-0.51993 -0.17789 -0.10822
-0.30547 -0.64421 0.15285
0.29268 -0.02882 0.15285
-0.51993 -0.61130 0.07654
-0.04602 0.08802 -0.02779
-0.13903 -0.64930 -0.12569
-0.51993 0.55641 -0.17817
-0.51993 -0.69816 -0.05210
-0.14057 0.21072 0.12393
0.01869 -0.28064 -0.07815
0.14764 -0.82278 -0.15833
0.43785 0.43500 0.08310
-0.16297 0.82534 0.15069
0.35086 -0.16522 0.12393
-0.49824 0.34341 -0.10797
0.18739 0.16624 0.15285
-0.51993 -0.46320 0.14448
0.12109 0.43500 -0.01628
0.18310 0.54537 0.12393
-0.45690 -0.32502 0.15285
0.52099 -0.15394 -0.05227
-0.46235 0.54951 0.12393
-0.34967 -0.24078 0.15285
0.10530 0.55370 0.15285
0.17452 0.07790 0.15285
-0.29967 0.08802 -0.10821
0.09849 -0.30232 0.07730
0.00033 -0.64695 0.15285
0.40820 0.82534 0.05756
0.18698 -0.44695 0.15285
-0.03429 0.11072 0.15285
-0.07815 -0.03951 0.15285
0.37293 0.00849 0.15285
-0.37762 -0.82278 0.06463
0.35189 -0.59721 0.12393
0.49931 0.49161 -0.05175
-0.28610 -0.30232 -0.04968
-0.11106 -0.75849 -0.25196
0.52099 0.02205 0.04255
0.33114 -0.25742 0.12393
-0.08897 0.06634 -0.05533
-0.23550 -0.64930 -0.21036
0.52099 -0.29317 -0.09079
-0.36722 0.08802 0.11119
0.52099 0.31783 -0.08338
0.04882 -0.51075 0.15285
0.52099 -0.32469 0.12474
0.11282 -0.57494 0.12393
0.49931 -0.56585 -0.14216
0.15113 0.77358 0.12393
-0.12992 0.43500 0.10312
0.52099 0.26457 -0.16085
-0.19395 0.43500 -0.17653
-0.16079 -0.82278 -0.03625
0.45599 -0.00577 0.12393
0.10141 -0.28064 -0.17402
-0.04755 -0.82278 0.13496
-0.25341 -0.82278 -0.13140
0.49931 -0.11743 -0.08050
0.52099 -0.62181 0.12550
-0.19866 -0.43925 0.15285
-0.29111 0.43500 -0.09164
-0.18993 -0.30430 0.15285
-0.51993 0.73817 0.05643
-0.49824 -0.23517 -0.24280
0.08720 0.20864 0.15285
0.29006 -0.15698 0.15285
0.06819 0.43500 0.07132
-0.33204 -0.28064 0.11784
-0.21855 0.37074 0.15285
-0.44872 0.45668 -0.07924
0.26631 -0.82278 -0.25111
0.28329 0.51235 0.15285
0.22617 -0.30232 -0.24455
0.24879 0.43248 0.15285
0.36577 -0.28064 -0.17461
0.33478 0.08802 -0.07405
-0.45749 0.08802 -0.06383
0.49548 -0.64930 -0.00614
0.52099 0.55542 -0.02812
-0.48045 -0.82278 -0.08399
-0.11904 -0.64930 -0.20382
0.52099 0.45600 -0.17225
0.44217 -0.29292 0.15285
0.52099 -0.56386 0.08538
-0.26380 -0.40576 0.12393
0.19603 0.06634 -0.16450
0.35975 0.45146 -0.25196
-0.03954 -0.82278 -0.03640
-0.51993 0.69211 0.12774
0.05054 0.30440 0.12393
-0.16976 0.45668 -0.22191
-0.34530 0.39499 0.12393
-0.24274 -0.14057 0.12393
0.34496 -0.28064 0.00166
0.48240 -0.82278 -0.17185
0.40449 -0.82278 -0.18900
0.22302 0.74433 0.12393
-0.26791 0.62829 0.15285
-0.31536 0.54124 0.12393
0.20410 -0.30232 -0.10194
0.35688 0.80366 -0.07230
0.18542 -0.64930 -0.07992
0.45845 -0.65912 -0.25196
0.49931 -0.08630 -0.22052
0.52099 -0.69962 -0.17083
0.10045 0.08802 -0.07577
0.45033 -0.64930 -0.12833
-0.49824 0.69382 -0.22074
-0.49824 -0.07178 0.00213
-0.51993 0.66078 -0.00853
0.47688 0.06634 -0.03612
-0.11164 0.53650 0.12393
-0.39185 -0.64930 -0.02136
0.17871 -0.82278 0.00192
-0.40518 -0.40537 0.15285
-0.27380 0.73761 0.15285
0.47834 -0.76155 0.15285
-0.28191 0.45668 0.08133
0.34021 0.82534 0.14325
-0.17820 0.65747 0.15285
0.15942 -0.28064 0.10379
0.36866 -0.31687 0.15285
-0.49500 0.18783 0.15285
-0.27135 0.08802 -0.15803
-0.24126 -0.46066 0.15285
-0.51993 -0.09231 -0.15361
-0.50760 0.32953 -0.25196
0.38325 0.06634 -0.08574
0.15089 0.67637 0.15285
0.17079 -0.28064 -0.18954
-0.51993 -0.03695 0.12554
0.00800 0.80366 -0.09383
-0.21414 0.82534 -0.11962
-0.03756 0.82534 0.10085
0.25533 0.06634 -0.17667
-0.51993 0.23565 -0.06960
0.34556 0.45668 -0.06924
-0.51344 -0.04322 -0.25196
0.52099 0.50214 -0.17533
0.51576 0.04160 -0.25196
0.11903 0.80366 -0.19876
-0.51993 -0.42603 -0.02644
-0.49824 0.16676 0.06670
0.23367 0.08802 0.02646
-0.49824 0.03548 -0.15144
0.51775 0.65903 -0.25196
0.41129 -0.82278 0.08445
0.36312 -0.64930 -0.05821
-0.49824 0.49237 0.10399
0.25516 -0.33226 0.12393
-0.16401 0.08802 0.04277
0.36679 0.80366 -0.16655
0.04225 0.66693 0.15285
0.34619 0.51556 0.12393
-0.13129 0.82534 0.08555
0.49931 -0.41215 -0.02168
-0.47782 0.33297 0.12393
-0.41836 -0.82278 -0.03499
-0.51993 -0.35895 -0.19460
0.02515 -0.30232 0.02104
0.35809 -0.68585 -0.25196
-0.27372 0.15139 0.12393
0.20165 0.26953 0.12393
0.49931 -0.17176 0.04407
-0.04707 0.06634 -0.21769
0.14019 -0.28064 -0.07063
-0.32077 -0.82278 0.08717
-0.49824 0.16989 -0.24627
-0.51993 -0.75280 0.01484
0.05599 0.82534 -0.05282
-0.51993 -0.76375 -0.13001
0.25873 0.65043 0.15285
-0.07005 0.08802 0.09385
0.04017 -0.00625 0.15285
0.13900 -0.30480 0.15285
0.24783 0.09854 0.15285
0.47700 -0.66603 0.15285
-0.49824 0.78139 -0.11769
-0.25755 -0.61173 0.12393
0.46271 0.74340 0.15285
-0.41094 -0.25614 0.15285
-0.16994 0.45668 -0.04870
0.28122 -0.30232 -0.08375
0.14753 -0.62146 0.15285
-0.49824 -0.17776 0.02343
-0.28009 0.82534 -0.24661
0.22198 0.06634 -0.09101
-0.20084 -0.58910 0.15285
-0.37048 -0.82278 -0.20105
0.19284 -0.64930 -0.01685
0.26803 0.32622 0.15285
0.11429 -0.80959 -0.25196
-0.04806 0.43500 -0.07900
0.22296 0.51589 0.12393
-0.49703 0.43500 0.06674
-0.48838 0.06634 -0.00287
0.11794 -0.18357 0.12393
0.14592 -0.08937 0.12393
-0.18236 -0.30232 -0.15008
-0.49824 -0.12260 0.04173
-0.06093 -0.64930 0.00299
0.52099 -0.23484 -0.21381
-0.51625 0.50861 -0.25196
0.52099 0.20023 0.06849
0.49931 0.46265 0.10586
-0.06516 -0.82278 -0.21978
0.33128 0.82534 -0.23933
0.48450 0.80366 0.05908
0.29523 0.74982 0.15285
-0.12200 0.82534 -0.02880
-0.19473 0.74104 0.15285
-0.08329 -0.47919 0.12393
0.37294 -0.64930 0.04873
0.49931 0.28204 0.00324
-0.24133 0.80366 0.04355
-0.46791 0.73342 0.12393
0.49931 -0.36885 0.08650
0.47980 0.08802 -0.23360
0.03198 0.06634 -0.14692
0.25524 0.56173 0.12393
-0.01603 0.06634 -0.15309
0.20359 0.45668 -0.11431
-0.47463 -0.51207 0.12393
-0.32868 0.82534 -0.06101
-0.44399 0.08802 -0.24178
0.49931 0.47398 0.01595
0.52099 -0.09554 0.06739
0.52099 -0.62716 -0.05387
0.52099 -0.45863 -0.18093
-0.48176 -0.62229 0.12393
-0.49824 -0.16950 -0.24352
0.49931 0.70987 0.02707
0.01804 -0.64930 -0.12587
-0.51993 -0.39083 0.14875
0.47201 -0.28064 -0.20148
-0.09103 0.38847 0.15285
-0.26504 0.48025 0.15285
-0.51993 0.31463 0.09744
-0.05194 0.21581 0.12393
0.16011 0.08802 0.00892
0.46194 -0.28064 -0.06258
0.45656 0.06634 0.00719
0.27069 -0.10467 0.15285
-0.51993 -0.01640 -0.10273
-0.32390 -0.30232 -0.18211
0.08817 -0.82278 -0.12571
-0.00246 -0.75765 0.15285
-0.01528 0.53439 0.12393
0.49931 0.64996 -0.13242
0.51319 0.82534 -0.20328
-0.02798 0.33603 0.12393
0.07565 -0.64930 -0.02587
-0.01904 -0.59065 0.12393
-0.45505 -0.67866 -0.25196
0.13951 0.43500 0.06992
0.30376 0.43500 -0.06735
0.41157 0.68628 0.15285
-0.28024 0.04160 0.12393
-0.49824 -0.33156 0.10388
-0.01721 0.48325 0.12393
-0.05477 0.80366 -0.14763
-0.00213 -0.28064 -0.19127
-0.11688 0.07532 0.15285
-0.05179 0.73415 0.15285
0.29858 0.80366 0.01688
0.22215 -0.82278 -0.15966
0.33176 -0.80185 -0.25196
-0.32253 0.80366 -0.15113
-0.37829 0.75610 0.15285
-0.01547 -0.33427 0.12393
-0.24878 0.25993 0.12393
-0.12331 -0.28064 0.10078
-0.43804 0.04612 0.12393
-0.51993 0.07497 -0.13413
-0.49824 -0.57144 0.01061
0.18795 0.82534 0.01523
0.24453 -0.17377 0.12393
0.52099 -0.28770 -0.15344
0.21760 0.79653 0.15285
-0.21898 -0.64930 -0.15092
0.30131 -0.60546 0.15285
0.41842 0.82534 -0.15336
0.13024 -0.64930 -0.24461
0.52099 0.64436 0.08989
0.23694 -0.21826 0.12393
-0.22816 0.08565 0.15285
0.06268 0.41675 0.15285
-0.45882 0.38730 0.15285
0.52099 -0.15980 -0.11504
0.52099 -0.75771 0.05234
0.23433 0.06634 -0.02286
-0.51993 0.37139 -0.00288
-0.33606 -0.64930 -0.22022
0.25548 -0.82278 0.05338
-0.30088 -0.82278 -0.02888
0.36932 0.06634 0.00797
0.04136 0.06634 0.04965
-0.14360 -0.39564 0.12393
-0.43483 -0.30232 -0.06569
0.26970 0.06634 0.07296
0.34758 -0.82278 0.15266
0.22469 -0.30232 0.01602
-0.15261 0.80366 -0.14741
0.07675 -0.62321 0.15285
-0.16095 0.08802 -0.10543
-0.10048 -0.21385 0.15285
-0.42587 -0.05406 0.12393
-0.24410 -0.35197 0.12393
-0.15344 -0.64930 -0.03529
0.29679 -0.30969 0.12393
-0.49824 -0.26068 0.01574
0.35855 -0.29748 -0.25196
0.48548 -0.75178 -0.25196
-0.50453 0.37317 0.15285
-0.39766 -0.28064 -0.10434
-0.33685 -0.40214 0.15285
0.52099 0.58760 0.11845
-0.10799 0.45668 -0.12743
-0.49824 0.12193 -0.02307
0.52099 0.43995 -0.12729
-0.10078 -0.54453 0.12393
-0.51993 0.78367 -0.02005
-0.51993 -0.54646 -0.04677
0.40463 -0.28064 0.12100
-0.44842 -0.28064 -0.18904
0.48480 -0.30232 0.06194
-0.49824 -0.63469 -0.08136
0.49931 0.56553 0.05331
-0.26514 -0.30232 0.07921
0.46460 -0.52421 0.12393
0.40761 0.12266 0.15285
-0.51993 0.05215 -0.20280
-0.23680 0.43500 0.03539
-0.49824 -0.54239 -0.24624
-0.49824 -0.47429 0.06749
-0.44819 -0.30232 0.03797
-0.06774 -0.28064 -0.19473
0.24207 -0.80891 0.15285
0.36256 -0.82278 0.04144
0.49931 0.18016 -0.10776
0.37929 0.45668 -0.14106
-0.30162 -0.82278 -0.19830
-0.01600 -0.27660 0.15285
-0.51698 0.10830 -0.25196
0.02168 -0.64930 0.09183
-0.34767 0.43500 -0.06851
-0.33579 0.08802 0.00329
0.23706 0.80366 -0.17160
0.18909 -0.78638 -0.25196
-0.37883 0.45668 0.09909
0.28532 0.45668 -0.16866
0.02626 0.08802 -0.18783
0.20417 -0.63724 0.15285
-0.38918 0.08802 -0.15287
0.49931 0.17310 -0.04624
-0.49824 0.26092 0.05417
-0.27803 0.68939 0.15285
0.52099 -0.39481 -0.14079
-0.09166 -0.82278 -0.06205
-0.51993 0.32931 -0.05253
0.15541 -0.24680 0.15285
0.03509 0.82534 -0.17980
-0.25659 0.82534 0.09740
0.11923 0.08802 -0.03017
-0.24164 -0.64930 0.07676
-0.41858 0.16785 0.15285
-0.11564 -0.82278 -0.15739
-0.51993 0.49482 0.00272
-0.36280 -0.64930 -0.17367
-0.14064 -0.19265 0.12393
0.47202 -0.09723 0.12393
0.19818 0.80366 -0.04397
-0.11151 -0.34980 0.12393
0.07597 -0.28064 -0.11860
0.38856 0.43371 0.15285
0.34623 0.66572 0.15285
-0.49824 0.63175 -0.20364
0.25047 -0.82278 -0.04339
0.52099 -0.31553 -0.03619
-0.20240 -0.82115 0.15285
0.45127 -0.59069 0.15285
0.30793 0.43500 0.12337
0.10616 0.49025 0.15285
-0.51993 0.34598 -0.17109
-0.09927 0.43500 -0.22724
-0.09451 0.68399 0.15285
0.28375 -0.50259 0.15285
0.47086 -0.30232 -0.10651
-0.37435 0.82534 0.02087
-0.34798 -0.02044 0.15285
0.18386 -0.76193 0.15285
0.42263 0.07863 -0.25196
-0.08908 0.45668 0.06345
-0.51993 0.43585 -0.24499
-0.22122 0.81212 -0.25196
0.22631 0.43500 -0.21096
0.04916 -0.28064 0.06198
0.52099 0.07898 -0.00362
-0.23267 -0.04738 0.15285
-0.43973 -0.64930 0.11309
-0.46776 -0.64930 0.06025
-0.42519 -0.82278 0.14603
0.52099 -0.42746 0.15140
-0.22985 -0.27146 0.12393
-0.14723 -0.82278 0.04798
-0.27455 0.43500 0.01564
0.00682 -0.68775 -0.25196
-0.20574 0.06634 -0.00789
0.06563 -0.09684 0.12393
0.25455 0.80366 0.03562
0.35264 -0.53906 0.12393
-0.33652 0.06634 -0.12165
-0.36051 -0.82278 -0.01046
0.05239 0.08802 -0.09708
-0.40999 0.43500 -0.22364
0.49931 -0.05352 0.03141
0.17213 -0.28064 -0.24566
-0.46509 -0.25345 0.12393
-0.19484 0.82534 -0.06797
-0.20403 -0.51314 0.12393
0.39160 0.29405 0.12393
-0.18105 -0.82278 -0.17544
0.52099 -0.27437 0.02291
0.15867 0.27293 0.15285
-0.25338 0.42223 0.12393
-0.19913 0.45668 0.09539
0.11996 -0.42200 0.12393
-0.48509 -0.28064 0.09001
0.41259 -0.75977 0.15285
0.13805 0.31538 0.12393
0.21467 0.43500 0.10806
-0.51993 -0.41558 0.05016
-0.38943 0.13113 0.12393
-0.21742 -0.30232 -0.05904
0.11169 0.45668 -0.10509
0.49931 0.03114 -0.09112
0.46774 -0.82278 0.04428
0.17438 0.06634 -0.23479
0.52099 0.81199 -0.10391
0.28917 -0.45210 0.12393
-0.07421 0.80366 -0.20537
0.52099 0.43598 -0.05934
0.11613 -0.70989 -0.25196
0.22012 -0.12609 0.15285
-0.30610 0.45668 -0.15241
-0.38251 -0.61922 0.12393
0.13336 0.43500 -0.22302
0.49601 -0.82278 0.14041
0.26759 0.27376 0.15285
-0.49318 0.82534 0.09712
0.39638 0.34700 0.15285
-0.01737 0.80366 0.04360
0.52099 0.75462 0.01151
0.13439 -0.30232 -0.02249
0.49931 0.67516 -0.01905
0.49931 -0.48674 -0.06375
-0.24499 0.08802 0.09954
-0.49824 -0.36382 -0.24109
0.52099 -0.62659 0.04121
-0.19553 -0.11801 0.15285
-0.48884 -0.30232 -0.01649
0.01834 0.18506 0.15285
-0.49824 -0.62154 -0.18659
0.07007 0.06634 -0.21287
0.01573 0.45093 -0.25196
0.52099 0.73929 -0.08678
-0.51993 -0.78421 0.14485
-0.50399 -0.82278 -0.01272
0.39495 0.08802 0.11334
-0.20296 0.06634 0.07930
0.15304 0.60842 0.12393
0.34343 0.22764 0.15285
0.52099 0.40314 -0.17578
-0.45162 -0.13387 0.15285
-0.45915 0.43500 -0.03766
-0.49824 0.17179 -0.04234
-0.07654 -0.26493 0.15285
-0.23429 0.06634 -0.11962
0.34566 -0.02676 0.12393
-0.51993 -0.25807 -0.19447
0.14592 0.00082 0.15285
0.47005 0.82534 -0.07249
-0.49824 -0.33174 -0.15463
0.41408 -0.28064 -0.19787
-0.31084 0.18495 0.12393
0.02353 -0.44718 0.15285
0.41937 0.78094 0.15285
-0.20148 -0.23861 0.15285
0.27083 0.43500 0.00647
-0.05569 -0.28064 0.07453
0.51131 0.36613 -0.25196
-0.33397 0.80366 -0.00576
0.52099 0.42992 0.00124
0.01820 0.45668 -0.16307
0.38832 -0.28064 -0.09736
0.49931 -0.45357 -0.23248
-0.39711 0.80366 -0.19855
0.21653 -0.35308 0.15285
0.52099 0.75114 0.14599
-0.45273 -0.82278 -0.15663
-0.49824 -0.12105 -0.02468
-0.15151 0.80366 -0.06520
-0.49824 0.05472 0.08803
-0.29447 -0.78694 0.15285
0.06150 -0.82197 -0.25196
0.49931 0.61534 -0.17853
-0.31072 0.13651 0.15285
0.24923 -0.66782 0.15285
0.13143 -0.73275 0.15285
-0.11417 0.08802 -0.02479
-0.15532 0.43500 -0.13702
0.19981 -0.40117 0.12393
-0.51993 0.55292 0.10972
-0.31540 -0.64930 -0.01688
0.52099 0.20309 -0.20032
0.42838 0.43500 -0.19691
-0.31690 0.73773 0.12393
-0.43606 -0.28064 0.07331
-0.51993 -0.78835 -0.20727
0.02387 -0.64930 -0.05561
0.22039 -0.69419 -0.25196
0.52099 0.71600 -0.23445
0.35029 0.08802 0.04932
-0.49824 0.50422 -0.18777
-0.27512 0.38187 0.12393
-0.17471 -0.28064 0.01164
0.05331 -0.64930 0.03858
0.40949 0.80366 -0.19667
0.37724 -0.64930 0.10391
-0.14644 0.28933 0.15285
-0.33356 0.30378 0.15285
0.52099 0.36120 0.13628
-0.37000 -0.15718 0.12393
0.14247 0.80366 0.04136
0.49931 -0.17162 -0.00921
0.00788 0.43500 -0.10747
0.52099 0.38602 0.02930
0.49931 -0.50846 -0.02340
0.41753 -0.18315 0.12393
0.08751 0.76038 0.12393
0.49931 0.52340 0.09909
0.01384 -0.30232 -0.02944
0.48066 -0.30035 -0.25196
0.49931 -0.03665 -0.17416
0.52099 -0.34742 -0.23924
-0.47324 -0.75493 -0.25196
-0.18579 -0.79459 -0.25196
-0.42686 0.80366 0.03034
-0.49824 -0.21385 -0.01318
-0.17513 0.14540 0.15285
-0.43277 0.69758 0.15285
-0.51993 -0.09009 0.07909
-0.47293 0.48407 0.15285
-0.51993 0.76837 -0.19474
0.52099 -0.02067 0.00961
-0.51993 -0.65120 0.12892
-0.23072 0.06634 -0.17606
0.27026 -0.64930 -0.17351
0.36741 0.57509 0.15285
0.18971 0.70388 0.15285
0.03614 -0.30232 0.10410
-0.51993 -0.56921 -0.10095
-0.38654 -0.30232 0.12258
0.39105 -0.10495 0.15285
-0.17267 -0.47082 0.12393
0.08834 0.25018 0.12393
-0.29614 -0.58745 0.12393
-0.07255 0.80366 0.05264
-0.41912 -0.64930 -0.20641
-0.49824 -0.01876 0.01113
-0.12880 -0.28064 -0.24832
-0.51993 0.41015 -0.15585
0.42644 -0.49989 0.15285
0.13687 0.82531 0.15285
-0.00269 -0.19793 0.15285
0.00929 -0.82278 -0.17200
0.08428 -0.82278 -0.00018
0.21936 0.80366 -0.21594
-0.02739 0.66744 0.15285
0.49931 -0.63240 -0.09962
0.06709 -0.36882 0.15285
0.12523 -0.82278 0.09817
0.41257 0.08802 0.01305
-0.51993 0.01027 -0.23970
-0.45411 0.45668 -0.11980
-0.13031 0.34015 0.12393
0.32211 -0.72706 0.15285
-0.51993 0.00277 0.09195
0.18586 -0.51339 0.12393
-0.21981 0.74816 0.12393
-0.03377 0.80366 -0.01118
-0.08983 0.15622 0.15285
0.35750 -0.41595 0.12393
-0.39275 0.43500 0.04693
-0.12687 0.06634 -0.18147
0.33576 -0.64930 -0.18836
0.45989 0.79855 0.12393
-0.33301 0.01544 0.12393
0.52099 0.36494 -0.06003
0.33356 0.82534 -0.13163
0.52099 0.62778 -0.00610
-0.35730 0.56060 0.12393
0.36637 0.78380 0.12393
0.17870 0.06634 0.04338
-0.00060 0.43500 -0.02302
-0.49824 -0.25037 -0.15003
-0.13853 -0.30232 -0.04953
-0.13529 0.00827 0.12393
0.49931 0.69892 0.08385
0.34500 0.33318 0.12393
0.31187 0.12585 0.15285
-0.28149 -0.10498 0.15285
0.33914 0.08802 -0.20159
0.32157 0.43500 0.04581
0.52099 -0.08232 0.11048
-0.51272 -0.67145 -0.25196
0.15114 0.80366 -0.09911
-0.46889 0.14235 0.15285
-0.35639 -0.69720 0.15285
-0.50518 0.82534 -0.15697
0.43138 0.43500 0.01670
0.41540 0.46807 0.12393
0.02223 0.81052 -0.25196
-0.39130 -0.78615 -0.25196
0.26567 0.40560 0.12393
0.00298 -0.64930 -0.17758
-0.49391 -0.73437 0.15285
-0.51993 0.43529 -0.05740
0.06411 -0.28064 -0.06789
0.52099 -0.70181 -0.11437
-0.48183 0.43500 -0.19337
0.52099 -0.55016 -0.20265
0.50132 -0.56814 0.15285
-0.10672 0.81809 0.15285
0.25836 0.77200 0.12393
0.39413 -0.64930 -0.24500
-0.51993 -0.43930 -0.08485
0.22226 0.13302 0.12393
-0.26759 0.29419 0.15285
0.07880 0.16733 0.12393
0.10106 0.10636 0.15285
-0.05242 0.43500 0.05578
0.06351 -0.47058 0.12393
0.23496 -0.28064 -0.07470
0.52099 0.59933 -0.13587
0.02008 0.82534 0.13916
0.52099 0.54908 -0.19841
-0.51993 0.49274 -0.10899
0.28462 0.08802 -0.21284
0.18261 -0.06568 0.15285
-0.48026 0.80366 -0.04433
-0.05562 0.26676 0.12393
0.21286 -0.64930 0.11491
0.13288 0.37078 0.12393
-0.37638 -0.45247 0.12393
-0.21109 -0.66550 -0.25196
-0.49824 -0.21945 0.09934
-0.49211 0.45668 0.02677
-0.49824 -0.55047 -0.14609
-0.11697 0.43500 -0.02691
-0.19996 0.56912 0.15285
0.02544 -0.05103 0.12393
-0.51993 0.30137 0.03291
-0.13070 0.78423 0.12393
0.43547 0.08802 -0.07220
0.20703 -0.69780 0.15285
-0.43676 -0.71215 0.15285
-0.25483 0.18778 0.15285
0.42078 -0.30232 0.00832
-0.51993 -0.60707 0.02635
-0.40152 0.45668 -0.12378
-0.51993 -0.36201 0.07477
-0.22091 -0.28064 -0.23443
-0.49764 0.81685 -0.25196
0.07609 0.45668 -0.02137
0.12551 0.63350 0.15285
-0.31601 0.06634 -0.22597
0.49931 0.13271 -0.20387
0.26548 -0.72320 -0.25196
0.24861 -0.44706 0.15285
-0.49824 0.11867 -0.07971
0.10238 0.33887 0.15285
-0.39942 -0.28064 0.02203
-0.51993 -0.80066 0.02921
-0.15251 -0.79413 0.15285
-0.19831 -0.82278 -0.12825
0.49931 0.30316 -0.13791
0.30226 -0.40038 0.12393
-0.39595 -0.82278 -0.15827
0.33069 0.06721 0.15285
0.52099 0.26518 0.07946
-0.22388 0.80366 -0.16304
0.41875 -0.64930 0.06804
-0.51993 0.25700 -0.02155
0.37341 0.06634 -0.14969
-0.51993 0.38649 -0.05014
0.43431 0.59163 0.15285
0.52099 -0.72513 -0.01522
-0.36060 -0.28064 -0.13910
0.31893 -0.64930 0.05258
-0.39829 0.08802 -0.22277
-0.39614 0.08802 -0.09679
-0.17645 -0.67975 0.15285
-0.42713 -0.64930 0.02021
0.09249 0.43500 0.02850
-0.24862 -0.82278 0.05002
-0.49824 0.21169 -0.21237
-0.07490 -0.08933 0.12393
0.10752 0.68591 0.12393
-0.49824 0.58365 0.07826
0.48925 -0.64930 -0.20300
-0.48656 0.02346 0.12393
0.41845 0.82534 -0.06697
-0.49824 -0.64749 -0.14416
0.32764 0.80366 -0.02950
-0.43203 -0.61620 0.15285
-0.51993 0.78946 0.04929
-0.48055 0.08802 -0.20928
-0.40130 -0.28064 -0.21846
0.00863 0.06634 -0.06016
-0.38138 0.19856 0.12393
-0.51993 -0.12848 -0.23531
0.11831 0.45668 0.11964
0.27149 0.80366 -0.04432
0.45565 0.66084 0.12393
-0.30079 0.82534 -0.11329
0.49931 -0.50160 -0.22076
0.02142 0.33601 0.12393
-0.05890 -0.30232 -0.11105
-0.10817 0.80366 -0.12772
-0.19146 0.24340 0.12393
-0.31250 0.82534 -0.20190
-0.11136 0.06634 0.08063
-0.07698 0.08802 -0.09484
0.52099 0.13959 0.02038
0.49931 -0.13337 -0.20912
-0.43946 0.75985 0.15285
-0.01930 -0.30232 0.04010
-0.18536 0.50265 0.12393
0.03636 0.43500 0.10766
-0.51993 0.59999 0.12051
-0.51993 -0.25162 -0.08702
-0.11474 -0.29437 0.15285
0.44424 0.70766 0.12393
-0.51993 -0.51125 0.14806
-0.49824 -0.45620 -0.22172
0.49931 -0.21585 0.10086
0.48837 0.01798 0.15285
0.52099 -0.00867 0.11581
0.04366 0.61315 0.15285
0.05531 -0.18982 0.15285
-0.51993 0.22317 -0.12616
-0.34337 0.45668 -0.11196
-0.49095 -0.82278 -0.19065
0.05844 0.27086 0.15285
-0.40868 0.82534 -0.05994
0.35003 -0.82278 -0.10562
-0.47079 0.08725 0.15285
0.23431 0.47951 0.15285
0.51657 -0.26876 -0.25196
0.27408 -0.28064 -0.24581
0.38437 -0.15230 0.15285
-0.51993 -0.17805 0.07379
0.28283 0.82534 0.06920
-0.33311 -0.28064 -0.02330
0.30662 0.21484 0.15285
0.16924 0.08802 0.09684
0.49931 0.04452 0.09663
-0.09335 -0.17626 0.12393
0.01246 -0.50002 0.12393
0.10061 0.82534 0.04847
0.17110 0.21103 0.15285
0.47238 0.22027 0.15285
0.36986 0.82534 -0.20727
0.13556 -0.82278 -0.09607
0.44607 0.55202 0.12393
0.46257 -0.64930 0.03429
0.15675 0.57894 0.15285
0.52099 -0.81257 -0.19760
-0.51993 -0.70433 0.02872
0.01477 0.43500 0.06434
0.03457 -0.64930 -0.22443
-0.36366 0.82534 -0.08603
-0.24077 0.43500 -0.11994
-0.33349 -0.12684 0.15285
0.48558 -0.27440 0.15285
-0.30589 0.06634 0.02516
-0.05400 0.37483 0.12393
0.52099 -0.66555 0.10806
-0.00756 -0.14009 0.12393
0.52099 -0.40789 0.04279
0.28398 0.80366 -0.23721
-0.05633 0.62163 0.12393
-0.43557 0.45668 0.06691
0.49931 0.15912 0.07535
0.12531 0.80366 -0.14309
-0.24155 0.06853 -0.25196
0.19281 -0.25372 0.12393
0.36347 -0.37130 0.15285
0.40730 0.43500 -0.05787
-0.11590 -0.08353 0.15285
0.16729 0.43500 -0.02421
0.31255 -0.12776 0.12393
0.22709 -0.82278 0.11069
0.49931 -0.10502 -0.03535
-0.16249 -0.64930 -0.16621
-0.42483 0.26078 0.15285
0.52099 0.08034 -0.05112
-0.51993 -0.69486 -0.09872
0.10966 -0.64930 -0.17546
0.31425 0.08802 0.07632
0.07560 -0.03666 0.15285
0.27246 0.82534 -0.13118
0.32913 -0.30232 -0.14358
0.18477 0.45668 -0.19628
0.52099 -0.20606 -0.01690
-0.12870 -0.46861 0.12393
0.52099 0.59938 -0.04366
0.45132 -0.78350 -0.25196
0.41423 0.16210 0.12393
0.11649 0.80366 -0.04796
-0.51993 -0.13152 -0.11263
-0.51993 0.79676 -0.07944
-0.29078 -0.82278 -0.24359
-0.32298 -0.44648 0.12393
-0.17017 0.73802 0.12393
-0.49824 0.65438 0.03211
0.12848 0.82534 0.10493
0.22043 -0.82278 0.02244
-0.28491 -0.28064 0.11820
0.01189 -0.70438 0.15285
-0.49824 0.76421 0.08814
-0.31638 0.60369 0.15285
0.01879 0.10515 0.12393
-0.49824 0.55455 -0.10653
-0.27044 0.10469 0.15285
0.38713 0.21344 0.15285
-0.51993 -0.34003 0.14029
-0.44532 0.82534 0.11230
0.18952 -0.64930 -0.12928
0.22241 0.57685 0.15285
0.20635 0.34375 0.15285
0.49931 -0.12614 0.05099
-0.49824 -0.21014 -0.08336
0.42596 -0.82278 -0.22981
0.37483 0.08505 0.15285
0.08112 -0.55820 0.15285
-0.01091 0.24716 0.15285
-0.49824 0.46930 -0.03222
-0.28110 0.78604 0.12393
0.22474 0.45668 -0.07237
-0.51993 0.41755 0.03318
0.34308 0.45668 -0.02335
0.31806 0.79002 0.12393
0.51883 -0.81202 -0.25196
-0.24853 -0.82278 -0.05050
0.49931 -0.60213 0.07222
-0.10761 -0.64930 -0.03283
-0.49824 0.33734 0.06402
0.52099 0.73695 -0.18314
-0.44379 -0.82278 0.07070
-0.49824 0.06519 -0.06013
-0.27821 -0.05189 0.15285
0.46922 0.25557 0.12393
-0.49824 0.09102 0.06025
-0.18630 -0.02012 0.12393
-0.47571 -0.38004 0.15285
-0.42018 -0.36848 0.12393
0.52099 -0.75567 -0.22358
0.13189 -0.64930 -0.01843
-0.26355 -0.57407 0.15285
0.02620 -0.75645 -0.25196
0.52099 -0.19125 -0.19521
-0.36530 -0.19800 0.15285
-0.23346 0.45668 -0.17028
0.52099 0.80819 0.11102
-0.02451 -0.64930 0.11322
-0.51993 -0.09330 -0.19901
0.13460 -0.54754 0.15285
0.42603 -0.10410 0.12393
0.00689 -0.82278 -0.01276
-0.21720 0.45668 -0.21443
0.47822 -0.82278 -0.09160
0.44299 0.80366 -0.12142
0.18988 -0.64930 0.02827
0.10048 0.45668 -0.05943
-0.45616 -0.64930 -0.11881
-0.35951 -0.57371 0.12393
-0.16524 -0.67094 -0.25196
-0.47590 0.59087 0.12393
-0.27961 -0.30232 -0.19056
-0.18230 0.80366 0.11622
0.49931 -0.53686 0.05652
0.49931 -0.19561 -0.09717
-0.51993 0.70203 -0.09949
0.49931 0.78808 -0.06215
-0.31710 -0.22938 0.12393
-0.51993 -0.53704 -0.19100
0.52099 0.31656 0.14178
-0.49824 -0.06028 -0.13073
-0.19829 -0.30232 -0.19516
0.18418 0.43500 0.06316
-0.06025 0.06634 0.00964
-0.16680 0.43500 -0.08783
0.52099 0.45208 -0.24600
-0.34179 0.22233 0.12393
-0.00070 0.82534 -0.13205
-0.15682 -0.31264 0.12393
0.33906 -0.28064 -0.05832
0.30210 -0.82278 -0.06256
-0.51030 0.82534 0.02444
0.31418 -0.05526 0.12393
0.28838 -0.80989 0.15285
-0.49824 0.27079 -0.08327
0.52099 0.21539 -0.03130
-0.08224 0.82534 0.09046
-0.05169 0.30464 0.15285
0.52099 -0.41834 0.10769
0.12769 -0.15101 0.15285
-0.37497 -0.38980 0.12393
0.29168 -0.28064 -0.12352
0.35866 0.75072 0.15285
-0.31448 -0.30197 0.15285
-0.12048 0.57482 0.15285
-0.25496 0.51264 0.12393
-0.27120 -0.50810 0.12393
-0.24442 -0.30232 -0.00903
0.49931 0.47369 -0.14021
0.52099 -0.81575 0.04407
-0.49824 0.20146 0.09454
-0.21740 0.53800 0.12393
-0.49824 -0.52779 -0.01278
-0.40207 0.55584 0.15285
0.45627 0.80366 -0.18966
-0.51993 0.54278 -0.03299
0.21869 0.62113 0.12393
0.41924 0.80366 -0.02795
0.02684 0.78177 0.15285
-0.31900 0.04593 0.15285
0.37990 -0.82278 -0.23334
0.09677 -0.69449 0.15285
-0.40971 0.43500 -0.04568
0.34019 0.82534 0.02471
0.32964 0.69477 0.12393
0.03915 0.71104 0.15285
0.24493 -0.55646 0.12393
0.20953 -0.00861 0.12393
0.52099 -0.36651 -0.05182
0.17955 0.45668 -0.15250
-0.49824 0.12217 -0.16722
0.11579 -0.45500 0.15285
-0.51993 0.68341 -0.13966
0.52099 0.52935 -0.14071
-0.34455 -0.30232 0.05775
0.45769 -0.28064 -0.15987
-0.40887 -0.82278 0.03366
0.40752 -0.58525 0.12393
0.02576 0.52622 0.15285
-0.03662 -0.41865 0.15285
-0.16649 0.82534 0.04132
-0.38439 -0.23649 0.12393
0.04429 0.45668 -0.11265
-0.02769 0.08574 -0.25196
-0.11686 -0.65033 -0.25196
0.42955 0.74899 0.12393
-0.40083 0.44089 0.15285
0.45826 -0.82278 -0.01353
0.49931 0.09842 -0.10062
-0.36142 -0.30232 -0.09290
0.52099 0.07172 0.06175
-0.51993 -0.69005 -0.20580
0.05228 -0.28064 -0.21127
0.19787 -0.30232 0.05392
-0.15896 0.23917 0.15285
0.43050 -0.46740 0.12393
0.17274 -0.30232 -0.01089
0.51909 0.21927 0.15285
0.12140 -0.30232 -0.20639
-0.51993 -0.30476 -0.12819
-0.16718 0.06634 -0.22597
0.52099 0.60027 0.06797
-0.40066 0.69261 0.12393
-0.07395 0.43500 -0.00736
-0.42708 -0.30232 -0.24595
0.36448 0.82534 0.06077
-0.04244 0.42265 0.15285
0.31331 -0.29819 -0.25196
0.52099 -0.78976 0.12737
0.43822 0.08802 0.11687
-0.09310 0.11293 0.15285
0.35857 -0.30232 0.11322
-0.49824 0.59500 -0.18057
-0.30046 -0.64930 -0.06019
0.35847 0.37921 0.15285
-0.27277 0.45668 -0.25034
0.52099 0.27039 -0.06333
-0.05121 0.70198 0.12393
-0.12712 -0.61496 0.12393
0.49931 0.73343 0.10988
-0.34637 -0.64930 -0.13371
-0.51993 -0.72888 0.06426
-0.33839 0.42632 0.15285
0.28127 0.45668 0.04265
0.49931 -0.44463 -0.12958
0.46586 0.06634 -0.16114
-0.34931 0.76971 0.12393
-0.14849 0.45668 -0.00701
0.49931 -0.00320 -0.20135
-0.03245 -0.23676 0.15285
0.05337 0.06634 0.12269
-0.31486 -0.55009 0.15285
-0.09843 -0.40434 0.12393
0.11467 -0.28064 0.03400
-0.31395 -0.30232 -0.08989
-0.24531 -0.30232 -0.12484
-0.35592 -0.06525 0.12393
-0.06518 0.00390 0.15285
0.06610 0.57107 0.15285
-0.51993 -0.41891 -0.17735
0.16973 0.51922 0.15285
-0.48895 -0.28064 -0.21356
0.33666 -0.63723 0.12393
0.43147 0.45668 -0.02999
0.49931 0.54836 -0.23530
0.51760 0.46359 0.15285
0.24503 -0.05927 0.15285
0.20032 0.08802 -0.20112
-0.28132 -0.64930 0.00889
0.15703 0.34131 0.15285
0.48122 -0.49495 0.15285
-0.32733 0.08802 -0.05202
-0.00548 0.14214 0.15285
0.10860 0.08802 -0.13106
-0.35828 -0.75536 -0.25196
-0.07942 -0.63019 0.12393
0.49931 -0.24344 -0.01431
-0.49824 0.38355 -0.13074
-0.04624 -0.04234 0.12393
0.32581 0.01575 0.15285
0.49931 -0.19684 -0.15690
0.30306 0.35022 0.15285
-0.33886 -0.49640 0.15285
-0.18341 0.61593 0.12393
-0.17844 -0.64930 0.06051
-0.17712 0.36172 0.15285
-0.49824 0.73492 -0.18038
0.41905 -0.64930 -0.09564
0.21276 -0.82278 -0.02320
-0.11589 -0.28064 -0.08356
0.12568 0.81007 -0.25196
0.28063 0.80366 -0.09273
-0.37655 -0.64930 -0.06206
-0.51993 -0.03669 -0.20861
0.07710 -0.32777 0.15285
0.29851 -0.36982 0.15285
-0.32286 0.43500 -0.19636
-0.13814 0.17001 0.15285
-0.30326 -0.68878 0.15285
0.49931 0.79050 -0.16824
-0.13022 0.45668 0.06848
-0.49824 0.54583 -0.21276
0.25573 -0.28064 0.03455
0.49931 -0.35614 -0.12997
-0.27636 0.82534 0.05246
-0.02444 0.82534 -0.07792
0.32998 -0.64930 -0.08423
0.49931 0.46249 -0.21142
0.21072 0.80366 0.11122
-0.39466 -0.30232 -0.01373
0.32918 -0.55864 0.15285
0.48591 -0.64930 -0.16109
-0.07540 -0.68383 -0.25196
-0.20346 -0.48264 0.15285
0.49931 0.13829 -0.13511
0.52099 0.11672 -0.17016
-0.29967 0.43500 -0.05354
-0.37969 0.63798 0.15285
-0.51993 0.30975 -0.09452
-0.40795 0.47495 0.12393
-0.36405 -0.28064 -0.18091
0.08490 0.43500 -0.20639
-0.03334 -0.82278 -0.08929
-0.16168 -0.82278 0.08734
-0.00398 0.06634 -0.01477
0.52099 0.78859 0.07315
-0.14989 -0.55679 0.12393
0.36503 -0.64930 -0.01635
-0.48530 -0.16649 0.12393
-0.36620 0.80366 -0.15307
-0.15484 -0.64930 -0.07707
0.52099 -0.21770 0.06518
-0.49824 -0.44663 0.03254
-0.46854 0.67605 0.15285
-0.46578 0.82534 -0.21801
-0.31540 0.26909 0.12393
0.49931 -0.47083 0.11827
-0.26936 -0.82278 0.00545
0.47515 -0.61992 0.12393
0.52099 -0.02059 0.05131
0.52099 0.33834 -0.13248
-0.49824 -0.53362 -0.10173
0.01693 -0.82278 0.11073
0.49931 0.23190 -0.14677
0.52099 -0.73288 0.09008
-0.04821 -0.67366 0.15285
0.40444 0.82534 0.01610
-0.16429 0.06634 -0.01162
0.08309 0.80366 -0.07859
0.36433 -0.30232 0.03142
0.33018 0.45668 -0.22321
0.11957 -0.06888 0.15285
0.34121 0.08802 -0.11507
-0.01412 -0.30232 -0.09140
0.49931 0.05441 0.02824
0.47462 -0.05463 0.12393
0.34051 -0.51192 0.15285
-0.39056 0.06634 0.08467
-0.49824 0.37839 0.11222
-0.45780 -0.53651 0.15285
0.07741 0.43500 -0.09672
-0.07610 -0.30232 -0.15137
0.16874 -0.48410 0.15285
0.20868 0.80366 0.04369
-0.04465 0.06634 -0.12189
-0.20461 -0.30232 0.10340
-0.49824 0.20192 -0.08306
0.24911 -0.13081 0.12393
0.23884 -0.41438 0.12393
-0.09661 -0.82278 0.04827
-0.13630 0.43500 -0.20924
-0.08776 -0.64930 0.04746
-0.44549 0.06634 -0.01503
-0.32507 0.69808 0.12393
0.19522 0.75347 0.15285
0.45905 -0.42416 0.12393
0.49931 -0.26629 0.11542
-0.49824 -0.17888 -0.14309
0.28405 0.11708 0.12393
-0.20855 0.04799 0.12393
-0.28716 -0.30232 -0.00278
0.11485 -0.28064 0.10879
0.00122 0.74921 0.12393
0.19966 -0.30232 -0.21319
-0.44329 -0.82278 -0.19659
0.37771 -0.61068 0.15285
-0.35641 0.82534 0.07301
-0.05348 0.08802 0.04202
0.26945 0.80366 -0.19671
-0.49824 -0.64395 0.09328
-0.45447 -0.22643 0.15285
0.11546 0.03293 0.15285
0.15006 -0.28064 -0.15847
-0.08012 0.45668 -0.09213
0.33696 -0.30232 -0.19622
0.07580 -0.64930 -0.12961
-0.43999 0.45668 -0.20591
0.44124 0.35556 0.15285
-0.21220 0.08802 -0.14621
0.43550 0.23258 0.12393
-0.51993 0.38678 0.07871
-0.01682 -0.37077 0.15285
0.26207 -0.28064 -0.04470
0.49931 -0.13205 -0.24985
-0.49824 -0.40568 0.00138
-0.51993 0.48285 0.06878
0.36307 0.06634 -0.03130
0.41349 -0.68439 -0.25196
0.24134 0.15430 0.15285
0.10972 -0.51239 0.15285
-0.45351 -0.80031 -0.25196
-0.49824 0.47445 -0.21232
0.44663 0.08802 -0.03150
-0.17662 -0.74119 -0.25196
-0.25846 0.71362 0.12393
-0.51993 0.16930 -0.16940
0.52099 -0.39532 -0.08033
-0.14149 -0.28064 -0.15434
-0.25350 -0.82278 -0.09072
-0.40461 -0.56049 0.15285
-0.41022 0.35597 0.12393
0.30266 0.43500 -0.19815
-0.49824 0.62915 -0.10496
-0.47006 -0.59658 0.15285
-0.51993 -0.68343 -0.01447
0.38557 -0.01674 0.12393
-0.33501 0.36872 0.15285
-0.51993 -0.09654 0.15174
-0.49824 -0.48033 -0.16363
-0.17347 -0.23578 0.12393
-0.25328 -0.64930 0.03792
-0.10153 -0.64930 -0.11080
-0.34828 -0.82278 -0.23511
-0.32253 0.82534 0.02625
0.03285 -0.53635 0.12393
-0.51993 -0.35993 -0.06346
-0.10840 -0.30232 -0.01233
0.22766 0.23890 0.12393
0.42109 -0.82278 -0.14318
-0.51993 -0.38549 -0.03127
0.52099 -0.13979 0.01850
0.20187 -0.16188 0.15285
0.23036 -0.82278 -0.23322
0.52099 -0.07350 -0.01948
-0.15392 0.06634 0.09685
0.24653 -0.61134 0.15285
0.44069 -0.78893 0.15285
0.31627 0.08802 0.11639
-0.26520 0.06634 0.01712
-0.18968 0.45668 -0.13044
0.11572 -0.30232 -0.09853
-0.51993 0.46568 0.12457
-0.01322 0.08802 -0.19467
0.36434 -0.78641 0.15285
-0.03040 -0.78619 0.15285
0.46420 0.41815 0.12393
-0.20407 0.41694 0.12393
-0.21098 -0.28064 -0.01254
-0.18141 0.80366 -0.09876
-0.33542 0.80366 0.09923
0.34023 0.57031 0.12393
0.49931 0.77182 -0.10774
0.22310 0.06634 0.06054
-0.51993 -0.29642 -0.23319
0.31466 0.06634 -0.03279
0.33253 -0.40441 0.15285
-0.51941 0.70684 -0.25196
0.52099 -0.25279 -0.17272
-0.51993 -0.01152 -0.14451
0.43548 0.45668 -0.15481
0.00802 -0.79665 -0.25196
-0.36188 0.06634 -0.18976
0.52099 0.75565 -0.24576
-0.25205 -0.82278 0.12720
0.06487 0.38958 0.12393
0.42772 0.06634 -0.10935
0.36660 0.14419 0.15285
-0.21423 -0.28064 -0.14057
0.49931 0.11838 -0.00519
0.52099 -0.12203 0.11942
0.16662 0.82534 -0.18619
-0.09724 -0.58893 0.12393
0.49931 0.73239 -0.13173
-0.19694 0.43500 -0.02804
0.01707 0.28326 0.12393
-0.51993 -0.61097 -0.10563
0.52099 -0.67408 -0.21219
-0.34015 0.45668 0.10743
-0.04912 0.43500 -0.24845
0.49931 0.60617 0.01937
-0.31499 0.80461 -0.25196
0.23174 0.43500 0.01227
-0.51993 -0.47744 -0.02271
0.05794 0.20996 0.12393
-0.16147 0.45668 -0.18190
-0.07493 -0.50461 0.15285
-0.49824 -0.51033 0.05158
-0.49251 0.82534 0.14742
-0.36165 -0.32203 0.15285
-0.31226 -0.30232 0.09160
0.28779 -0.82278 -0.21506
0.15011 0.43500 0.11141
0.52099 -0.52884 0.02470
0.29282 0.48745 0.12393
0.04026 0.80366 -0.02404
0.09023 -0.64930 0.01065
0.11909 0.41777 0.15285
0.44401 -0.24827 0.15285
0.05366 -0.64930 0.11466
0.21066 -0.21424 0.15285
0.20439 -0.30232 0.10075
-0.06227 0.48730 0.12393
0.10690 -0.82278 -0.19479
0.26983 0.08802 0.04173
-0.27232 0.45668 -0.12859
0.06199 0.08802 -0.05903
-0.30329 0.57854 0.12393
0.52099 0.63854 -0.04384
0.35515 -0.12630 0.12393
0.49931 0.52160 0.02381
-0.49824 -0.57357 0.06179
-0.30530 -0.28064 -0.21056
-0.49824 0.48498 -0.14689
0.32235 -0.30232 -0.02168
-0.30537 -0.71390 -0.25196
-0.08840 0.80366 -0.05673
-0.02097 -0.64930 0.01559
0.49931 -0.37897 0.02404
-0.51993 -0.75992 -0.09110
-0.07706 -0.80455 0.15285
0.08295 -0.20086 0.12393
-0.51238 0.22276 0.15285
-0.23616 0.44192 0.15285
-0.16078 0.82534 -0.03289
-0.23837 -0.41189 0.15285
-0.45013 0.80366 -0.11213
-0.51993 0.25252 -0.15179
0.52099 -0.38879 0.14670
-0.51993 0.06748 -0.02790
-0.45355 -0.82278 0.11941
0.49931 -0.53011 0.09482
0.40058 0.43500 -0.16533
-0.40061 -0.02449 0.12393
-0.22177 0.33397 0.12393
0.49931 0.68492 -0.05663
0.52099 0.54285 0.12475
-0.49824 0.15572 -0.00396
0.49931 -0.59398 -0.01092
0.52099 -0.00168 -0.07053
-0.25030 -0.64930 0.11760
-0.20699 -0.15559 0.12393
0.11486 -0.77082 -0.25196
-0.03229 -0.49381 0.12393
0.05473 0.82534 -0.21897
-0.07331 -0.82278 -0.09618
0.50523 -0.63021 -0.25196
-0.20696 -0.07636 0.15285
-0.30485 0.06634 -0.07492
-0.49824 0.12416 0.08028
0.16651 0.72491 0.12393
0.51095 -0.21679 -0.25196
-0.07653 -0.30232 -0.22740
0.49931 -0.52545 -0.06414
-0.33825 0.11030 0.12393
0.28270 0.64114 0.12393
-0.32865 -0.19250 0.12393
0.34841 -0.76698 -0.25196
0.34102 0.45668 -0.14644
-0.01756 0.09131 0.12393
-0.33950 0.43500 -0.03076
-0.10534 -0.28064 -0.18599
0.47934 0.36163 0.15285
-0.30253 0.06634 -0.15125
-0.51993 -0.21484 -0.15135
-0.48396 -0.28064 0.04543
-0.20184 0.80366 -0.21979
-0.23978 0.14918 0.15285
0.12245 0.09267 0.12393
0.11133 -0.20809 0.15285
-0.09970 0.42340 0.12393
0.20188 0.80366 -0.09429
0.37747 0.47438 0.12393
-0.51993 0.27945 -0.24985
-0.12401 0.06634 -0.07110
0.25266 0.08802 -0.08297
0.52099 0.32617 -0.03265
0.52099 -0.09810 -0.11202
-0.33162 -0.32642 0.12393
-0.40410 0.80366 -0.23627
0.13920 0.43500 -0.13593
0.49931 -0.53569 -0.11848
-0.34595 -0.30232 -0.05782
0.18205 -0.28064 0.01927
0.32937 -0.66279 0.15285
0.26627 -0.64930 0.08875
-0.26994 -0.82278 0.08177
-0.51993 -0.73616 -0.05644
0.19672 -0.11731 0.12393
0.15833 0.45668 -0.10165
-0.25457 -0.75019 -0.25196
-0.47389 0.20130 0.12393
-0.44914 -0.64930 -0.05217
-0.13102 0.39529 0.15285
0.06750 0.35416 0.15285
0.49931 -0.41880 -0.19469
-0.20068 -0.82278 0.07204
-0.41224 -0.31414 0.15285
-0.06249 -0.37967 0.12393
-0.51993 0.01268 -0.17809
0.28057 -0.32830 0.15285
0.49931 0.63284 -0.23043
-0.24522 0.01590 0.15285
0.52099 0.64514 -0.16921
0.26536 -0.28064 0.07389
0.22193 -0.61334 0.12393
-0.49824 -0.36880 0.11133
-0.47817 0.43500 -0.08944
0.21216 0.08284 0.15285
-0.44310 0.78747 0.12393
0.06974 0.80366 0.05863
-0.04871 0.82534 0.03269
0.07329 0.53343 0.15285
-0.47274 -0.40433 0.12393
-0.28659 -0.39686 0.15285
0.26981 -0.23706 0.12393
-0.51993 -0.78858 -0.01579
0.19649 0.49244 0.15285
-0.46812 0.03948 0.15285
0.52099 0.56590 0.00825
0.14499 -0.82278 0.01898
-0.39100 0.22090 0.15285
-0.16317 0.18044 0.12393
-0.49824 -0.36335 -0.13397
0.52099 -0.25380 -0.05620
0.20506 0.23004 0.15285
-0.43811 0.80366 -0.07634
0.52099 -0.35442 0.04921
0.01933 0.48904 0.15285
0.09679 -0.37505 0.12393
-0.07026 0.18844 0.15285
-0.51993 0.23214 0.09152
-0.24647 -0.64930 -0.12513
-0.51993 0.18792 0.04432
-0.49824 0.01473 -0.00609
0.30188 -0.30232 0.08736
-0.17332 0.68108 0.12393
-0.49824 -0.50514 -0.05466
-0.23256 -0.37471 0.15285
0.47337 -0.14958 0.15285
-0.23957 0.65301 0.12393
-0.24407 0.80366 -0.11263
0.52099 0.79714 -0.23643
-0.51993 -0.26614 0.07090
0.48314 0.82534 0.02840
0.52099 0.43302 -0.20280
0.52099 -0.28691 0.15175
-0.16534 -0.28064 -0.06445
-0.42698 0.06634 -0.12664
-0.19090 0.43500 0.03027
0.39359 -0.28064 -0.14269
-0.13659 -0.14378 0.12393
-0.06334 0.04915 0.15285
-0.42761 0.08802 -0.04117
0.44695 0.80366 0.02128
0.11188 -0.13316 0.12393
-0.04110 -0.75030 0.15285
0.29872 0.41383 0.15285
0.39000 -0.49134 0.15285
0.05388 0.64623 0.12393
-0.49824 -0.33427 -0.10392
0.36492 -0.82278 -0.02380
0.30211 -0.64930 -0.20468
0.49931 0.28354 -0.03588
0.36171 0.80366 -0.12009
-0.19631 -0.30232 0.04366
0.45582 -0.02938 0.15285
-0.01660 0.82534 -0.03624
0.02183 0.04785 0.15285
-0.15224 0.63645 0.12393
-0.22272 -0.58049 0.12393
0.52099 0.23783 0.05415
-0.47269 -0.64930 -0.23734
0.09333 0.42943 0.12393
0.04974 -0.41601 0.12393
0.52099 -0.50666 -0.14512
-0.32206 0.80366 -0.09052
0.22528 0.17787 0.12393
-0.51993 -0.31955 -0.00548
-0.16793 -0.42376 0.12393
-0.45183 0.80366 -0.19125
0.49931 0.78049 0.03411
-0.25054 -0.19947 0.15285
