0.21174 -0.38538 -0.23756
-0.11174 0.76520 0.18470
-0.23120 -0.83296 0.23009
-0.31724 -0.00658 0.07637
0.30715 0.44340 -0.10981
0.19284 -0.01921 0.26455
-0.11346 -0.83749 -0.29987
-0.21038 0.55130 -0.23949
0.27880 -0.84021 0.15191
-0.04145 0.02948 -0.31713
0.16916 0.82130 -0.07495
-0.12597 -0.36502 0.30232
-0.25659 -0.38616 -0.19127
-0.06831 0.32037 0.31172
0.27287 -0.40021 0.16158
-0.12487 -0.76509 -0.12338
0.21948 0.64621 0.20771
0.30524 0.03037 -0.11755
0.23618 -0.76266 -0.21179
-0.21907 0.64279 -0.10624
-0.31395 0.43118 0.09007
0.03480 0.59678 -0.32437
0.10077 0.71575 -0.01840
0.24801 0.28395 0.20205
0.03658 -0.64344 0.31798
-0.00746 0.26128 -0.31810
-0.30472 -0.56867 0.09688
-0.09450 -0.02220 0.31166
-0.27812 0.20745 -0.17028
0.01364 -0.58578 -0.32493
0.01378 -0.76509 0.23956
-0.06446 0.86316 -0.10332
-0.32328 -0.27716 0.05116
-0.32510 -0.84418 -0.04953
0.08938 0.81421 0.16532
0.15416 0.63816 -0.04381
0.32406 -0.58831 0.01240
-0.01386 -0.21462 -0.31827
0.11707 -0.76509 -0.02287
-0.24996 -0.14101 -0.21214
-0.14435 0.49641 0.28511
0.31762 -0.22931 -0.02316
-0.24685 -0.09185 -0.21509
0.12716 -0.24828 0.29222
-0.04693 0.63816 0.10902
-0.05084 0.00603 0.32417
-0.25881 -0.64702 -0.20177
-0.26050 0.19505 0.18846
-0.28217 0.67212 0.04471
0.25012 -0.15472 0.19868
0.23281 0.64872 0.06094
0.10347 0.50427 0.30195
0.20917 0.17551 -0.24027
0.06185 0.20036 0.31192
0.32458 0.27659 -0.00687
0.32472 -0.84516 -0.01589
0.19354 -0.13116 -0.26219
-0.24299 -0.15544 0.20692
-0.03147 0.71575 -0.10581
0.15148 0.41012 -0.27932
0.00151 0.93403 0.06371
0.15854 0.69488 -0.21781
-0.17420 -0.61231 0.27547
-0.02819 0.66221 -0.29530
0.23357 -0.62767 0.21575
0.08880 -0.77139 -0.27164
-0.29325 0.40045 -0.13149
0.32307 -0.02028 0.04967
-0.14287 -0.76509 0.15268
0.30266 0.47746 0.09422
0.23287 -0.54556 -0.21528
0.12478 -0.45404 0.30192
-0.02870 0.63816 -0.14826
-0.07380 0.79400 0.02925
0.00388 0.65640 0.30483
-0.31954 -0.42412 -0.06996
-0.05398 -0.41093 -0.31413
-0.05241 -0.19848 0.31644
-0.27252 0.37929 0.18180
0.30006 0.63524 -0.10770
-0.04025 0.46806 -0.31742
-0.32603 0.22319 -0.01483
0.10834 -0.75121 -0.30678
0.15689 -0.84376 0.28450
0.28570 0.20645 -0.13807
-0.18316 0.16828 -0.26278
-0.02440 0.82967 0.00351
0.24211 -0.21939 -0.21627
-0.21962 0.76514 -0.03785
0.31418 -0.43753 -0.08047
0.29615 0.12968 0.11616
0.05456 0.81445 -0.19156
0.15470 0.60037 -0.28601
-0.30190 0.63692 -0.12944
-0.17512 0.34850 -0.26713
-0.27360 -0.41205 0.16431
0.18467 -0.76509 -0.15389
-0.24059 -0.76509 -0.00178
-0.18232 0.63816 0.24646
0.03004 0.71344 0.17877
-0.06735 -0.80322 0.28121
-0.11291 0.15008 0.30620
-0.11210 -0.69425 -0.30780
-0.17325 -0.27932 -0.26815
-0.25951 0.56323 0.18950
-0.31986 -0.71281 0.03123
0.06321 -0.02308 -0.32017
-0.04024 -0.47299 0.32445
-0.21667 0.76898 0.04074
-0.30450 0.05781 -0.12066
-0.21750 0.02414 0.24454
-0.17573 -0.51276 -0.27521
-0.11068 0.36272 0.29915
-0.14231 0.72552 -0.21243
-0.03794 -0.76509 0.05193
-0.29140 -0.75241 0.14698
0.07923 -0.10411 0.30776
0.24992 -0.32121 0.21042
0.08833 0.63816 0.01626
0.15270 -0.76509 0.14431
-0.31369 -0.14276 -0.06368
0.22520 0.74295 0.08656
-0.30408 -0.21510 -0.09609
0.14069 0.34391 0.29329
-0.30373 -0.16388 0.10104
0.16067 -0.46463 -0.27368
-0.32580 0.53086 -0.02329
0.32339 -0.33531 0.03795
0.06522 0.12670 -0.31957
-0.17617 0.63816 0.00565
0.12542 -0.53519 0.29316
0.20560 0.01647 -0.25478
0.09404 0.73829 0.11046
0.12658 -0.26222 -0.29366
-0.22536 -0.76509 -0.08484
-0.07647 0.71575 0.07271
0.30818 -0.73472 -0.07381
0.31354 -0.52824 0.08353
0.25419 0.67838 -0.11459
0.11435 0.63816 -0.15926
-0.31804 -0.60333 -0.07501
-0.02884 -0.76509 -0.00936
0.29920 -0.68022 0.10589
0.24676 0.31626 -0.21137
0.10168 0.63816 0.18847
-0.00904 -0.76509 -0.26014
-0.16255 0.01343 -0.27395
0.25349 0.72484 0.00936
-0.17109 0.77326 -0.13803
-0.23950 -0.80346 -0.22206
-0.10331 -0.76509 0.26270
0.22726 0.45056 0.23191
0.07922 -0.73932 0.30776
0.00960 -0.33230 0.32577
-0.01072 0.70395 -0.26772
0.30220 0.61717 0.12175
-0.19327 0.29826 0.26377
0.29847 -0.57489 -0.11430
0.19405 0.17556 0.25322
-0.04915 -0.11321 -0.31528
-0.32623 -0.33195 -0.00734
-0.31813 0.36688 -0.03376
0.31119 -0.10013 -0.09295
0.24408 0.53377 -0.21419
-0.23288 -0.32117 0.22832
0.10634 0.35109 -0.30737
-0.01336 0.45513 0.31777
-0.11822 0.66895 0.21147
0.30237 -0.26239 0.09519
-0.23056 0.69233 0.14243
-0.12876 0.85759 -0.02782
0.03812 0.24438 0.31761
-0.25229 -0.55170 0.19711
0.09424 0.05502 0.31176
0.13911 -0.62629 -0.28690
-0.28467 -0.52610 -0.15962
-0.11001 -0.09911 0.29935
0.06772 -0.76509 -0.15455
0.04261 -0.42385 -0.32416
0.32505 0.13623 -0.02486
0.15592 0.57403 0.27662
-0.12227 0.76378 -0.05513
-0.30761 0.12076 0.08484
0.28141 -0.03116 0.16179
0.26696 0.07730 -0.17263
0.31770 0.40349 -0.02618
0.12036 -0.38934 0.29591
-0.09780 -0.52946 -0.31122
0.23655 -0.76509 0.02540
-0.31062 0.30505 0.10399
0.07777 0.88527 0.00804
-0.04828 0.73850 0.23794
0.32460 0.55308 -0.00798
-0.31405 -0.83558 0.05796
0.23179 -0.76132 0.22762
-0.22758 0.62805 -0.22318
-0.31322 -0.43800 0.06145
0.18438 -0.84399 -0.26781
0.30217 -0.30081 -0.12322
-0.29610 0.24822 -0.12301
0.31242 0.24878 0.08729
-0.03263 0.81157 0.19278
0.16880 0.71864 0.20353
0.25899 -0.51767 0.19834
-0.30801 -0.72266 -0.10884
-0.10116 0.63816 -0.08017
-0.13945 -0.28357 0.28811
-0.28665 0.52687 -0.14225
-0.18591 -0.74996 0.26829
-0.03276 0.53687 0.32465
-0.20355 -0.47475 0.24851
0.07391 0.50198 -0.31699
0.06927 0.74692 -0.14137
0.24535 -0.84512 0.20458
-0.11130 0.57742 -0.30799
-0.06244 0.37411 -0.31970
0.04645 -0.84516 0.31825
-0.26435 -0.30276 -0.17861
0.30053 0.35928 0.12735
0.25727 -0.05170 -0.18955
0.16826 0.08154 0.26993
-0.24302 0.09388 -0.21872
0.21955 0.63816 -0.21350
-0.09094 0.85410 0.09334
0.04196 -0.84369 -0.32418
0.30328 -0.14400 0.09214
-0.07742 -0.76509 0.15962
-0.05136 0.15663 -0.32235
0.08385 -0.14311 -0.31404
-0.08374 -0.56560 0.30714
-0.07659 -0.30984 -0.31631
-0.06387 -0.68450 0.32074
-0.17516 -0.15977 -0.26712
-0.24984 0.31691 -0.20207
0.12077 -0.76509 0.21411
-0.01722 0.08556 0.32506
0.25391 -0.65807 -0.19309
-0.28161 0.67636 -0.00215
0.00569 -0.43431 0.31828
0.07364 0.73227 0.23853
0.02773 0.36256 0.31886
0.19999 -0.43727 0.24758
0.00861 0.71575 0.02326
0.17168 -0.15774 0.27648
-0.29043 -0.83761 -0.13609
0.23549 -0.31774 -0.22326
-0.23208 0.51117 0.21842
-0.20098 -0.07969 0.25904
0.16001 -0.66114 0.28280
0.26219 -0.80322 -0.12045
-0.26524 -0.65782 0.19419
-0.31897 0.07977 -0.00217
0.24202 0.08185 0.21791
0.15141 0.77159 0.13769
0.04399 0.63816 -0.08629
-0.01172 -0.45930 -0.32561
-0.13401 -0.77399 -0.25320
-0.30484 0.21715 0.09641
0.29864 -0.76918 0.10776
0.26667 -0.46007 -0.17316
0.12654 0.21961 -0.30138
-0.08190 0.72421 -0.19159
0.31665 -0.44138 0.01316
0.10550 -0.36291 -0.29991
-0.08317 0.63955 0.29296
-0.16512 0.46059 -0.27256
0.01827 0.63816 0.19785
0.16631 0.80928 0.09264
-0.16018 -0.40180 -0.27524
0.18855 0.71368 -0.07092
0.30772 0.30250 -0.10745
-0.18998 -0.72719 -0.26748
-0.03566 0.96092 -0.02014
0.30150 0.65027 0.01160
-0.28007 0.46813 0.15237
-0.14387 -0.59407 -0.28409
0.14026 -0.05298 -0.28620
-0.12552 0.25530 -0.29404
0.04742 -0.76509 0.11433
-0.13218 -0.76509 -0.00785
-0.32586 -0.05399 -0.02107
-0.31253 0.57669 0.06429
0.31729 0.00781 -0.01099
-0.28657 -0.78689 -0.02218
0.30261 -0.63087 -0.09703
0.25910 0.51376 0.19816
-0.18954 0.20202 0.25739
0.05335 0.41045 -0.31538
-0.31887 -0.52068 -0.00614
-0.16527 -0.17826 0.27228
0.29237 0.51690 -0.14129
-0.00719 0.56857 -0.31809
-0.29000 -0.05619 -0.13679
-0.28545 -0.29066 0.15795
-0.27057 -0.02175 0.16990
0.08377 -0.51762 -0.30636
-0.00370 0.63816 -0.04079
0.05953 0.78121 -0.07068
0.13040 0.06057 -0.29225
-0.01248 -0.76509 -0.08398
-0.24576 -0.76509 0.14321
0.04296 0.86123 -0.10961
-0.00402 0.77685 0.09298
-0.19122 0.43683 0.25636
-0.22138 0.43207 -0.22906
-0.10666 -0.21638 -0.30150
-0.01872 -0.72256 -0.32579
0.07122 0.70264 -0.25772
0.14036 -0.67880 -0.29481
0.19155 0.65930 0.14798
-0.16136 0.04893 0.27467
-0.10030 -0.74079 -0.30303
0.31799 -0.38804 -0.06456
0.20449 0.75820 -0.00167
0.04011 -0.67517 -0.31684
0.24097 0.41712 -0.20674
-0.11858 0.66344 -0.26936
-0.30746 -0.63668 -0.11067
0.29554 -0.19961 -0.11993
0.31654 -0.70375 0.01752
-0.27925 0.09642 0.16939
0.19895 -0.75313 -0.25887
0.18407 0.27135 0.26976
-0.20925 0.63816 0.08551
0.01879 -0.25418 0.32602
-0.31976 -0.63284 0.03412
-0.00972 -0.10548 0.31787
-0.04007 -0.60756 -0.31746
-0.23412 0.01512 -0.21698
0.28093 -0.59454 0.14843
-0.15477 0.64846 -0.18689
-0.30284 -0.35848 -0.10028
0.11540 0.65629 -0.28297
0.27043 -0.11612 0.17968
0.22304 -0.24359 0.23591
-0.23782 0.71755 -0.12038
0.11632 0.40246 0.30647
-0.27388 0.25605 0.17929
-0.31084 -0.66376 0.10305
-0.01047 0.08412 -0.31818
-0.11219 0.63816 0.16151
-0.04573 0.82561 -0.18891
-0.11585 -0.48879 0.30532
0.14787 0.75806 -0.14704
0.16702 0.32175 -0.26979
0.26927 0.18739 0.18158
-0.31786 -0.74493 -0.04406
0.31708 -0.09259 -0.00282
0.00933 -0.55555 0.32577
0.32274 -0.51616 -0.04477
0.11375 0.54575 -0.30517
0.09249 0.61952 0.31218
0.19077 -0.76509 -0.06771
-0.28688 -0.76899 0.03463
-0.30823 0.55232 0.11396
-0.22251 -0.23319 -0.22799
-0.00367 -0.75928 0.32542
-0.04509 -0.76509 -0.17484
-0.09525 -0.76509 -0.22806
-0.24961 0.57030 -0.20229
0.06147 0.72252 -0.19491
0.19622 0.65125 -0.14274
0.22683 -0.45009 -0.23239
-0.31870 0.44274 -0.01238
-0.24245 -0.47829 -0.21927
0.29260 0.04807 0.12813
-0.14361 0.09420 -0.29263
-0.16374 0.71575 0.01367
0.15917 -0.76509 0.06355
-0.12786 -0.07576 -0.29277
-0.30058 0.03868 0.11417
-0.05967 0.65495 -0.23417
0.27169 -0.76509 -0.05128
-0.14338 0.70923 0.13911
-0.04646 0.23860 0.32428
-0.18948 0.36170 0.26610
0.32378 0.18788 0.02326
-0.30854 0.14842 -0.10703
0.27355 0.16350 -0.17597
-0.31369 -0.36053 0.09119
0.01472 -0.29867 -0.31751
-0.22627 0.64185 0.20367
-0.21140 -0.57885 -0.23852
0.13917 0.74092 0.04092
0.03481 0.56105 0.32600
-0.13050 0.25399 0.30098
0.12750 -0.84175 -0.29339
0.02729 0.20154 -0.31718
-0.30473 -0.49506 0.12242
0.27978 -0.49001 0.15032
0.31537 0.35147 0.05138
0.27849 -0.36399 -0.15138
0.20300 -0.10219 0.24473
0.18399 -0.55051 -0.26805
-0.07237 0.04841 0.31822
-0.21676 -0.39831 0.23458
0.28649 -0.33338 0.13938
0.31897 -0.84463 0.06519
0.24867 -0.14158 -0.19862
0.10831 -0.04888 0.30839
0.10772 0.26654 0.30093
-0.21135 0.25386 -0.24875
-0.21818 -0.23026 0.23308
-0.32570 0.60832 -0.02697
0.30752 -0.81206 -0.10826
0.15710 0.63816 0.07291
0.18817 -0.58539 0.25879
0.01941 0.63816 0.09599
-0.30387 -0.08159 0.10044
0.31110 -0.42154 0.09174
-0.15932 -0.82046 0.28460
0.16873 -0.76466 0.27808
0.03354 0.63816 -0.20900
0.18734 0.51511 -0.26599
-0.19550 -0.07729 -0.25360
-0.28999 -0.17769 -0.13681
0.04538 -0.76509 0.01381
0.18262 0.26554 -0.26022
-0.23852 -0.77439 0.21163
0.11242 0.12904 0.30740
0.30891 0.22428 -0.07077
0.17461 0.41248 0.27489
0.03013 -0.16881 0.32632
-0.31956 -0.17375 0.01999
-0.03402 0.63816 0.02564
0.11797 -0.76509 -0.08386
0.03992 0.09432 0.32478
-0.02137 0.16923 0.32495
0.18041 0.69970 0.09902
0.28199 0.36849 -0.14492
-0.02891 -0.83853 -0.31867
-0.10223 -0.00237 -0.30256
-0.14365 0.57580 0.28554
0.10110 -0.18518 0.31012
0.23663 0.35413 0.21284
-0.00750 0.78632 -0.09133
-0.32261 0.13695 -0.05960
-0.31336 0.31720 -0.09079
-0.28540 -0.10711 -0.15843
-0.29997 -0.23871 0.13118
-0.30327 -0.49611 -0.09882
-0.05255 0.37565 0.31639
0.15398 -0.20682 -0.28646
-0.21625 -0.65317 0.24586
0.22969 0.56591 0.22961
-0.21151 0.10948 0.25086
0.06648 -0.20936 -0.31920
0.12679 -0.76509 -0.23208
-0.06127 -0.28117 0.31381
0.21034 0.09775 -0.23904
-0.25889 0.72136 0.05070
0.13795 -0.30866 0.29478
-0.17473 0.69483 0.20809
0.31380 -0.30804 -0.05036
0.09740 0.63816 0.11475
-0.16384 -0.35412 -0.27326
0.19578 -0.36922 0.26176
-0.31613 0.02457 -0.05546
-0.10014 0.71733 0.24700
0.08910 0.71575 0.17269
0.03103 -0.04976 0.31895
-0.31797 0.35423 0.04160
0.27072 -0.72909 0.16508
-0.17447 -0.76509 -0.18230
-0.27770 -0.79959 -0.17097
0.32315 0.09607 0.04687
-0.03921 -0.62950 0.31709
0.26656 -0.23833 0.18600
0.32148 0.48427 -0.05003
0.09677 0.68202 -0.22278
-0.17182 0.77946 0.13256
0.11896 0.67658 0.25398
-0.11865 -0.76509 0.03810
0.23522 0.64635 -0.05029
-0.31679 0.46886 -0.07924
0.08693 0.28220 -0.31313
0.26500 0.25176 -0.17625
-0.32596 -0.23469 -0.01728
0.21615 -0.61785 -0.24365
0.29550 0.43751 0.11833
0.26721 -0.51976 -0.18767
0.01475 0.68765 0.22170
0.30831 0.56419 -0.07325
-0.12837 -0.76509 0.20893
-0.23115 0.17590 -0.21979
-0.29826 -0.83384 0.11884
0.06561 -0.54025 0.31862
-0.26307 0.36888 -0.19483
-0.08468 0.47310 0.30686
0.03051 0.34614 -0.32448
0.24326 -0.83965 -0.21506
0.22601 -0.78109 0.17705
-0.31906 0.49666 0.03705
-0.31517 0.54584 -0.08469
-0.15351 0.63816 -0.04141
0.14471 0.69333 0.15391
-0.11122 -0.23576 0.29899
-0.20608 -0.43442 -0.25375
-0.00628 0.72160 -0.20971
0.01427 -0.07813 -0.32491
0.30480 -0.69072 -0.11837
0.24736 0.03098 0.21285
-0.16838 -0.01730 0.27904
-0.28974 -0.43227 -0.13722
-0.10569 -0.14870 -0.30173
-0.32029 -0.28457 -0.06744
-0.32681 0.15246 0.01462
-0.32650 0.26659 0.03774
0.20022 -0.53142 0.24737
0.15679 0.14424 -0.27606
-0.19618 -0.55527 0.25332
-0.14476 -0.44239 0.28486
-0.18221 -0.84016 -0.26329
0.06144 -0.79055 0.27926
-0.25563 -0.73277 -0.20676
0.00962 0.04307 -0.32504
0.29170 0.29363 0.14500
-0.27032 0.45650 -0.18300
-0.07676 0.71575 -0.04603
-0.18483 0.71473 -0.11609
-0.20161 0.71575 0.09825
-0.22606 0.63816 -0.00434
-0.05023 0.71194 0.18068
0.24659 0.69350 0.11170
-0.21504 0.57362 0.23640
0.32340 -0.78059 0.03739
0.29949 0.09980 -0.11008
0.30415 0.13765 -0.09064
0.31647 -0.16594 0.02008
0.32355 0.49543 0.03160
-0.23589 0.68260 -0.05721
-0.12534 0.83176 -0.14622
-0.06797 -0.06150 0.31953
-0.27001 -0.58773 0.17093
0.19806 0.71107 -0.13935
0.30355 -0.08632 0.11720
-0.27921 0.03401 -0.16852
0.15674 -0.09600 0.27618
0.22039 -0.76509 0.11390
-0.00296 -0.34840 -0.32537
-0.14008 -0.46455 -0.29455
-0.14633 -0.70463 0.28389
0.13603 0.19564 0.28741
0.28025 0.67528 -0.03363
-0.27267 -0.15416 0.16601
-0.07233 -0.15655 0.31053
0.20568 -0.70552 0.25238
0.32105 0.05897 -0.05182
-0.05754 -0.37067 0.31492
0.13306 0.46529 -0.29062
0.03343 0.77908 0.20474
0.29366 0.54953 0.12455
-0.01392 0.84799 0.13056
0.18839 -0.80322 0.23330
-0.27736 0.63816 0.14899
-0.25155 -0.47794 0.19789
0.17769 0.65727 -0.24583
0.07387 -0.29726 0.30904
0.19631 0.45221 -0.25182
-0.23852 -0.33102 -0.21281
-0.26405 0.04946 0.18191
0.00602 -0.15198 -0.32513
0.26865 -0.59446 -0.16951
0.18088 0.51127 0.27149
0.28107 0.59581 -0.14661
-0.32618 -0.43815 -0.00913
-0.32580 0.30234 -0.02325
0.22053 -0.70695 -0.23903
0.18645 -0.27297 -0.25787
0.31396 0.33928 -0.04968
-0.00671 0.76928 -0.21319
0.17188 0.64098 0.25187
-0.27621 -0.59365 -0.17342
-0.17572 0.66237 -0.23988
-0.17708 0.63816 0.13515
0.30465 -0.02441 -0.08855
-0.18411 -0.33894 0.26072
0.05232 0.45885 0.32181
-0.11800 0.15919 -0.29812
0.11132 0.84596 0.06395
0.04541 0.01689 0.32346
0.07677 0.33647 0.31595
0.25759 -0.44702 0.20062
-0.05331 0.74460 0.13174
0.02108 0.49921 -0.31734
0.32269 -0.24351 0.05267
0.30724 0.18171 0.10475
-0.08485 0.90372 0.00401
-0.31781 -0.37371 -0.04572
0.02537 -0.52359 -0.32462
-0.10448 0.63816 0.03453
-0.17795 -0.66660 -0.26560
-0.10642 0.45054 -0.30916
0.09538 -0.84516 0.30857
-0.25187 0.65749 -0.16982
-0.07273 0.27848 -0.31723
0.03057 0.66107 -0.29570
-0.06878 0.52799 -0.31818
0.00308 0.99970 0.02425
0.04164 0.80651 0.01201
0.31483 0.42405 0.05318
0.04007 0.90876 -0.04640
-0.12383 0.63816 0.09458
-0.12366 0.66071 0.27344
0.32093 -0.15319 -0.05231
0.04476 -0.76509 -0.21049
0.02532 0.71575 -0.14580
0.06808 0.63816 -0.04421
0.07297 -0.38193 0.30926
-0.24247 -0.06606 0.21821
-0.18982 0.72293 -0.17705
0.20267 0.73036 0.14743
0.25903 0.01343 -0.18726
-0.32436 0.45576 0.04664
0.29002 -0.14005 -0.14561
0.23248 -0.04948 0.21678
-0.02619 -0.81820 0.31743
-0.01230 0.40941 -0.32562
0.13083 0.11116 -0.30011
0.07984 -0.58977 -0.31523
-0.14344 -0.74001 -0.28432
-0.06028 0.63976 0.23438
0.31972 -0.60513 0.06268
-0.26656 0.32399 0.19277
0.32166 0.57489 0.05616
0.32423 -0.28829 0.00619
-0.30153 -0.27821 -0.13068
-0.12772 0.33380 -0.29285
0.18968 -0.31725 0.26671
0.00894 0.71575 0.12300
-0.32458 0.24273 -0.05298
-0.16183 0.53110 -0.28275
0.20254 0.70412 0.03535
-0.15908 0.63816 -0.09374
0.31424 -0.25497 -0.08022
-0.22298 0.25812 0.22802
-0.13099 0.76246 0.01123
-0.26548 -0.22050 0.17927
0.27239 0.12937 0.17650
0.25214 0.72114 -0.07270
-0.07869 0.75178 -0.13574
0.08898 0.71575 0.06124
-0.07299 0.60569 -0.30957
0.26776 0.39655 0.16990
-0.06663 -0.74992 0.31222
0.29933 -0.18809 0.13141
-0.32600 -0.07931 0.03980
0.20139 0.67653 -0.19400
-0.31565 0.60758 -0.08308
0.20511 0.36730 -0.25509
0.31621 -0.48346 0.02980
-0.04160 -0.26267 -0.32469
-0.26948 0.12709 -0.18439
-0.27744 0.33834 -0.15727
-0.28083 -0.67898 -0.15174
-0.16874 0.14593 0.27882
0.17309 -0.80322 -0.23065
-0.19650 0.72253 -0.03630
0.15271 -0.34123 -0.28723
-0.32068 -0.50589 0.06199
0.09906 -0.62947 0.31061
-0.31772 -0.08009 -0.07610
0.28715 -0.05185 -0.13540
0.03299 0.75641 0.11575
-0.12791 0.21089 0.30175
-0.32660 -0.84346 0.00676
-0.26659 -0.34992 0.19272
-0.25366 0.50458 -0.19604
-0.04687 0.60507 0.32427
0.19542 0.35457 0.25192
0.09972 -0.45773 -0.30163
-0.11024 0.63816 -0.15817
-0.26502 -0.80322 0.17024
-0.07450 -0.42155 0.30988
0.05528 -0.77412 -0.32252
0.31347 -0.35153 0.08374
-0.04034 -0.76509 0.10552
0.13265 0.02470 0.29765
-0.24116 -0.71453 0.20885
-0.31022 -0.77381 0.07395
0.27374 0.47066 -0.16014
-0.11592 -0.82411 0.30530
0.14744 -0.73291 -0.28180
0.26964 0.46503 0.16685
-0.08288 0.08340 -0.30720
-0.19821 -0.12404 0.26074
0.32482 -0.63941 -0.01615
0.31784 0.61257 -0.03146
-0.07621 0.72018 -0.25333
0.07977 -0.30046 -0.31525
0.05561 -0.38064 -0.32242
0.10513 0.54892 0.30155
0.32477 -0.76786 -0.01400
-0.26267 -0.20232 -0.19548
-0.25380 0.26072 -0.20850
-0.30371 0.46002 -0.12331
-0.31068 0.49266 0.10372
-0.07511 -0.36533 -0.30906
0.27405 0.61586 0.17378
-0.31917 -0.12929 0.06830
0.31423 -0.68313 -0.04858
-0.31064 -0.54913 -0.09996
0.20523 -0.04768 -0.25502
-0.29640 0.66110 -0.04461
-0.15432 0.60851 -0.28682
-0.32691 0.00636 0.01848
-0.01449 -0.76509 0.16946
-0.27711 -0.08354 0.15783
0.26937 -0.66541 0.16729
-0.23603 0.44399 0.21426
-0.12081 -0.76509 -0.05779
0.30019 -0.51321 -0.12686
0.27571 0.66519 0.08879
-0.04207 -0.66946 -0.32458
-0.10101 -0.63140 -0.30286
-0.32584 -0.57054 -0.02171
0.26731 -0.71778 -0.18747
-0.19639 -0.19219 -0.25275
0.08357 -0.76509 0.05564
0.31244 0.30227 0.06124
0.07016 -0.48256 0.30993
0.21476 -0.48285 0.24376
0.27403 -0.80322 0.10046
0.23440 -0.38084 0.21496
-0.01585 0.89351 -0.07732
0.12665 -0.56116 -0.29364
-0.07896 0.22131 -0.30814
0.13523 0.63816 0.28967
0.23152 0.21104 0.21769
-0.31362 0.07402 0.05975
-0.32589 -0.39711 0.04026
-0.28634 0.51610 0.15631
0.17241 0.63816 -0.10229
0.14155 -0.60241 0.29282
-0.10728 -0.26901 -0.30135
-0.05172 -0.05380 -0.32227
0.14695 0.66686 0.19255
-0.00671 0.28017 0.31795
0.06932 -0.09315 -0.31065
0.06715 0.84829 0.10745
-0.20941 -0.76509 0.10400
-0.31291 -0.02276 -0.09230
-0.00343 0.70630 0.26713
0.00461 0.66382 -0.24132
-0.14809 0.83068 0.09640
-0.23056 -0.76509 -0.15510
-0.13574 -0.77614 0.29906
-0.27795 -0.80322 0.08098
0.07541 0.07292 -0.30884
-0.30856 0.19666 -0.08099
0.28242 -0.73788 -0.14412
-0.02064 -0.69735 0.31758
0.22649 -0.09824 -0.22201
-0.16040 -0.22258 -0.28353
0.26946 0.62294 -0.18351
0.32185 -0.57698 -0.04846
0.23188 0.14406 0.21734
0.12982 0.73938 -0.10036
-0.27588 -0.69586 0.16010
0.27739 -0.27051 -0.16890
-0.11143 0.39063 -0.30036
-0.27875 0.27326 -0.16926
-0.06287 0.78425 -0.07729
-0.31251 0.17029 0.06440
-0.04002 0.67461 0.28104
-0.19277 -0.76509 0.18961
-0.25745 -0.55690 -0.20399
-0.14022 0.09583 0.29631
-0.19948 -0.27020 0.25996
0.21423 0.59126 -0.24567
0.03814 -0.79228 -0.28502
0.29016 -0.42307 -0.12986
0.10206 -0.68412 0.30229
0.01308 0.49885 0.31848
0.19957 0.02593 0.24799
-0.29500 0.20261 0.14034
-0.11193 -0.65712 0.29878
0.28286 0.22909 0.14529
-0.32587 -0.57429 0.04036
-0.14915 -0.56243 0.28216
0.27165 0.54571 -0.17948
0.14520 -0.13867 -0.29184
0.27643 -0.76509 0.06668
-0.18707 -0.78927 -0.26906
-0.30449 -0.79806 -0.09472
0.20352 -0.50556 -0.24623
0.31473 -0.09501 0.05351
0.24392 -0.68397 0.20594
-0.02137 0.33193 -0.31847
-0.09838 0.52689 0.30280
-0.05057 0.63816 0.18104
0.02247 0.63816 0.03651
-0.30981 -0.40940 0.10737
-0.03122 -0.52462 -0.31873
0.22766 -0.80322 -0.17905
-0.19244 0.49461 0.26428
-0.29930 -0.02533 0.13241
0.18557 -0.76509 0.19445
-0.02610 0.74746 -0.16287
0.06963 -0.76509 0.18432
0.31701 0.22758 -0.00047
-0.16210 0.40125 -0.27420
-0.22627 0.34908 0.22455
-0.28234 0.59795 -0.16341
-0.28807 0.34721 0.13763
0.02412 0.95934 -0.01321
0.02415 -0.47916 0.32616
-0.30333 -0.29786 0.10269
0.11915 -0.00236 -0.29586
-0.20482 0.12650 -0.25495
-0.04377 -0.16498 -0.32417
0.30016 -0.46865 0.10264
-0.21427 -0.62386 -0.23580
-0.28944 -0.35242 -0.15183
0.22593 0.27576 -0.22260
0.07055 0.40194 0.31744
0.27678 0.30419 -0.15452
0.17927 -0.20694 0.26395
-0.06179 -0.50576 0.31365
0.07705 -0.24468 0.30828
-0.24941 0.73293 -0.01839
0.13208 0.44469 0.28955
0.31683 0.33738 0.00659
-0.26488 -0.01929 -0.19189
-0.31827 -0.63612 -0.02849
-0.21861 -0.68265 -0.23168
-0.17126 0.82149 -0.10564
-0.31570 0.63816 0.02164
0.11027 0.79023 -0.17033
-0.25988 -0.10526 0.18910
0.14280 0.74313 -0.04742
0.31115 0.04259 0.06560
0.23447 0.63816 0.00504
-0.20104 0.30608 -0.24834
-0.05878 0.13337 0.32225
0.00165 0.81120 -0.04460
-0.06670 -0.46715 -0.31108
-0.17272 0.72587 0.06374
0.24661 -0.37306 -0.20079
-0.18406 0.54173 0.26942
0.15875 -0.40843 0.27508
-0.10420 0.58266 0.30878
0.06078 0.68806 0.20906
-0.27553 -0.78675 -0.08032
-0.12968 -0.14680 0.29351
-0.20590 0.48240 -0.24374
0.06098 0.65951 0.29289
0.12949 -0.40645 -0.29280
0.22438 -0.18873 0.23464
0.05384 -0.47698 -0.32294
-0.17526 0.06531 -0.27547
-0.06592 -0.76520 -0.27851
-0.11816 0.02655 0.29693
0.14721 -0.71288 0.28135
0.27684 -0.78539 0.15510
0.07897 0.62741 -0.31549
0.31260 0.62574 0.06070
-0.28112 0.15878 0.15044
-0.16189 -0.49846 0.27435
-0.31954 0.56658 0.01902
0.21399 0.29828 0.23431
-0.21282 0.37023 -0.24736
0.03832 -0.79559 0.32516
-0.06897 -0.76509 -0.11743
-0.31251 -0.66016 -0.06767
-0.13183 0.73317 -0.13550
-0.15723 0.40752 0.28588
-0.25456 0.68626 0.10514
0.24546 0.20753 -0.20200
-0.20076 -0.01573 -0.24861
0.17515 0.09426 -0.27347
-0.20530 -0.76509 0.04044
-0.29193 -0.34392 0.14601
-0.20919 -0.52526 -0.24062
-0.20834 -0.79646 0.25420
0.17857 -0.25524 0.27274
0.25199 0.11945 -0.20585
-0.32611 -0.12813 -0.01185
0.31874 0.51798 0.06599
0.32198 -0.07126 -0.04794
-0.17722 0.23059 -0.27440
0.09102 0.18083 -0.31192
-0.22489 -0.59012 0.22600
-0.21388 0.16120 0.23762
-0.20192 -0.32571 -0.24751
0.32524 -0.44538 -0.03432
-0.32514 -0.46800 -0.04806
-0.32149 0.40491 -0.06340
0.05472 0.63816 0.14969
0.28990 -0.80322 -0.00766
0.18331 0.77007 -0.08932
-0.18893 0.66237 -0.15450
0.26868 -0.18133 -0.16945
0.12171 0.70198 0.20822
0.00347 -0.01082 0.32561
-0.06828 0.32182 -0.31070
0.30609 -0.61295 0.10863
-0.10523 -0.76509 0.11297
-0.17286 -0.80322 -0.23518
-0.28452 -0.47116 -0.14572
-0.20680 -0.71156 0.24509
0.08374 0.58501 -0.30637
-0.17523 -0.23170 0.26617
0.13426 -0.79820 -0.29855
0.08891 0.63816 -0.20786
0.28048 -0.27689 0.16331
0.31365 -0.72838 0.08313
-0.05500 -0.76509 -0.05207
0.00952 -0.76509 0.07271
0.15958 0.15031 0.27463
0.03977 0.63816 -0.13994
0.11963 0.72900 -0.22113
0.09069 0.44329 -0.30431
0.23484 -0.76509 -0.11611
-0.15554 0.29079 -0.28616
0.10983 0.76018 0.17646
-0.18431 0.73738 0.16369
0.23307 0.71575 -0.03874
-0.24602 -0.41532 0.21446
0.17279 0.21316 -0.26625
-0.30019 -0.12174 -0.10919
0.01671 -0.24644 -0.32485
0.06176 -0.58345 0.31195
-0.13038 -0.32339 -0.29140
-0.24766 -0.27899 0.20199
-0.15420 -0.06708 0.28774
0.03800 -0.72435 0.32524
0.07210 -0.76509 -0.05714
-0.08424 -0.79678 -0.31447
0.14295 0.83932 -0.03258
0.21282 0.32524 -0.24716
-0.32606 -0.68760 -0.01373
-0.05300 0.88782 0.07849
0.03138 0.72646 -0.24061
-0.02969 0.62048 -0.32608
0.01587 0.64154 0.25011
-0.18077 -0.40801 0.27144
-0.31226 -0.33141 -0.06851
-0.13172 0.20430 -0.29908
0.01461 0.12800 -0.31751
-0.26904 0.43526 0.18821
0.23079 0.48401 -0.21748
0.18989 -0.65338 -0.26443
0.15802 0.63816 -0.18099
-0.04361 0.96132 0.03157
-0.08174 0.63816 -0.03208
0.08182 0.23057 -0.30694
0.04188 0.14428 0.31671
0.31455 -0.19046 -0.07895
0.02964 0.61077 0.32631
-0.29290 0.40475 0.12873
-0.24017 -0.28058 -0.22143
-0.20325 0.07938 -0.24625
0.16527 -0.76509 -0.02291
-0.32569 0.21843 0.04110
0.28090 -0.81783 -0.16243
-0.00109 -0.76509 -0.14864
0.10820 -0.64097 -0.30682
-0.32661 0.39698 0.00713
0.28826 -0.00511 -0.14886
-0.12909 0.68045 -0.20515
-0.17183 -0.76509 -0.05001
-0.25257 0.00729 0.20756
0.01177 -0.63538 -0.32498
0.11566 -0.17900 -0.29690
-0.22993 0.22230 -0.22095
-0.31697 0.07581 -0.07861
0.32527 0.18429 -0.03319
-0.26879 -0.76509 0.09619
-0.04729 0.78533 0.07195
0.08035 0.78356 -0.01269
0.31330 -0.81103 -0.05243
-0.19992 0.76681 0.09160
-0.02797 -0.15167 0.32478
0.31295 -0.19311 0.08550
-0.14748 -0.12401 -0.28213
-0.12393 0.48800 -0.30331
0.22624 0.04888 -0.22228
-0.23010 0.21241 0.22052
-0.26834 -0.43410 -0.18624
0.10004 -0.33789 0.30277
-0.00445 -0.77927 0.28614
0.13214 0.27452 -0.29118
0.00261 0.73807 0.24174
0.22909 -0.17439 -0.23000
-0.29675 0.08608 0.12163
0.30767 -0.50595 -0.07594
0.25874 -0.01292 0.19875
-0.02149 0.63816 -0.09823
-0.23013 -0.40083 -0.23095
0.21424 0.65596 0.11099
0.01669 0.31918 0.32596
0.06982 -0.76509 -0.10741
0.02115 0.40852 0.32608
-0.29075 -0.54243 0.13269
0.00787 -0.61087 0.32573
-0.29502 -0.22625 -0.14274
0.12151 -0.78699 0.25904
-0.07165 0.17750 0.31844
0.24629 -0.60527 -0.21186
-0.32625 -0.77275 -0.00634
-0.08649 0.26103 0.30632
-0.28899 0.57339 0.15143
0.00275 0.03994 0.32559
0.09641 -0.76509 0.14225
0.15814 0.63816 0.16667
-0.16406 -0.66075 0.28169
-0.31807 -0.34836 0.04120
0.30169 -0.36359 -0.10090
0.28630 0.09039 0.15381
0.16125 -0.77952 -0.27333
0.25937 0.56819 0.19772
0.28464 0.51030 0.15651
-0.02465 0.71575 -0.05705
0.08967 -0.80056 -0.31231
0.31730 0.45990 -0.01138
-0.28062 0.08419 -0.15208
-0.25770 0.41127 -0.18945
0.26012 -0.56161 0.18237
0.31708 0.05499 -0.00302
0.25872 -0.06665 0.18465
0.20937 -0.14366 0.24887
-0.17483 0.25786 0.27508
0.18840 0.42270 -0.26534
0.20934 0.41243 0.23872
0.31272 0.50292 -0.08659
0.28768 -0.43970 0.13743
0.31743 -0.38603 -0.01603
0.03832 0.28360 -0.31688
0.13734 -0.50134 -0.28799
-0.09914 -0.70634 0.31028
0.06449 -0.63728 -0.31208
0.22243 0.50188 0.22631
-0.25614 0.71579 -0.07247
-0.13444 -0.79089 -0.29761
0.23236 0.72180 -0.11796
0.31687 -0.04499 0.00503
0.29957 -0.52898 0.13059
-0.12236 -0.53376 0.29568
-0.20832 0.69696 0.17207
0.00833 -0.77831 -0.31768
0.29517 -0.73227 0.13935
0.25874 0.37585 -0.19873
-0.26720 0.15076 0.19159
0.11429 -0.09601 -0.29731
0.15195 0.35697 -0.28770
0.31371 0.59985 -0.08243
0.15859 0.02394 -0.28363
-0.04111 0.23077 -0.32481
0.19530 0.80353 0.00951
-0.30229 0.35368 -0.12813
0.18021 -0.31968 -0.26170
-0.00365 -0.39395 -0.31800
0.15132 0.55175 -0.27942
0.13573 -0.76509 -0.18559
-0.01176 0.63816 -0.20375
-0.20349 0.03150 -0.24603
0.20190 0.57666 0.25595
-0.32509 -0.53362 -0.05003
0.25845 0.44054 0.19922
-0.10745 0.04715 -0.30131
0.08948 -0.71023 -0.31237
0.17245 -0.07893 -0.26646
0.28702 -0.66697 -0.15115
-0.08348 -0.76509 -0.01448
-0.30948 0.62122 0.07705
0.17100 0.72647 0.00781
-0.31109 -0.19585 0.07031
-0.03400 0.74269 -0.24058
-0.19898 -0.37950 -0.26049
0.04082 0.77229 -0.20671
-0.23604 -0.51178 0.22499
-0.27969 -0.47206 0.15307
-0.15088 0.45366 0.28110
-0.23592 0.65984 0.05603
0.04648 -0.41012 0.31561
-0.04402 -0.33310 -0.31651
0.06046 0.52267 0.31986
-0.32576 0.17715 -0.02481
-0.23298 0.08085 0.22821
0.06878 0.27929 0.31026
0.10963 0.82933 0.12630
0.00457 -0.38785 0.31825
0.30306 0.00377 0.11885
-0.28712 0.64570 0.10429
0.28521 0.11583 -0.15447
-0.30187 0.50708 -0.10356
0.21935 -0.80450 -0.22954
-0.13316 -0.62244 0.29197
0.09999 0.76627 -0.05404
0.12839 -0.76498 0.29996
-0.32588 -0.16976 -0.02022
0.26427 -0.29833 -0.19290
-0.30302 0.58754 -0.12566
0.04843 0.67750 -0.23712
0.31958 0.10598 -0.05792
0.13780 0.50664 -0.29637
0.11898 0.40755 -0.30362
0.16066 -0.51265 0.27405
-0.31803 -0.69502 0.07308
-0.14660 -0.64529 -0.29101
-0.01299 0.71575 0.08268
-0.29938 0.18312 -0.13563
0.07140 0.84484 -0.14161
-0.05859 -0.10628 0.32231
0.20576 -0.05595 0.25229
0.13591 0.71992 0.10865
-0.26094 -0.80322 0.12567
0.22501 0.60931 0.23404
0.03382 0.54969 -0.32440
-0.29253 0.29640 0.14490
0.24692 0.66348 -0.15699
-0.32538 -0.79991 -0.03917
0.05979 0.74205 0.20366
-0.13299 -0.76509 -0.20089
-0.06168 -0.55582 -0.31228
0.31779 -0.72864 -0.02969
0.04135 -0.12253 0.32444
0.21809 -0.84183 0.24061
-0.21391 -0.17017 0.23758
0.30445 -0.32719 -0.08936
-0.29224 0.13590 -0.14728
0.32267 -0.40194 0.05275
-0.24181 0.40200 0.21891
-0.11291 -0.19083 0.29849
-0.09454 0.71575 -0.11384
-0.03444 -0.76509 0.20984
0.14990 0.23328 0.28829
-0.10378 0.11932 -0.30219
0.25901 0.22695 0.18417
-0.17703 0.67116 0.16540
-0.31958 -0.03963 0.02085
-0.06354 -0.22594 -0.31184
0.31520 -0.02164 -0.04452
-0.31986 0.31370 0.03136
-0.22689 -0.84516 -0.23163
0.30844 0.19114 -0.10441
0.04531 -0.71884 -0.32409
-0.00119 0.86515 -0.11431
0.17092 0.01519 0.27689
0.11357 -0.76509 0.02268
0.28873 -0.37353 0.13572
-0.29830 -0.75529 -0.13740
-0.31977 -0.79989 0.02802
0.08360 0.01658 0.30671
-0.30953 0.01722 -0.10370
-0.08752 0.42937 0.30602
-0.27752 -0.01943 -0.15714
0.31745 0.28813 -0.06684
0.17056 0.70518 -0.16991
-0.25256 -0.60499 0.20756
-0.14045 -0.76509 0.08650
-0.29679 -0.10897 0.13704
0.29311 0.24898 -0.13991
0.12669 0.30356 0.29247
0.27526 -0.10920 -0.17283
-0.07182 0.68775 0.23095
0.23160 -0.11963 0.21761
0.32388 0.59856 0.01937
-0.28361 -0.20011 0.14586
0.32074 0.52584 -0.05312
-0.07053 0.09166 0.31106
0.17761 -0.76509 0.10418
-0.27101 -0.76212 0.18458
0.02471 0.44253 -0.31725
0.25718 0.49875 -0.18964
-0.05456 -0.33192 0.32350
0.19544 -0.76509 0.01021
0.09028 0.63816 0.05853
0.20445 0.70079 0.12694
-0.05700 0.63816 -0.07280
0.30660 -0.84095 0.10691
-0.13332 0.72381 0.21939
0.30821 0.31872 0.10146
-0.32224 0.50983 -0.06086
-0.02815 0.68676 0.24092
-0.10209 -0.28838 0.30941
-0.29677 -0.78730 0.12159
0.08449 -0.76509 0.25261
-0.21096 0.71575 0.04579
0.25974 -0.19406 0.18298
-0.29710 -0.62868 0.12097
-0.32396 0.40714 0.04833
-0.30436 -0.71857 0.12310
-0.20690 -0.48627 -0.24279
-0.23759 -0.36741 0.21261
0.10924 -0.57249 0.30817
-0.06529 -0.01116 -0.31901
-0.09604 -0.40867 -0.30405
-0.20599 0.77546 -0.07761
0.16841 0.71227 -0.12746
0.28180 0.57369 0.16115
-0.18974 -0.83530 0.25727
-0.11640 0.86771 0.01228
-0.05460 -0.80322 -0.29546
0.05316 -0.02478 0.32161
0.09137 -0.40186 -0.31181
-0.31335 0.27409 -0.09082
0.20006 0.23807 0.24752
0.28892 -0.77817 -0.14764
0.20680 0.54008 0.25131
0.18763 -0.36356 -0.26582
-0.23075 -0.44660 0.23056
-0.28168 -0.71459 -0.16449
0.24078 0.68802 -0.00886
-0.15376 -0.11411 0.27934
-0.03270 0.29588 -0.32616
0.31632 -0.74499 0.02556
0.26410 -0.78940 -0.19308
0.11713 0.76144 -0.01146
-0.00199 0.75609 0.21242
0.08736 -0.05458 -0.30530
-0.00696 0.92730 -0.05242
-0.27653 -0.63633 0.15890
0.26893 -0.62531 0.18214
-0.08571 -0.59210 -0.30652
0.15600 0.63816 0.11561
0.12012 0.63816 -0.06954
-0.08685 -0.78402 0.31393
-0.25458 -0.83643 0.19469
-0.17248 0.63816 0.06413
-0.32563 -0.00779 -0.02962
0.01274 -0.76509 -0.01801
-0.06883 -0.23646 0.31927
-0.07219 -0.83798 -0.30976
0.29879 -0.64669 0.13325
-0.21285 -0.27787 -0.24733
-0.27426 0.54525 -0.17659
0.23406 -0.05528 -0.22476
0.23364 -0.76509 -0.03277
-0.27929 0.48619 -0.15425
0.16076 -0.76509 -0.09746
0.18400 -0.47016 0.26979
-0.10906 0.63816 -0.30182
0.12360 0.08894 0.30256
0.24331 -0.42326 -0.20426
-0.19417 0.07774 0.26322
-0.02429 -0.22979 0.31748
0.31588 -0.35266 -0.04166
0.20598 0.05791 -0.25438
-0.23563 0.39283 -0.21554
-0.31973 0.11274 0.02640
0.10232 0.71309 -0.19233
0.11644 -0.49423 0.29803
-0.25829 0.16912 -0.18849
-0.00694 -0.06388 0.31794
-0.25825 -0.76509 -0.11088
-0.14461 -0.40247 0.29362
-0.20854 0.74262 -0.12399
0.26810 -0.81075 0.18349
0.12426 -0.09222 0.30220
0.05283 -0.44922 0.32169
0.00653 0.82790 0.16083
-0.29821 0.45107 0.11893
0.20437 0.06863 0.25362
0.10341 -0.14439 0.30196
-0.32731 -0.75911 0.03332
-0.17244 0.60236 0.27655
0.18351 -0.76509 -0.19546
0.20111 -0.74980 0.25671
-0.30394 0.42271 -0.09657
-0.31101 -0.76341 -0.09870
0.27236 -0.23415 -0.17817
0.31734 -0.49328 -0.01276
-0.09603 0.70130 -0.22309
0.31878 -0.47718 0.06585
0.29959 -0.80322 0.06788
0.22590 -0.55649 0.23320
-0.32634 0.49713 -0.00305
-0.21869 -0.04681 0.24328
-0.26863 0.69836 -0.03717
-0.29031 -0.60918 -0.13629
-0.10290 -0.04777 -0.31000
0.03183 -0.21002 0.32637
-0.32584 0.12096 -0.02174
-0.03334 -0.76041 -0.31879
-0.20361 -0.59823 0.25743
0.02357 -0.08211 0.31875
0.28226 -0.22242 0.14626
0.16363 0.67457 0.23151
-0.15743 0.14546 -0.28514
-0.20083 0.58624 -0.25873
-0.18301 -0.56201 -0.26285
-0.31755 0.56535 -0.05068
-0.24231 0.68512 -0.00974
0.00095 -0.51618 0.31815
0.32522 -0.27545 -0.03123
-0.16863 -0.76509 0.01080
-0.25913 -0.49740 -0.18713
-0.07947 0.41488 -0.30802
-0.22033 0.71866 -0.06995
-0.21564 -0.11165 -0.24469
0.24869 -0.58771 0.21159
-0.31281 0.03176 0.06314
0.27821 0.01904 0.15287
0.32413 0.42593 0.01003
0.32326 -0.13335 0.04275
0.09339 -0.82852 -0.31121
-0.19180 0.63816 -0.05514
-0.12422 0.54324 -0.29474
0.10084 0.75296 0.07259
-0.16156 0.74282 -0.04071
0.27965 -0.32325 -0.16473
-0.11603 0.63816 -0.11796
0.17183 -0.58922 -0.26684
0.04357 -0.34192 -0.32414
-0.30637 0.15218 0.11938
0.04510 0.66103 0.23734
-0.10241 0.84379 -0.11507
0.32492 0.09091 -0.01999
0.09965 0.66562 0.22019
-0.31762 -0.32339 0.07478
-0.24958 -0.76509 0.04970
-0.21889 -0.15824 -0.23142
-0.31780 -0.19969 -0.04607
-0.00173 0.80805 -0.20330
0.17370 -0.03166 -0.27436
-0.01668 0.20803 0.31768
0.29381 0.40781 -0.12313
-0.05407 0.69481 -0.23551
-0.30543 0.38879 0.09395
-0.32387 -0.69674 -0.05537
-0.04545 0.19769 -0.31617
0.02740 -0.04452 -0.31717
0.24089 -0.49628 -0.20683
-0.11181 -0.80292 -0.26524
-0.01412 0.63816 0.13206
0.23384 0.15759 -0.21426
-0.29451 -0.39300 -0.14357
0.08361 -0.76509 -0.20081
-0.26822 -0.31259 0.18971
0.13966 0.49984 0.28544
0.07241 -0.26124 -0.31744
-0.11762 0.85334 0.06360
0.04705 -0.34156 0.31547
0.01632 -0.48289 -0.31747
0.07374 0.11377 0.31667
-0.02255 -0.35580 0.32492
-0.00503 -0.28263 0.32539
0.16831 -0.55149 0.26990
0.31158 -0.05832 0.09010
0.32376 -0.81793 0.02367
0.23155 -0.25611 -0.22741
0.12336 0.31169 -0.30232
-0.32663 -0.46655 0.03719
-0.10459 0.77215 0.04177
0.11319 0.71387 0.14103
0.03666 0.76306 -0.12536
0.25908 0.45148 -0.19838
-0.20089 -0.78466 -0.20459
0.19403 -0.44197 -0.25322
-0.07806 -0.62896 0.30883
0.17732 0.20955 0.26501
0.00811 -0.82431 -0.31769
0.31775 0.40750 -0.06559
0.22703 0.66460 -0.08446
-0.04334 0.43015 0.32437
-0.10379 0.11068 0.30119
0.11512 -0.76509 0.07950
0.12836 -0.79642 -0.25613
-0.32640 0.26204 -0.00093
0.32303 0.21556 0.05145
-0.20201 0.71815 0.00444
-0.00871 0.13260 0.31790
-0.18102 -0.60019 -0.27234
-0.31062 -0.05494 0.07228
-0.17845 -0.44885 0.26420
-0.07205 0.63816 -0.16749
-0.30343 -0.44782 0.10229
0.25827 0.33634 0.18538
0.31770 -0.12405 -0.02624
-0.14500 0.36661 -0.29188
0.20119 0.76432 0.03689
0.25405 0.40047 0.20640
0.08643 0.44194 0.31363
-0.10417 0.75609 -0.10632
-0.13830 0.63816 -0.00431
0.08302 -0.42536 0.31445
0.16754 0.73633 0.12482
-0.02776 -0.01972 -0.32603
-0.28947 0.04788 0.15054
0.18014 0.60789 0.26348
-0.17276 -0.44863 -0.26842
0.12941 0.15762 -0.30053
-0.04209 -0.53774 0.32440
0.12886 -0.20520 0.29130
-0.07855 -0.82642 0.31639
-0.25715 0.68590 -0.09723
0.32421 0.57726 -0.03862
0.21607 -0.59700 0.23233
0.27718 0.26624 0.16868
-0.11286 0.28837 0.30621
-0.01136 0.71306 0.18300
0.00740 0.63816 0.00066
-0.28181 -0.27117 -0.16428
0.25788 -0.75284 0.20014
0.19453 0.45175 0.25276
-0.04428 0.10308 -0.31645
-0.14496 0.77994 0.16054
0.17068 0.71956 0.05099
-0.00810 0.18750 -0.31812
-0.20867 -0.51277 0.25385
-0.10530 -0.47283 -0.30943
0.20663 -0.27496 0.25148
0.15268 0.37534 0.27838
0.32356 -0.55469 0.03136
-0.29284 0.64574 -0.07983
-0.22699 -0.01349 0.22380
-0.15970 -0.35979 0.28436
0.06170 0.01371 -0.31290
-0.20997 0.61171 0.24174
-0.00450 0.75139 0.12898
0.03167 0.69131 -0.26898
0.16321 0.63816 -0.27601
0.08390 0.73293 -0.23424
0.31386 -0.68226 -0.08181
-0.15949 -0.02361 -0.28402
0.28547 -0.76532 -0.01261
-0.22889 -0.74357 -0.23212
-0.03506 -0.36944 -0.32623
0.22064 0.38478 -0.22817
-0.24038 0.13086 -0.22123
0.32401 -0.66260 0.01431
0.06618 0.34150 -0.31158
-0.13618 -0.01164 0.29879
0.18123 -0.69043 -0.26107
-0.10809 -0.43675 0.29992
0.30106 -0.12329 0.12557
-0.16173 0.57130 -0.28281
-0.32696 -0.22762 0.02017
-0.18998 0.69341 0.12682
0.06095 -0.81170 -0.32083
0.00998 -0.66947 0.32579
-0.13347 -0.73823 0.30010
-0.27962 -0.64121 -0.15372
-0.10180 0.73850 -0.22370
-0.00965 0.51991 -0.32555
0.19961 0.62898 -0.25847
0.30927 0.17691 -0.06924
-0.22056 -0.74673 0.24131
-0.10782 0.06035 0.30771
0.19325 -0.76509 0.15732
0.27919 -0.41672 -0.16558
-0.15195 0.63816 0.28455
0.02734 0.08554 -0.31718
-0.23791 0.48163 -0.22357
0.02431 -0.20945 -0.32465
0.31437 0.01491 -0.04797
0.13709 0.66632 -0.25424
-0.25688 -0.61019 -0.20493
-0.32533 -0.31462 -0.04084
0.28818 0.17674 0.15075
0.06888 0.71575 -0.12020
-0.02288 -0.29735 -0.31851
0.28062 -0.52980 0.16308
0.29932 0.38985 0.10546
-0.30850 -0.39322 -0.10719
-0.22157 -0.55648 0.22951
-0.14066 0.84189 -0.09791
-0.07888 0.56202 0.30858
-0.22769 -0.27847 0.23379
0.24918 -0.69277 -0.20881
-0.15669 0.63816 -0.26391
-0.32716 0.04270 0.02783
0.16903 0.71575 -0.03899
-0.07509 -0.47095 0.30971
-0.31243 -0.24913 -0.06796
0.21812 -0.66256 -0.24158
0.30185 0.63816 0.08695
0.13290 0.83164 0.09098
-0.32580 0.04097 -0.02325
0.32326 0.45979 0.04286
-0.25276 0.08337 0.19662
-0.30292 -0.02285 -0.12599
-0.26052 0.02321 -0.19898
0.30157 0.24433 -0.10138
0.29777 -0.05410 0.13511
-0.10132 -0.60064 0.30193
-0.28778 -0.58920 0.13817
-0.29800 -0.38710 0.13481
0.32409 -0.24160 0.01143
-0.15347 0.53172 0.28819
-0.21844 -0.04228 -0.23185
-0.11232 0.39920 0.30637
0.23377 -0.79844 0.22574
0.27820 0.64557 0.12267
0.29524 0.25709 0.11922
0.20434 -0.58267 -0.24537
-0.09090 -0.37147 0.31273
0.03993 0.77441 0.08404
0.23816 -0.21417 0.21139
0.11489 -0.59598 -0.30483
0.29317 -0.10829 -0.12430
0.30056 0.58633 0.10129
-0.21101 -0.76509 0.15737
0.03238 0.17873 0.32638
0.09428 0.21641 0.30415
-0.13561 0.63816 0.05445
0.21052 -0.32642 0.23761
-0.29671 -0.16083 0.13719
-0.28963 -0.14293 -0.13740
0.01350 -0.83048 0.32588
-0.26442 -0.51238 0.19506
0.07312 -0.43583 -0.30952
-0.27316 0.39287 -0.16424
0.26887 0.34401 -0.16911
0.30584 0.04455 -0.08357
0.31598 -0.63257 0.03842
0.10397 -0.27110 0.30943
-0.13084 -0.78857 0.25602
0.29229 -0.59893 -0.14142
-0.31397 -0.81731 0.09001
-0.23615 0.51832 -0.22524
0.23321 -0.28907 0.21609
0.10300 0.48372 -0.30065
-0.03609 0.50122 0.31717
0.05541 0.83138 0.13763
0.24465 -0.80040 0.14666
0.06620 0.53724 -0.31157
0.32332 0.15577 0.04060
0.03886 -0.55749 -0.32426
0.32476 -0.17604 -0.01398
0.32429 -0.34797 0.00376
-0.12775 -0.51128 -0.30124
-0.30159 -0.32751 -0.13047
0.06327 0.71575 0.03546
0.22468 0.56298 -0.22391
0.12065 -0.21839 -0.29542
-0.06438 0.65881 -0.29364
0.14667 -0.36491 0.29004
-0.09304 0.21083 0.31209
-0.28987 0.44116 -0.15114
-0.29928 -0.80322 -0.05828
0.14246 -0.80313 0.28392
0.15393 -0.28500 -0.28648
-0.10204 -0.33496 -0.31021
-0.30336 0.64558 -0.01164
-0.00818 0.01078 -0.32551
0.31562 -0.19764 0.05054
-0.00311 -0.54487 -0.31799
0.29752 -0.26125 0.13552
-0.24450 0.27610 0.20533
0.15119 0.24399 -0.28816
0.07967 0.63816 -0.09163
-0.07060 0.84494 -0.13383
0.20599 0.48510 -0.24363
0.23199 -0.45573 0.22742
-0.14557 -0.17267 -0.28316
0.19096 -0.66880 0.26602
0.05728 0.81401 0.18165
-0.32705 0.60408 0.02356
0.31655 0.30211 0.01713
-0.27072 -0.13840 -0.16822
-0.06445 0.63816 -0.20278
0.14012 -0.15741 0.29359
0.31301 -0.54018 -0.08534
0.24157 0.60960 0.20816
-0.03546 -0.07869 0.31719
0.28263 0.33421 0.14567
-0.17338 -0.05576 -0.27648
0.08696 0.36931 0.30591
0.31694 0.51970 0.00249
-0.05333 0.46454 0.32387
-0.16566 -0.76509 -0.21701
-0.30757 0.09194 -0.11033
-0.14375 0.05076 -0.28415
0.27399 -0.45379 0.17388
-0.25604 -0.19634 0.20389
-0.29939 0.23716 0.13226
0.30589 -0.65331 0.08332
-0.29370 -0.79011 -0.13075
-0.08847 0.49088 -0.30586
0.13490 -0.76509 0.10916
0.08045 0.17012 0.31507
-0.12145 0.30078 -0.30466
-0.30502 0.29435 -0.11891
0.32380 0.37012 0.02223
-0.14678 0.71575 0.17394
-0.07266 0.71575 0.12395
-0.23228 0.65411 -0.19934
-0.24131 0.16816 0.20869
0.30548 -0.32440 0.11067
-0.31305 -0.26480 0.09384
0.04768 0.05669 -0.32403
0.22834 0.72347 0.11774
0.14901 0.72368 -0.19117
-0.21657 -0.34753 0.24553
-0.14240 -0.28428 -0.28488
0.05955 0.63816 0.03692
0.32270 -0.19577 -0.04491
0.29544 -0.33725 -0.13561
0.31343 -0.61115 -0.05188
0.28548 -0.45704 -0.13849
-0.20927 0.64574 0.12260
0.25319 0.15832 0.19366
-0.16087 0.19293 -0.27486
0.23739 -0.76509 0.08290
0.31253 0.01001 -0.08737
0.00273 0.82267 0.02503
0.05143 0.06257 0.31442
-0.18563 0.28245 -0.26984
-0.05061 -0.76509 -0.24678
0.17994 0.68964 0.20108
-0.21482 0.52137 0.24736
-0.13045 -0.41122 -0.29137
-0.31776 0.44349 -0.04755
-0.32525 0.33401 -0.04409
0.09792 0.14503 -0.30987
-0.21940 0.31534 0.23180
-0.23453 -0.52122 -0.21659
-0.22473 0.67130 0.09411
-0.30962 -0.54051 0.07643
0.32156 -0.05621 0.05648
-0.24317 0.66724 0.02246
-0.15301 -0.82874 -0.27913
0.21790 0.13120 -0.23107
0.30737 -0.73499 -0.10889
-0.19593 0.20985 -0.25319
0.16384 -0.17373 -0.28041
0.28692 -0.68186 0.13867
0.00480 0.58742 0.31826
0.03725 0.28093 0.32542
-0.19394 0.50729 -0.26526
-0.08941 0.68169 -0.26302
-0.09373 -0.11935 -0.31220
0.07822 0.70257 0.25639
-0.24309 0.72331 0.01960
0.15483 0.28401 0.28562
0.21194 -0.76509 0.05020
-0.16098 -0.76509 0.11475
0.05069 -0.13240 -0.31617
0.11235 -0.71733 0.29982
-0.31865 -0.40451 -0.01422
0.14221 -0.43734 -0.28501
-0.31398 -0.30402 -0.08870
0.09047 -0.80322 0.29377
-0.24289 -0.44352 -0.21884
-0.06972 -0.63291 -0.31795
-0.18421 0.67869 -0.21037
-0.03209 0.76404 0.10899
0.04005 -0.76509 -0.17558
-0.29549 -0.57672 -0.12504
0.31203 -0.22858 -0.05774
-0.21121 -0.81478 -0.23870
-0.31915 0.33591 0.00467
0.28998 -0.09546 0.14781
0.21696 0.33247 0.23149
-0.24685 0.48017 0.21359
-0.29569 -0.80322 0.05133
-0.20021 -0.69256 -0.25931
-0.31173 0.59494 0.09936
0.29210 0.13456 -0.12629
0.32332 0.54425 0.04037
-0.30973 0.37615 -0.10302
0.11485 0.58159 0.30682
0.25142 -0.48407 0.19655
0.26059 -0.08524 -0.19679
0.04534 0.93392 -0.00362
-0.15644 -0.69086 -0.27726
0.31427 0.08017 -0.08012
-0.06476 0.05664 -0.31914
-0.10168 -0.75139 0.30182
0.16101 0.72552 -0.08789
-0.22805 0.73770 0.09609
-0.09695 0.63816 0.00094
-0.00487 -0.42835 -0.31803
0.16280 -0.38190 -0.28104
-0.24184 0.05124 0.20813
0.02493 0.43874 0.31879
-0.00183 0.79956 0.20211
0.29210 0.55123 -0.14177
0.32226 -0.71217 0.05414
0.32350 0.04532 0.03373
0.12096 0.63816 0.04326
0.08890 -0.51578 0.31304
0.05250 0.63816 0.19812
-0.14151 0.63816 -0.14078
-0.18481 -0.76509 -0.08162
0.30036 0.65461 0.05301
0.17683 0.37533 -0.27244
0.30598 0.36019 0.08301
-0.23192 0.28468 -0.21906
0.28379 -0.16035 0.14377
0.28449 -0.79265 0.02432
0.04634 -0.59577 -0.31667
-0.02602 0.73059 0.15776
0.14548 0.05949 0.28228
0.31679 0.13772 0.00808
0.18284 -0.82694 0.27042
-0.01629 0.13950 -0.32573
-0.19220 -0.04667 0.26443
-0.07342 0.63816 0.04805
0.30845 -0.22680 -0.10440
-0.28222 -0.51620 0.14840
-0.09274 0.36275 -0.30484
-0.30591 -0.47995 0.09193
0.14586 -0.76509 0.01262
0.17230 0.57907 -0.26655
-0.03494 0.77548 -0.10776
-0.15159 0.71575 -0.02321
-0.31045 0.29173 0.07299
0.26732 -0.30790 0.18476
-0.16158 -0.76509 0.21469
0.05104 -0.50748 0.32211
0.06749 -0.07430 0.31817
-0.18530 -0.70085 0.26866
-0.29595 0.55471 -0.12349
-0.17303 0.70976 -0.20388
-0.04537 -0.43680 0.31692
0.01537 0.73199 0.15496
0.25124 -0.35816 0.19684
-0.11389 0.62709 0.29820
-0.31873 -0.48751 -0.01120
0.06673 0.64632 -0.23169
-0.05261 -0.77798 0.32408
-0.31983 -0.54303 0.02992
-0.29951 -0.20306 0.11653
0.31329 -0.47397 -0.08418
-0.11222 0.71627 0.14911
0.30620 -0.77907 -0.11377
0.19042 -0.61793 0.26631
0.24318 0.00394 -0.21515
0.12257 -0.42188 0.30312
-0.13707 0.71277 -0.18201
-0.31515 0.46418 0.08508
0.07522 -0.66532 0.30872
0.22781 0.45381 -0.23135
-0.17588 -0.76509 0.14783
-0.17218 0.17902 0.27671
0.31415 -0.22905 0.08146
0.21505 -0.00606 0.24349
0.07711 0.47649 0.30827
0.22219 -0.08196 0.22654
-0.26343 -0.05037 -0.18011
0.21124 -0.40783 0.23692
0.31749 -0.69447 -0.01850
0.12636 -0.63564 0.29265
0.02747 0.63816 -0.31961
0.18191 0.68858 0.15941
0.09396 0.65683 0.28973
-0.32311 0.17693 -0.05793
0.26324 0.09495 0.17728
0.11077 0.62918 -0.30606
0.31411 -0.13087 -0.08076
-0.31784 0.36191 0.07387
0.09011 -0.22757 -0.30448
-0.02590 0.30631 0.32483
0.06523 0.63816 -0.00751
-0.23547 0.59735 0.22559
-0.18152 -0.48226 -0.26366
-0.14701 -0.23216 0.28347
-0.13048 0.17791 0.30098
-0.32602 -0.26771 -0.01523
-0.32649 -0.07699 0.00267
-0.07075 -0.76509 0.04800
-0.20468 -0.42548 0.25678
0.30272 0.51103 0.09400
0.05670 -0.76509 -0.27584
0.31392 -0.11440 0.08223
-0.07374 0.75450 0.10783
0.30165 0.63898 -0.04264
-0.27403 0.67777 -0.06225
0.31743 -0.60290 -0.01630
-0.18429 0.10912 0.26928
-0.31811 0.08493 -0.03459
0.03525 0.73593 0.23970
0.21296 0.65348 -0.11188
0.13287 0.52953 0.29753
-0.02079 -0.19771 0.32497
-0.07042 0.45759 -0.31019
0.20785 0.25600 -0.24166
-0.08651 -0.19379 -0.31393
-0.13661 0.45864 -0.29643
-0.28634 0.00857 -0.14275
0.03195 0.15482 -0.32444
0.14417 0.60681 0.29140
0.21603 -0.83938 -0.23304
0.30622 0.43621 0.08221
0.00319 -0.76509 -0.11629
0.00648 0.36817 -0.32512
-0.32368 0.54986 0.04950
0.17611 0.00452 -0.26421
-0.16495 -0.26457 0.28114
0.31908 0.45339 -0.06003
0.21037 0.63816 0.08402
0.07760 0.63816 0.08850
0.18105 -0.06502 0.27140
-0.11974 -0.66448 -0.29717
0.00069 0.73458 -0.24756
-0.03737 -0.57268 -0.32571
0.01975 -0.37248 -0.32477
-0.06727 0.74095 -0.16414
0.26808 0.02254 0.18351
0.16756 0.77386 -0.11745
0.30989 0.21760 0.09581
0.16396 0.44303 -0.27166
0.30881 0.33456 -0.10287
0.26965 -0.33679 0.16682
0.25696 0.04562 -0.18988
-0.18235 -0.31665 -0.27162
0.30090 -0.05247 -0.10419
-0.01941 -0.48988 -0.31842
-0.13168 -0.03792 -0.29910
0.29901 -0.16848 -0.11206
-0.15764 -0.76797 -0.27661
0.32493 -0.53709 -0.02027
-0.31778 0.47575 -0.04715
0.30754 0.63220 -0.07647
-0.24153 -0.25195 -0.20995
0.10043 -0.68009 -0.30913
0.27384 -0.16455 0.17414
0.23780 0.00157 0.22192
0.02617 -0.28722 0.31882
-0.26687 0.05593 -0.18864
-0.26059 -0.69294 0.18829
0.08315 -0.80304 -0.27331
0.06105 0.60842 0.31971
-0.24084 -0.03318 -0.21061
0.00083 0.99064 -0.00654
0.13235 0.74296 0.16126
0.16510 0.67403 -0.17567
-0.29652 0.51493 0.12204
0.24954 0.62783 -0.20844
-0.02394 -0.40261 0.31749
-0.31915 -0.58766 0.00463
-0.31926 -0.66575 0.00879
-0.04534 0.50616 -0.31620
0.26400 0.70727 -0.03899
-0.03037 0.71575 -0.18936
-0.05698 -0.49606 -0.32101
0.15110 0.63816 -0.07783
0.20725 0.63816 0.23623
0.31292 -0.10140 -0.05401
0.28436 0.48132 0.14284
0.07794 0.08051 0.31567
-0.14074 0.28107 0.28732
0.31009 0.54508 -0.09754
0.01347 0.68115 0.27745
0.01672 -0.76509 0.17655
0.29700 -0.26981 -0.11725
0.15527 0.19475 -0.28566
0.26578 -0.76537 -0.10799
-0.24540 -0.67568 -0.20628
-0.18445 0.71575 -0.08417
-0.16559 0.71575 -0.05714
0.20199 0.73583 0.05123
-0.25656 0.21412 -0.20545
-0.03846 -0.74142 0.32450
-0.17684 0.57246 0.26518
0.08355 0.40579 -0.30642
-0.04532 -0.76509 0.16152
-0.00179 0.71575 0.21323
-0.30710 -0.16784 -0.11188
-0.18669 0.10465 -0.26927
0.15698 -0.56413 -0.28462
0.32443 -0.14259 -0.00137
-0.27110 -0.68248 -0.18174
-0.10975 -0.76509 0.07858
0.10985 -0.76509 0.18434
-0.01290 -0.06324 -0.31825
-0.09752 0.66965 -0.22228
0.16279 -0.11464 -0.28105
-0.07653 0.77336 0.07342
-0.32231 0.27709 -0.06063
0.20804 -0.78556 -0.25221
-0.24593 0.23911 0.21456
-0.30786 -0.34826 0.11551
-0.03918 0.27874 0.31709
0.05117 0.49261 0.32208
0.26615 -0.82398 -0.18962
0.02361 0.63816 -0.17912
-0.03650 0.57693 -0.32591
0.10841 0.71575 0.08595
0.10359 -0.02671 -0.30819
0.28259 -0.30286 0.14572
-0.30711 0.08943 0.08693
0.17332 0.17157 -0.27459
-0.14431 0.41976 -0.29226
0.27990 -0.07928 -0.14878
-0.07596 0.39533 0.30945
0.00693 0.24148 0.31831
0.14989 -0.01750 -0.28896
0.24912 0.11159 0.21118
-0.21236 0.66820 0.19404
-0.16238 0.32435 -0.28245
0.30801 -0.49894 0.10215
0.18933 0.29973 0.25769
-0.04099 -0.20059 -0.32484
0.30434 -0.54321 -0.11921
0.19631 -0.09816 -0.26049
0.31628 -0.78255 -0.04000
-0.24568 -0.22367 0.21482
0.14410 0.63816 -0.14986
-0.01987 0.56835 0.31760
-0.09369 -0.12254 0.31190
0.27953 0.36812 0.16485
-0.31971 -0.16619 0.06607
0.09620 -0.33509 -0.31038
-0.11594 -0.59172 -0.29924
-0.28108 0.62657 -0.15133
-0.26787 -0.45332 0.17487
0.29906 0.58720 0.13232
-0.06851 0.63229 0.31937
0.28943 -0.25243 -0.14669
0.22454 0.73407 -0.09053
-0.05952 -0.76509 0.12994
-0.22141 -0.12750 0.24041
0.17752 0.03786 -0.26335
0.25949 0.36846 0.19752
-0.18241 0.55915 -0.26318
0.16369 -0.23235 -0.27183
0.31336 -0.65333 -0.05220
-0.29714 0.48838 0.13640
-0.24312 -0.80322 0.19205
-0.28777 -0.29989 -0.15456
0.22154 0.04879 0.23734
0.20961 -0.11721 -0.23981
-0.27485 0.54806 0.16199
0.01593 -0.76509 -0.19946
0.12194 0.23007 0.30346
-0.15326 0.63816 0.02624
0.05446 0.25803 -0.32276
-0.26321 0.12138 0.18345
0.08616 0.10137 -0.31336
0.26403 -0.74682 -0.17802
-0.15608 -0.52840 0.27791
-0.03862 -0.30164 0.31710
-0.24722 -0.80322 -0.17155
-0.21217 0.06126 0.23942
0.29248 -0.65090 -0.12557
-0.01486 -0.49021 0.32512
0.19638 0.49451 0.25101
-0.08471 0.63816 0.17511
-0.31238 0.17186 0.09665
0.02229 0.53305 0.32611
-0.27921 -0.77615 0.06667
0.31594 -0.68302 0.04006
0.26090 -0.25586 -0.19646
-0.15613 -0.30710 0.27788
0.28770 0.41072 0.15152
-0.21032 -0.76509 -0.00623
-0.07388 -0.76509 -0.14760
0.28388 -0.18872 0.15777
-0.07025 0.71575 0.04279
-0.31960 -0.37386 0.02146
-0.01756 -0.62694 -0.32576
0.22931 0.69017 0.14106
-0.09145 -0.76509 0.01496
-0.03208 0.37681 -0.31876
-0.26419 -0.43058 0.19530
-0.06177 0.25049 -0.31226
-0.16473 -0.14171 0.27261
0.27339 -0.75971 0.17486
0.07086 -0.71167 0.31736
0.21517 0.26025 0.23319
-0.25673 -0.74005 0.20316
-0.08749 0.02780 -0.31370
-0.27162 -0.37624 -0.16675
0.17709 -0.44082 0.27354
-0.32713 -0.43801 0.02680
-0.04555 0.71575 -0.03501
0.14486 -0.80322 0.24843
0.25001 -0.41929 0.21034
-0.29975 -0.13070 0.11610
0.11139 0.59991 -0.29817
-0.18997 0.69266 -0.15351
0.31184 -0.76992 0.06326
-0.04851 0.80102 0.04433
0.08324 -0.45562 0.31440
0.11089 -0.52725 -0.29831
-0.30549 -0.23884 -0.11731
-0.30152 0.17772 -0.10472
-0.19001 -0.29872 0.25710
0.16756 -0.63371 -0.26946
-0.25935 0.24055 -0.18676
0.20239 -0.77992 0.25549
0.30664 0.60760 0.08079
0.14340 0.73300 0.19592
-0.31962 0.18075 0.02220
0.06475 -0.82228 0.31123
0.31537 -0.50447 0.05136
-0.32561 0.26852 -0.03032
0.25584 -0.55954 -0.20179
-0.31777 0.10575 -0.07594
-0.32723 -0.51391 0.03048
-0.22006 -0.18824 -0.23031
-0.32580 -0.82546 -0.02338
-0.25125 0.67268 0.13309
0.23044 -0.66039 0.21871
-0.31859 -0.29858 -0.01639
0.30758 0.39747 0.07764
0.29482 -0.55709 0.13993
-0.32435 -0.49742 -0.05374
0.23465 -0.51162 0.21472
0.29356 -0.80322 -0.08327
0.32488 -0.41494 -0.01829
0.27754 0.30636 0.16809
-0.02482 -0.76509 0.13973
0.28130 -0.70130 0.16196
-0.08791 -0.65809 -0.30599
-0.27587 0.31360 -0.17397
0.20726 0.42056 -0.24229
-0.11178 0.08062 -0.30027
-0.12296 0.01907 -0.30383
0.23931 -0.79753 -0.20848
-0.30332 -0.68252 0.12500
-0.31832 0.22728 0.07185
-0.31945 -0.58569 0.06712
-0.26027 -0.45956 -0.19940
0.26904 -0.02488 -0.18429
0.26031 0.31569 -0.18489
0.31726 0.36213 -0.00988
-0.16857 0.67215 -0.17380
0.22604 0.70187 -0.14308
0.23965 0.71493 0.03366
0.05897 -0.27185 0.31261
0.11395 -0.48343 -0.30511
0.20520 -0.80086 -0.19816
-0.19970 0.25304 0.25983
-0.30864 -0.46812 -0.10671
-0.07003 0.52691 0.31121
0.24067 0.74205 -0.02755
0.17212 -0.03676 0.27624
-0.11933 -0.03581 0.29658
-0.21478 0.28658 0.23667
-0.13946 -0.20514 -0.29488
0.20560 0.52256 -0.24403
0.05510 -0.76509 0.04798
-0.12748 0.67817 0.25001
-0.22209 0.43890 0.23970
-0.19269 0.13373 0.25546
-0.28661 -0.55531 -0.15645
0.05949 -0.76509 -0.23598
-0.18440 0.38638 -0.26210
-0.31885 0.58060 -0.00680
0.00260 -0.18968 -0.32523
0.32374 0.31312 -0.04059
-0.03308 -0.05039 0.32464
0.12914 -0.32467 -0.29290
-0.25604 -0.27808 -0.19215
0.17157 -0.69725 0.27654
-0.05383 0.63816 -0.04364
-0.18058 -0.58090 0.26288
-0.03758 0.71775 -0.22557
0.16504 -0.32587 0.28008
-0.10702 0.60641 -0.30901
-0.10227 0.52547 -0.30255
0.08561 -0.48044 -0.31352
