-0.52590 -0.06941 0.76766
0.32707 0.30464 -0.87742
0.83198 0.19320 0.42352
-0.81769 0.07848 -0.51592
-0.02200 -0.66555 -0.05925
0.04757 0.56437 0.51645
0.74758 -0.31473 -0.34198
-0.58343 0.56437 0.11667
0.19226 -0.39205 0.61993
-0.07823 -0.39095 -0.77242
0.47693 0.52685 -0.16535
-0.78564 -0.36843 0.08104
-0.29218 0.56437 -0.69934
-0.86054 0.08391 0.19755
0.38974 0.15413 0.85258
0.48229 -0.46156 0.30988
0.39932 -0.08832 -0.84006
-0.25568 -0.50699 0.43281
0.92413 0.20241 -0.20522
-0.50842 -0.41703 -0.40288
-0.46883 0.48509 0.71471
-0.37746 0.02126 -0.88150
0.30070 -0.55959 -0.48946
-0.19419 -0.12690 0.79909
0.55960 0.48969 0.33751
0.18100 0.48969 -0.58914
-0.52927 0.48969 -0.34110
0.67385 0.39785 -0.59854
-0.03067 0.23808 -0.95037
-0.73443 0.38489 0.37846
0.87651 -0.20724 0.05570
-0.45070 -0.61797 0.02014
0.09314 -0.65331 0.29169
0.51379 -0.13893 0.72861
-0.90086 0.38167 -0.13771
-0.07680 0.32896 0.83068
0.86576 0.44943 0.07442
-0.71615 -0.24844 0.47568
0.34732 -0.64526 -0.05964
-0.89585 -0.11894 -0.23091
0.38264 0.46694 0.66404
0.66785 0.00128 -0.55383
-0.60748 0.35557 -0.70457
0.09494 -0.19633 -0.89384
-0.53242 -0.10912 -0.76322
0.56402 0.12175 0.65477
0.73247 -0.24221 0.43792
-0.17238 -0.60432 -0.46039
0.14245 -0.16739 0.87560
0.69809 -0.44976 0.07213
0.74295 0.38253 0.49498
-0.03579 -0.52240 0.47337
0.50026 -0.31582 -0.53498
-0.71251 0.16933 0.63176
-0.27583 0.01764 0.89667
-0.37340 0.56437 0.40586
0.02625 -0.42395 0.61377
0.37370 0.05239 -0.87975
0.25991 0.28647 0.79831
-0.54134 -0.44051 0.28511
0.26892 -0.35637 -0.75672
-0.47746 -0.36261 0.62254
0.15123 0.54011 0.80115
0.83048 -0.09000 -0.10987
-0.91512 0.25467 -0.24743
0.75121 0.47523 -0.18344
0.00384 0.05722 0.93822
-0.25390 0.48969 0.69830
0.81764 0.11118 -0.48209
-0.76550 -0.23183 -0.44102
0.85561 0.10361 0.11877
-0.16979 -0.13273 -0.83111
-0.18273 0.48969 -0.62005
0.52799 -0.46585 -0.21872
-0.68594 0.22143 -0.66673
-0.19397 0.27097 -0.93220
0.31471 -0.41809 0.53400
0.15892 0.41589 0.86600
0.74965 -0.16963 0.29581
-0.61338 -0.43673 -0.10542
0.33530 0.55175 0.36904
0.48131 0.43301 -0.75301
-0.31862 -0.42271 -0.55983
0.61477 0.48969 0.11454
0.25406 -0.10498 0.86855
0.50023 -0.46482 -0.48771
-0.74716 0.45327 0.25880
0.00510 -0.45608 -0.71720
0.35556 0.48969 -0.39805
0.02158 0.54311 -0.83678
0.69038 0.54489 -0.44157
-0.59214 0.01705 0.72912
0.76024 0.37867 0.28663
-0.74802 0.47838 -0.25514
-0.38960 -0.24278 -0.79201
0.05988 -0.65128 -0.33415
-0.21609 -0.65705 0.20808
-0.88226 -0.01987 0.32576
-0.73640 0.34452 -0.42339
0.64505 -0.01970 0.66411
-0.55818 -0.45011 -0.46042
0.30181 0.39931 -0.76612
-0.18980 -0.58008 -0.25749
-0.65087 0.46815 0.57539
0.85394 -0.03332 -0.37508
-0.88563 0.11352 -0.03390
-0.66495 -0.07345 0.53381
0.46507 0.48969 -0.51305
-0.33771 0.25748 0.78268
-0.28884 -0.14796 0.76784
0.57027 -0.34659 0.54138
-0.46362 0.19973 -0.75318
-0.42053 0.48969 -0.56399
-0.75294 0.48969 -0.02185
-0.52548 -0.26277 -0.58540
0.55577 0.19179 -0.67465
0.31509 -0.23469 -0.81800
-0.75074 -0.31402 0.35927
0.70950 -0.40493 0.23227
0.65294 0.56437 -0.21379
-0.68946 -0.47001 0.09235
0.05164 -0.48480 0.52925
-0.92071 -0.11316 0.05561
-0.19722 -0.48684 0.63217
-0.78120 -0.21185 0.18481
0.15703 -0.59087 0.07814
0.13723 -0.59087 -0.17053
-0.72169 0.47782 -0.49908
0.21050 -0.37833 -0.65880
0.40633 -0.36037 -0.68685
-0.83925 -0.27278 -0.17035
-0.93220 0.27447 0.12208
0.10982 0.14615 -0.87758
0.81245 0.36580 -0.40931
0.58561 0.34896 0.68759
-0.42627 -0.60254 -0.25532
-0.03031 0.56437 0.73439
-0.73250 -0.12374 -0.56709
-0.47791 0.39004 -0.77738
0.06192 -0.51583 -0.50043
0.26726 -0.53402 0.34799
-0.51192 -0.41556 0.37860
-0.92206 0.10063 -0.28054
0.47091 -0.11063 -0.70319
0.29156 -0.56061 -0.25614
0.29789 -0.31358 0.75342
-0.08032 -0.33441 0.79837
0.92926 0.24279 -0.03556
0.49056 -0.50990 0.05658
-0.49790 0.51036 -0.16214
-0.36109 0.48969 -0.43826
0.89158 -0.01938 0.26712
0.72777 0.18653 0.46804
0.76575 0.46874 -0.08626
-0.08001 -0.59087 0.10885
-0.76555 0.22840 0.41126
-0.49436 0.28961 0.78462
0.72349 -0.30119 -0.15113
-0.21893 0.04104 -0.94024
-0.69871 -0.39332 -0.33442
-0.41724 -0.57497 0.34683
0.25690 -0.10072 -0.81646
0.45396 0.48969 0.55968
-0.17355 0.48969 0.52248
0.41070 0.48969 -0.58310
0.54186 -0.55975 -0.14772
0.67082 0.25614 -0.53983
0.09499 0.32178 -0.85001
-0.60855 0.56437 -0.54422
0.90475 0.28917 0.15569
0.91285 0.31586 -0.07520
0.70304 0.56437 0.29286
-0.50471 0.48969 0.14889
-0.57369 0.56437 0.51686
0.74280 -0.16968 -0.33660
-0.24949 0.44247 0.83607
-0.54763 -0.24798 0.65833
0.26328 0.56437 -0.75022
0.71249 0.00205 0.47571
0.18165 0.00196 -0.85526
-0.23348 -0.59087 0.02316
0.29793 -0.64410 0.19030
0.40219 0.00185 0.75428
0.92317 0.11027 -0.21813
-0.30634 0.17146 -0.83182
-0.05951 0.36095 -0.83863
0.63465 -0.20404 -0.62350
-0.19075 -0.66555 -0.07796
-0.03092 -0.12931 0.82261
0.33621 0.56437 0.59120
0.76199 -0.21957 0.16595
-0.77122 0.39600 -0.30753
0.51131 -0.31547 0.62921
0.06675 0.24407 0.92203
0.63103 0.53410 -0.53988
-0.26975 -0.43064 0.67442
0.44851 0.55974 0.21240
-0.20333 0.21930 0.90940
-0.62216 0.01817 -0.62745
-0.16460 -0.61874 0.40313
0.14518 0.08188 0.85280
0.60205 -0.12978 0.55158
-0.47825 -0.04026 -0.82033
-0.56127 0.48969 0.34719
0.42136 0.24520 0.73700
0.19758 0.48969 0.61933
0.67339 0.30846 0.61384
0.76346 -0.37369 0.09190
-0.54366 0.33247 0.63467
0.80932 -0.31177 -0.12999
-0.56268 -0.41113 0.49768
-0.82218 0.39499 0.04833
0.48975 -0.41288 0.38881
0.49547 0.05819 -0.73037
0.22026 -0.15681 0.77790
0.93660 0.01170 0.00415
-0.86506 0.30114 0.34473
0.59157 -0.33126 -0.40283
-0.40718 -0.43225 -0.62288
-0.78295 -0.00633 0.51818
0.33468 0.06955 0.79384
-0.48730 -0.50912 -0.17963
0.20657 0.17235 0.91631
-0.87429 0.07081 -0.13460
-0.81315 0.56338 0.07513
0.37110 -0.56967 0.38774
-0.21906 -0.24320 0.73925
0.69239 0.11990 -0.65850
-0.45606 0.12833 0.74165
0.66113 -0.47947 -0.12434
-0.39686 0.56437 0.64908
-0.03176 -0.03368 -0.94642
-0.53585 -0.57246 -0.14875
0.55038 0.56437 -0.00532
0.77867 0.02612 0.35485
0.20113 0.15483 -0.86014
0.02281 0.56437 -0.62666
-0.60599 0.36273 -0.58636
0.58381 0.56437 0.49909
0.06518 -0.00192 -0.95356
0.10920 -0.30672 0.71747
0.04338 -0.27720 -0.86026
0.74577 -0.16233 -0.49902
-0.78030 0.28768 -0.53860
-0.48563 0.48212 -0.72232
0.50548 0.56437 -0.35816
-0.61832 0.56437 -0.32290
0.37084 -0.50886 -0.35100
0.36431 -0.24980 0.76752
0.36299 0.37383 0.81527
-0.12482 -0.42402 -0.63094
0.07194 -0.29388 -0.75585
0.18599 -0.57628 0.48978
-0.37245 -0.55290 -0.46016
-0.29442 -0.13209 -0.87375
0.92163 -0.05481 0.07813
0.77918 0.56437 0.04930
0.32385 -0.55251 0.22462
-0.79858 0.56437 -0.13009
0.57993 -0.53046 0.17085
0.19334 0.41849 -0.87584
0.80560 0.24898 -0.28921
0.93376 0.05797 -0.12710
-0.66365 -0.36133 0.21114
0.18603 -0.65451 -0.25872
-0.30218 -0.57064 0.45361
-0.82209 0.00572 -0.31561
-0.39574 -0.62733 0.15276
-0.13479 0.08279 0.85341
-0.79326 0.18740 -0.39031
0.66382 0.47945 0.37014
-0.70061 0.56437 0.40572
-0.76292 -0.20039 -0.29045
-0.33458 -0.57291 -0.11445
-0.61360 -0.13726 0.66338
-0.05926 0.48337 0.84926
-0.77201 -0.27068 -0.00633
-0.84863 0.14889 0.43743
-0.29492 0.39391 -0.77629
0.59633 -0.45126 0.36429
-0.43302 -0.24071 -0.66427
-0.70805 0.56437 -0.11876
-0.23973 0.56437 -0.49524
0.81828 0.19687 0.27609
0.03913 0.56437 -0.53555
0.62448 0.49237 0.55601
0.25466 -0.66410 -0.07181
-0.26665 -0.41392 -0.71104
-0.73258 -0.42988 -0.12378
-0.53875 -0.48600 0.11353
-0.40738 -0.24161 0.65957
0.51674 0.03222 0.77357
0.51669 0.06588 -0.81068
-0.16871 0.48969 0.70213
0.85039 -0.17467 -0.26230
-0.20765 -0.22674 -0.86489
0.10517 -0.46430 0.67512
-0.56489 0.07786 -0.68955
0.57795 0.18919 0.73449
0.35036 -0.21380 -0.71928
-0.06851 0.48969 -0.73270
-0.90876 -0.13990 -0.12423
0.19173 0.49435 0.45752
-0.11332 -0.57455 0.30604
-0.67049 0.56437 0.25690
0.04370 -0.54048 0.42189
-0.78401 -0.02370 0.37637
0.86011 0.08039 -0.39976
-0.27593 0.56437 0.57848
0.74497 0.45442 0.23326
-0.33547 0.15321 0.88225
0.86196 0.39897 -0.23032
0.13741 -0.53749 -0.59536
0.27638 0.48969 -0.69948
0.37389 0.56437 -0.50517
-0.76959 0.29902 0.51685
0.34472 -0.44031 -0.50955
-0.30148 0.48969 0.50767
0.53265 -0.20852 -0.70871
0.80672 -0.08848 0.42343
-0.40106 -0.01516 0.75544
0.70161 0.28780 0.47093
-0.93352 0.30913 0.01800
0.47795 0.24083 -0.81764
-0.07266 -0.48045 0.53695
0.28346 -0.58130 0.05611
-0.52627 0.14162 0.79031
0.64009 -0.30748 0.33608
-0.64376 -0.29102 -0.41720
-0.15202 -0.26959 -0.76555
0.03124 0.48969 0.75287
0.84128 0.31615 0.02083
-0.58043 -0.26881 0.50250
0.57875 0.48969 -0.34752
-0.00041 -0.66555 0.14183
-0.23774 -0.55685 -0.33344
-0.24561 -0.43653 0.55345
-0.27405 0.56437 -0.59283
-0.25525 -0.04680 -0.83252
-0.70137 -0.42470 0.23887
0.72432 0.08615 0.59005
-0.14779 0.54984 -0.82032
0.03691 0.48969 -0.71693
-0.08852 -0.66555 -0.24778
0.19726 0.55613 -0.47747
0.19133 0.56347 -0.79702
0.54146 -0.34592 -0.59376
-0.00910 -0.63407 -0.41558
-0.49360 -0.52125 -0.00243
-0.55794 0.25330 0.74911
0.42148 0.23170 -0.76266
-0.86840 0.42971 0.20264
0.47029 -0.60456 -0.00708
-0.73035 -0.30859 -0.14627
-0.39978 0.27212 -0.86171
-0.53107 0.48969 0.00582
-0.60527 -0.49346 -0.29405
0.57455 0.29499 -0.73339
-0.95149 -0.00077 -0.02748
0.50179 -0.54434 -0.30969
0.57238 0.34547 -0.61231
0.63697 -0.37578 -0.22725
-0.36963 -0.53876 0.24065
0.70741 0.16325 -0.51072
-0.34227 0.45635 0.69864
0.42212 -0.57778 0.30832
0.18165 0.01389 0.91850
-0.79066 0.42464 -0.19754
0.91167 0.12639 0.22143
-0.71958 0.09196 0.49570
-0.87343 -0.16882 0.22759
-0.65446 0.35475 0.51572
-0.09233 0.18999 0.93598
-0.47496 0.48969 0.46220
0.02405 -0.59087 -0.04307
0.78849 0.00742 -0.51246
-0.05117 -0.48439 0.66275
-0.36532 -0.53822 -0.27445
-0.47248 0.56437 -0.43949
0.80313 -0.17349 -0.08867
-0.26371 -0.56034 0.27827
0.58177 0.48969 -0.14983
0.40049 -0.54903 -0.09841
-0.95277 0.18356 -0.11433
-0.83701 0.19046 0.25704
0.75963 0.54496 -0.29807
-0.73762 -0.18693 0.35142
0.02064 -0.00108 0.85233
0.46751 0.56437 -0.64491
-0.15523 0.46018 -0.87185
-0.70181 0.48969 0.11872
0.74618 -0.08432 -0.40624
-0.39907 -0.42360 -0.50385
-0.39374 0.48384 -0.67946
-0.54741 -0.40006 -0.54513
0.42166 -0.12507 0.79711
-0.36176 -0.11542 0.83265
-0.12996 0.13033 -0.87799
-0.60531 -0.11481 -0.59866
0.61152 -0.44978 -0.36219
0.60009 -0.24859 0.46790
0.47532 -0.41281 0.56184
-0.34199 -0.29367 0.75374
-0.07884 -0.55113 -0.58648
-0.40213 -0.40051 0.51093
0.11184 -0.59087 0.20192
-0.61257 -0.53644 -0.01279
0.77939 0.44577 0.07892
0.72836 0.43530 -0.31909
-0.37810 -0.11631 -0.76684
0.04041 0.41720 -0.90485
-0.19427 -0.33605 0.67808
0.55372 0.35295 0.60960
0.19327 0.25833 -0.92410
0.65598 -0.30360 -0.50843
-0.04803 -0.64641 0.34000
0.82807 -0.04517 0.17464
0.52097 -0.03823 0.66556
-0.09819 0.56437 0.59792
0.18564 -0.54788 -0.38167
-0.71291 0.10448 -0.53184
0.64375 -0.06302 -0.67617
-0.70921 -0.12899 0.43468
-0.86829 0.26117 -0.08178
0.16198 -0.40052 -0.74895
-0.58728 -0.52318 0.22349
0.32998 0.01193 -0.80976
0.60392 -0.43644 -0.03080
-0.15401 -0.02557 0.91268
0.30332 0.48969 0.49921
-0.47445 -0.50219 0.44526
-0.64873 -0.29471 -0.54579
0.71430 0.56437 -0.06858
-0.04894 0.05287 -0.95925
-0.39940 -0.48204 0.54011
-0.43127 0.50611 0.27165
0.66598 0.42325 -0.44957
-0.57744 0.15170 -0.77018
-0.94668 0.12933 0.14774
-0.87314 0.38598 -0.27510
0.17059 -0.59788 -0.47366
-0.55413 -0.35401 0.56556
-0.69434 0.08325 -0.66781
-0.53915 0.43641 0.58225
0.17420 0.31010 0.82196
0.59708 -0.18944 0.64650
0.87733 0.28244 0.29177
0.19705 -0.66374 0.16343
-0.87706 0.17177 0.07354
-0.00312 -0.57934 -0.32170
0.16150 -0.24806 -0.85419
-0.72396 0.01935 0.61227
-0.92941 -0.02171 0.18976
0.84478 -0.16410 0.28443
-0.64537 -0.38289 -0.23994
0.62623 -0.21862 -0.48420
0.37817 -0.28479 0.63657
-0.80579 -0.15601 -0.21404
0.66193 0.10077 -0.57869
-0.75267 -0.02148 -0.44929
0.50076 0.52435 0.64760
0.76328 -0.26065 0.03771
-0.07041 -0.16977 -0.90468
0.60611 -0.39120 0.24126
-0.40294 0.53530 -0.33349
0.57908 0.48969 -0.00196
0.25033 0.31051 -0.82472
0.41019 -0.61249 -0.19941
-0.89579 -0.03545 -0.32112
0.29201 0.50504 0.77604
0.87389 -0.17685 -0.18457
0.05199 -0.07778 -0.86347
0.21542 0.44482 0.74849
0.39172 -0.20493 -0.79899
0.42133 0.15446 -0.85595
-0.67740 0.48079 -0.39859
-0.25733 -0.51754 -0.43564
-0.07192 -0.52634 -0.48002
0.27390 -0.49937 0.58199
-0.60881 0.11071 0.72195
0.04370 0.48969 0.60524
-0.34527 -0.57205 0.06615
-0.86034 0.14000 -0.20418
0.85970 0.16390 -0.10387
0.81914 0.34077 -0.15493
-0.47073 -0.13031 0.68564
0.23492 -0.48665 -0.63586
0.81920 -0.03569 -0.24445
0.41159 -0.50853 -0.49867
0.78689 0.38355 0.40998
0.78562 -0.28230 0.27686
0.24551 -0.01519 0.81215
0.84498 0.43626 0.21160
0.78336 -0.32165 -0.22785
-0.87001 -0.02493 -0.00210
0.31505 -0.55798 0.45440
0.27695 0.56437 -0.63348
0.49109 -0.20480 0.61389
-0.25764 0.14251 -0.92803
-0.08863 -0.59087 -0.13888
0.68152 0.50806 0.47591
-0.80233 0.10535 0.36366
-0.44525 0.04677 -0.76863
0.78731 0.00379 0.50223
-0.23618 0.18660 0.83219
-0.14217 -0.59087 0.19629
0.38258 -0.54426 0.15984
0.60815 0.46956 -0.48686
-0.81265 -0.17906 0.39099
0.20899 -0.25815 -0.75285
0.34453 0.22713 -0.80073
0.85620 0.06741 0.37802
-0.50623 -0.31120 -0.67034
-0.30582 -0.23894 -0.73334
-0.64866 -0.40971 0.37853
-0.64257 -0.07892 -0.69514
0.56740 0.46676 -0.65712
-0.36758 -0.49609 0.37255
0.21075 -0.46471 -0.54608
0.81239 0.06867 -0.31081
-0.06336 -0.21988 0.86858
-0.86953 -0.23930 0.06381
0.45127 0.56437 0.47029
0.49139 -0.46771 0.46441
0.19228 -0.10698 -0.90677
0.40076 0.36729 -0.81965
-0.64722 -0.25815 0.41615
0.70645 -0.14745 0.54184
-0.28931 -0.65330 -0.16580
-0.55324 0.48969 -0.54054
0.58147 0.06486 -0.65653
0.82673 0.24762 -0.44814
-0.78160 -0.29787 -0.32379
-0.32511 0.09137 0.80527
-0.21293 0.47431 -0.76048
-0.10461 0.56437 -0.54871
0.01283 0.22598 -0.87988
0.11305 -0.66555 -0.08823
-0.19431 0.34044 0.80404
0.46657 -0.42219 -0.57754
-0.65172 0.56437 -0.41821
-0.14042 0.56437 -0.69802
-0.10400 -0.59087 -0.01103
0.57111 0.56437 0.25285
0.31133 -0.31545 -0.66658
0.07053 -0.66555 0.03548
-0.44216 0.56437 -0.66311
0.60803 -0.52907 0.03518
-0.84238 0.19559 -0.45931
-0.60172 0.20992 -0.65168
0.08794 -0.43664 -0.61617
0.44528 0.11073 0.73573
0.08699 -0.29638 0.81634
0.39137 -0.46790 0.39964
0.74366 0.36581 -0.51698
0.52390 -0.05895 -0.78035
0.49546 0.26521 0.77373
0.15237 -0.55841 0.34648
-0.64143 0.48969 -0.07746
-0.32399 0.51046 -0.79075
-0.21006 -0.33633 -0.69549
-0.89814 0.07983 0.31599
-0.63098 -0.42562 0.03655
-0.59374 0.48969 0.21783
0.19696 -0.38912 0.72724
0.66004 -0.37934 0.38201
0.01351 0.40198 0.80230
-0.38331 0.03035 0.85600
-0.08134 -0.66555 -0.15115
0.59454 0.26292 0.60215
-0.63218 0.43636 -0.63601
-0.30055 -0.65920 -0.00648
-0.27511 -0.50648 -0.60223
-0.28952 -0.06796 0.79820
-0.50685 -0.53068 -0.37044
0.15738 0.56437 0.68786
0.15035 0.23174 0.84217
-0.79594 0.47505 0.34212
0.93659 0.17215 0.08776
-0.63702 0.13637 0.59896
-0.27731 -0.55952 -0.51187
0.84298 -0.07716 -0.00127
-0.43333 0.13876 -0.86675
-0.10250 0.03784 0.93296
0.80697 0.34783 0.16100
-0.40532 -0.33629 -0.71856
-0.40136 0.35655 0.72045
-0.49063 0.29776 -0.71299
-0.11326 -0.53039 0.43827
-0.80414 0.41348 -0.40719
-0.03047 -0.06930 -0.86342
-0.95629 0.11195 0.02061
-0.59017 0.56437 -0.09398
-0.19987 -0.08421 -0.92428
0.72342 -0.24440 -0.27066
-0.68424 0.56437 0.02334
-0.84711 -0.05443 0.40940
0.35125 -0.14677 0.73585
0.52824 -0.53543 0.26600
0.31513 -0.05056 -0.88944
-0.87380 0.25594 -0.36866
-0.86925 0.05609 -0.40960
-0.44057 -0.28220 0.71320
0.48535 0.48969 0.12116
0.07590 0.17976 -0.95949
0.49182 -0.43026 -0.37697
-0.08320 -0.66555 0.02608
-0.32258 0.29217 0.86699
-0.67481 0.25943 -0.55293
0.91175 -0.05340 -0.18797
0.27463 0.09723 0.89338
0.24791 0.05680 -0.92809
-0.82647 0.13243 -0.32506
-0.16318 0.56437 0.77726
-0.61496 0.40132 0.64452
0.04449 0.35683 0.89633
0.27912 0.40738 -0.86193
0.14367 0.45702 -0.78117
-0.07257 -0.40068 0.74572
-0.54659 0.42775 0.69058
-0.05462 -0.61339 0.44262
-0.29883 0.32615 -0.88550
0.72310 0.33090 -0.42895
-0.22507 0.56437 0.45557
0.75044 -0.39315 -0.08269
-0.85144 0.01067 -0.21266
-0.54087 0.56437 0.23309
-0.11509 0.36057 -0.91427
-0.34552 -0.60684 -0.34256
0.33963 -0.60853 -0.32830
-0.59902 -0.19902 -0.68031
0.43002 -0.27681 -0.63504
-0.54104 0.53507 0.61887
-0.62161 0.02766 0.60637
-0.11663 0.22831 -0.86986
0.89334 -0.15174 -0.03952
0.72715 -0.38654 -0.23274
0.80644 0.52185 0.16190
0.85968 0.03779 -0.07024
-0.02487 -0.11428 0.90641
0.79678 0.55160 -0.17997
0.74738 0.25392 0.54336
0.27897 0.48969 -0.60644
-0.60482 0.48969 0.47000
-0.64345 -0.49260 -0.21187
0.00191 -0.58797 0.25582
-0.27559 -0.61009 0.36960
-0.42768 -0.62341 -0.10721
0.93161 0.04641 0.11371
-0.24447 -0.54529 0.52730
-0.06594 0.48969 0.59462
0.63819 -0.00956 0.55902
-0.00624 -0.22632 -0.80031
0.67561 -0.34905 0.14807
0.64620 -0.47644 0.18324
0.37859 0.42395 -0.71710
0.88622 0.17437 -0.32199
0.23527 0.56437 0.56410
-0.73976 0.54190 -0.38607
-0.79602 0.33642 0.27350
-0.01402 -0.33938 0.70033
-0.11306 -0.43005 0.59891
0.72815 -0.08147 -0.57456
0.57131 -0.45449 0.10660
-0.79336 0.13651 0.51885
-0.52363 0.56437 0.39858
0.91106 0.28138 -0.18514
0.40228 -0.09045 -0.75030
0.66534 -0.29411 -0.34477
-0.90371 -0.17820 -0.01915
-0.94277 0.00412 0.10087
-0.09514 -0.20859 0.78224
0.55927 -0.12850 -0.61887
0.37095 0.55898 0.71169
-0.27227 -0.20118 0.83835
0.68368 0.25670 -0.64862
0.11808 0.56437 -0.69452
-0.80675 -0.25975 0.28968
0.12473 -0.05339 0.83609
-0.48746 0.43677 -0.64866
0.21041 -0.21730 0.84024
0.00921 0.04160 -0.88606
-0.86927 0.47661 -0.00199
0.34337 -0.38768 0.67603
-0.70064 0.32509 0.60780
-0.65010 -0.33134 0.48816
0.38513 0.50251 -0.75904
-0.57996 0.00235 -0.75949
-0.86611 0.00336 0.11270
-0.48099 0.01581 0.72245
0.38487 -0.63077 0.11937
0.37476 -0.01733 0.84659
0.47137 -0.24735 0.70187
0.75627 0.26361 0.37635
0.83767 0.15906 -0.23555
-0.93420 -0.03127 -0.14480
0.50762 0.39168 -0.64562
0.09108 -0.66555 -0.22722
-0.02428 0.15226 0.86464
0.45143 0.48969 0.42968
-0.73023 -0.15904 0.52542
-0.29125 -0.30781 -0.78832
-0.83069 -0.14024 0.07713
0.82792 -0.27177 0.12060
-0.69258 0.33631 -0.62246
-0.16102 0.34694 0.88875
0.11057 0.48969 -0.66719
-0.35623 0.56437 -0.63224
-0.88697 0.20383 0.33626
-0.58646 -0.17410 0.56591
-0.55295 0.52981 -0.64308
0.38179 0.48025 0.75948
0.51893 -0.33632 0.46715
-0.77252 0.55752 -0.29736
0.64376 0.14927 0.56842
-0.55061 -0.08628 -0.66504
0.22962 -0.58135 0.17040
0.65183 0.56437 0.16123
0.10540 -0.58454 -0.27194
0.42179 0.56437 0.32222
0.26901 -0.58210 -0.11363
-0.05033 0.27072 0.92580
0.24690 -0.66555 0.03086
0.64710 -0.14797 -0.51272
-0.51662 -0.58924 0.09710
0.83082 0.07924 0.25058
0.43143 -0.51485 0.21559
0.10983 0.14770 0.92943
0.27335 0.48969 -0.49837
0.85034 0.22338 0.10114
-0.04867 -0.37215 -0.69388
0.02336 -0.18023 0.87998
0.27696 0.06407 -0.84395
0.02747 0.42706 -0.81827
-0.13828 0.44063 0.77177
0.13691 -0.47871 -0.67310
0.59765 0.56437 0.37891
0.25088 -0.61436 -0.38545
-0.79154 -0.11278 0.28176
0.62868 0.36932 0.51339
-0.89132 -0.17965 0.14125
0.01350 -0.54297 0.58009
-0.11594 -0.66555 0.13841
-0.49981 -0.56351 0.25868
-0.25943 0.48969 -0.65186
-0.62415 -0.34512 0.33676
-0.82105 0.52775 0.17755
-0.82626 0.39313 -0.08230
0.22690 -0.25321 0.72333
-0.23972 0.48969 -0.55901
-0.56381 -0.33120 -0.46431
-0.53937 -0.51068 0.34702
0.67111 0.48969 -0.09388
0.60358 0.12107 -0.73504
-0.31631 0.01502 -0.82185
-0.73447 0.40368 0.50720
0.47914 0.56437 -0.44069
0.69472 -0.35112 0.00243
0.79004 0.30352 0.46374
0.71552 -0.11828 0.40735
0.02549 -0.37357 -0.79408
-0.85728 -0.10768 -0.36175
-0.67372 0.26437 0.53444
0.60756 -0.36816 -0.49662
-0.56386 -0.04955 0.63958
0.15126 -0.09956 -0.83695
0.50997 0.43476 0.70078
0.42178 0.34411 0.70520
-0.12639 -0.63954 -0.37907
-0.74118 -0.00073 -0.60025
-0.27008 -0.57463 0.19279
-0.20851 0.33671 -0.82879
0.44277 -0.51513 -0.21933
0.29865 0.48969 0.68573
0.07321 -0.56757 0.34656
-0.63626 -0.46003 0.30674
-0.02164 -0.26254 0.75777
0.48109 0.48969 -0.29070
0.75690 0.09057 0.41186
-0.78398 -0.38085 -0.03141
0.63941 0.56437 -0.32671
0.64520 0.09020 0.68177
-0.16773 -0.43577 -0.72463
-0.47563 -0.50066 -0.46840
0.85550 0.34505 -0.30921
-0.48753 -0.18186 0.74647
-0.35540 0.56437 -0.50356
0.81929 -0.11645 0.10390
0.71456 0.48969 0.11701
-0.29115 0.56437 0.74703
0.55718 -0.03475 -0.65723
0.31907 -0.51284 -0.56229
0.41939 -0.39997 0.48761
-0.82061 -0.18754 -0.04124
0.65416 0.56437 0.02943
-0.15662 -0.20977 0.85654
0.86256 0.44773 -0.10963
0.89311 -0.09446 0.17829
0.73650 -0.29298 -0.06490
0.64827 0.48969 0.24552
0.05390 0.56437 0.66314
-0.71714 -0.45257 -0.01373
-0.68484 -0.15696 -0.48408
-0.41347 0.34276 0.80843
-0.22554 -0.42123 -0.60247
0.16251 -0.48333 0.50725
-0.63952 0.48969 -0.22941
0.66023 -0.24008 0.53570
0.20383 -0.61896 0.37717
-0.12747 -0.57498 0.51501
0.30338 0.24651 0.87113
-0.83104 0.25797 -0.28097
-0.55502 0.56437 -0.22501
-0.41701 0.21823 0.83652
0.06022 -0.38533 -0.68066
-0.40119 0.56437 0.54254
0.05591 0.31110 0.83277
-0.72478 -0.41168 -0.24454
-0.72235 -0.27141 0.25367
0.04252 0.48378 0.84193
0.51632 0.56437 0.11097
-0.05885 0.56437 -0.66892
-0.06337 0.56344 0.49595
-0.76897 0.21219 0.54614
0.24046 0.12176 0.82615
0.31824 -0.42215 -0.67433
-0.15775 -0.41905 0.71454
-0.03110 -0.66555 0.24307
-0.25998 -0.09701 0.87732
-0.36601 0.39421 -0.83547
-0.27477 -0.64115 -0.28171
0.08847 -0.57142 0.52807
0.84982 0.28213 -0.37382
-0.03702 0.48969 -0.54635
-0.69934 -0.08914 0.61143
0.37404 -0.50838 0.50619
-0.44241 -0.48495 -0.34084
-0.40095 0.20609 0.76266
-0.66216 0.48969 0.03800
0.77948 0.37810 -0.24904
-0.49776 0.27011 0.69691
-0.43607 -0.32421 -0.59373
-0.29416 -0.31721 0.65815
0.26387 0.56437 0.45190
0.76648 -0.25165 -0.39346
0.13240 0.48969 0.55748
0.49383 -0.58711 0.12977
0.66556 -0.18388 0.44664
-0.70134 -0.23910 -0.36888
0.22233 -0.64419 0.27097
-0.77886 0.47405 0.07279
0.78962 0.17799 -0.37263
-0.26314 0.14592 0.90417
0.81955 -0.13709 -0.39006
-0.59643 -0.37060 -0.36840
0.36399 0.56437 0.46086
0.13058 0.31230 0.90471
-0.67414 0.24441 0.65110
-0.19093 0.56437 0.65687
-0.15566 0.22860 0.83963
-0.83448 0.47472 -0.27288
-0.95590 0.19740 -0.00600
0.75832 0.46614 -0.42283
-0.24892 -0.34955 0.75397
-0.18750 -0.02393 0.82977
0.72420 0.19897 -0.61468
0.60203 0.56437 -0.44211
-0.06925 0.48969 0.68171
-0.57231 -0.33197 0.43168
0.71748 -0.43653 -0.02279
-0.66500 0.37748 -0.50957
-0.08388 -0.49364 -0.66790
0.49700 0.53947 -0.07732
-0.23494 -0.59087 -0.10306
-0.44973 0.47676 0.62846
0.37076 -0.53139 -0.27038
-0.48203 -0.35520 0.50026
-0.37043 -0.44281 0.61052
0.89907 0.17084 0.28529
-0.30756 0.27013 -0.81407
0.52300 -0.49068 -0.06961
-0.66132 0.48969 0.34068
0.03241 -0.59087 -0.16472
-0.90394 0.40115 -0.01119
0.45368 0.08494 0.82043
-0.60341 -0.42671 0.17476
-0.69457 -0.36490 0.05496
-0.02755 -0.45824 -0.59896
0.26475 -0.32189 0.65946
-0.55984 0.25798 -0.76634
0.26484 0.34583 0.86047
0.12169 0.29107 -0.93157
0.58893 -0.39983 0.45431
-0.55576 0.56437 0.00750
-0.86275 0.02408 0.40331
0.37177 -0.56146 -0.42539
0.79453 -0.08618 0.26914
-0.31538 -0.03989 -0.89264
-0.52378 -0.45869 -0.29302
0.48533 0.28862 -0.71186
0.15605 -0.51900 0.59903
0.37047 -0.56342 -0.01991
0.44705 0.48969 -0.36193
0.40603 0.28397 0.82801
-0.28840 -0.65211 0.15575
-0.73899 0.27579 -0.46537
0.53633 0.56437 -0.59114
0.63374 -0.46347 -0.27841
-0.65587 0.16157 -0.59712
0.35081 -0.52177 0.31174
0.59378 0.56437 -0.10126
0.51198 0.56437 0.54965
0.10008 -0.66555 0.18070
0.39809 0.56437 -0.34874
-0.82877 -0.08456 0.20469
0.30934 -0.60932 0.33206
-0.02312 0.48969 -0.63164
-0.34832 -0.40878 -0.68691
0.30587 -0.64204 -0.21409
-0.17874 -0.53230 -0.59737
-0.06371 0.38703 0.89219
-0.18739 -0.49928 0.47969
-0.73260 -0.31121 0.12453
0.85368 -0.23979 -0.06901
0.02986 -0.59087 0.05657
0.61435 0.42301 0.62130
-0.39285 0.44709 0.77565
0.30070 0.56437 -0.45691
0.85116 0.04701 -0.19367
0.77670 0.50260 0.30354
-0.48352 0.25497 -0.81895
-0.26637 0.48969 0.59750
-0.05711 -0.30146 -0.75012
0.11248 0.05095 0.92967
-0.62910 -0.23854 0.59499
0.43016 -0.18779 -0.69670
-0.45384 0.09464 0.82581
0.11144 0.09342 -0.95364
0.60466 -0.47599 0.28252
-0.17171 -0.65085 -0.30171
-0.18590 -0.59087 -0.17066
0.65038 -0.11476 0.62418
0.09154 -0.62744 -0.41970
0.27941 -0.41366 -0.58107
-0.10510 -0.57655 -0.31913
-0.24280 0.56412 -0.78617
0.86303 -0.10359 -0.30060
0.02879 -0.60004 -0.50177
-0.24205 -0.17938 -0.79042
0.53236 -0.46149 0.20638
0.46871 0.56437 -0.26492
0.53633 0.44634 0.56720
-0.85108 0.30846 0.09016
0.71800 0.05043 -0.49434
0.12669 -0.18499 -0.80960
-0.81449 -0.09274 -0.28093
-0.67572 -0.19963 -0.59280
-0.30208 -0.63224 0.27320
0.92040 -0.06006 -0.05671
-0.75803 0.37150 -0.52664
-0.84126 0.35023 -0.38397
-0.76696 -0.36949 0.18535
-0.82116 0.32095 0.43391
0.12083 -0.04885 0.91278
0.51976 0.46594 -0.58510
-0.78429 0.06152 -0.41415
-0.17896 -0.34199 -0.80277
0.79745 -0.34036 -0.02133
-0.20539 -0.66555 0.04042
0.90214 0.36603 0.01668
-0.93248 0.21186 0.20137
-0.59104 0.21560 0.62974
0.12589 0.48969 -0.50552
-0.50323 0.10041 -0.82133
0.27503 0.38196 0.75869
0.93892 0.14423 -0.04542
-0.33894 -0.45729 0.48040
0.85717 0.37443 0.26962
0.22955 -0.66048 -0.16946
-0.62734 0.46257 -0.49015
-0.85148 0.32813 -0.01331
0.78808 -0.21819 0.35319
-0.42378 -0.49616 0.31184
-0.62546 -0.22874 -0.49818
0.09600 -0.37772 0.66116
-0.71023 -0.30409 -0.25534
0.42190 -0.00261 -0.76279
0.28269 0.49646 -0.81237
0.83488 -0.24122 -0.21497
0.65891 0.48969 -0.29875
-0.55787 -0.54446 -0.22909
0.46173 0.48969 0.30542
0.48419 0.16857 -0.73897
0.82455 -0.00469 0.42189
-0.81833 0.38568 0.14669
0.86705 0.14387 -0.00758
0.03311 -0.36406 0.77283
-0.63606 -0.04297 0.67838
-0.48390 0.56437 -0.35513
0.60465 -0.28705 -0.58943
0.42340 -0.33161 0.67597
0.77323 0.27328 -0.51835
0.02184 -0.59087 0.14502
-0.34311 -0.30687 -0.67383
-0.93416 0.32408 -0.07628
0.49439 0.27667 0.68030
-0.75757 -0.09273 0.52598
0.76101 0.12312 -0.56508
0.79488 0.29104 0.28474
-0.47246 0.36306 0.68114
-0.31336 0.56437 0.66627
-0.29755 -0.57187 -0.20393
-0.33562 0.39914 0.82290
-0.74422 0.22077 -0.59930
0.47884 -0.47138 -0.30112
-0.38406 -0.13622 0.72639
0.27781 -0.53576 -0.35646
0.57764 -0.33288 0.40327
0.13119 -0.19331 0.78476
-0.32379 0.56437 -0.42058
-0.78512 -0.05804 -0.36838
-0.16707 -0.55105 -0.39014
0.74405 0.47218 0.41175
-0.62326 -0.52606 0.07175
0.83905 0.20034 0.18324
0.38068 -0.45398 -0.60666
0.37782 0.56437 -0.63664
-0.35637 0.13463 -0.89365
0.55770 -0.21203 -0.57219
0.92439 0.27915 0.06219
0.62677 0.19018 -0.71382
0.80389 0.40855 -0.02242
0.71426 -0.03698 0.57952
0.05787 0.12922 0.85879
-0.78450 0.46477 -0.10541
-0.48018 -0.45147 -0.54683
0.46840 -0.16067 -0.77897
-0.83088 0.33920 -0.16456
-0.60955 0.56437 0.32387
0.10664 0.43735 0.77779
0.47488 -0.53318 0.35836
-0.52225 0.09620 0.69843
0.89268 0.07482 0.30224
0.58185 0.03284 -0.75009
0.06848 0.56437 0.75402
0.54450 -0.23295 0.54561
0.65176 0.24357 0.54122
0.34043 -0.16856 0.81514
0.40157 0.31902 -0.75087
0.62374 0.25543 0.68638
-0.85467 0.23164 -0.18253
-0.83844 -0.23746 -0.27905
-0.17646 -0.54891 0.36809
-0.39315 0.11693 -0.80212
-0.44810 -0.53541 -0.10301
-0.46248 0.56437 0.46908
-0.00698 0.48969 0.49912
0.00552 -0.27293 0.83536
0.52463 0.48969 -0.41437
0.78060 0.10950 -0.40061
-0.83728 -0.30535 -0.08439
-0.68677 -0.35061 0.40679
-0.34677 -0.38128 0.68183
-0.46225 -0.42783 0.56657
0.24997 -0.20324 -0.86196
-0.84273 0.40715 0.30145
0.11622 0.46671 -0.86835
0.70989 -0.04132 -0.47976
0.59663 -0.11171 0.68361
0.07163 -0.16921 0.80119
-0.78779 -0.34597 -0.19533
0.24260 0.56437 0.72820
0.57583 -0.05855 0.61917
0.69548 -0.38618 -0.32433
-0.16931 0.01073 -0.86779
0.82768 0.52039 -0.01110
0.05163 0.48969 -0.58459
0.63305 0.31879 -0.67719
-0.04570 0.16753 -0.88385
-0.41731 -0.55191 -0.04275
0.93237 0.15020 -0.13298
0.75803 0.48969 0.00280
-0.40835 -0.53707 -0.20639
-0.90779 0.36303 0.12701
-0.18958 0.56437 -0.58013
-0.66484 -0.03107 -0.56568
-0.14824 0.09853 -0.95165
-0.80648 0.18168 -0.53614
-0.09169 0.04760 -0.87956
0.75422 0.16349 0.55413
-0.38319 -0.02850 -0.79102
0.26879 0.56437 -0.54244
-0.03636 0.06949 0.86639
0.18024 -0.52450 0.42707
0.50135 0.32068 -0.79004
0.46602 -0.00677 -0.82453
-0.02534 0.56437 -0.75367
0.47595 0.17010 0.80421
0.42286 -0.42228 -0.46918
0.57839 0.48969 0.42508
-0.57677 -0.47081 -0.01311
0.74026 -0.29723 0.35191
-0.45192 0.54820 -0.26371
-0.84745 -0.11211 -0.07608
-0.40037 -0.30706 0.61594
0.18773 -0.51168 -0.47225
-0.73237 -0.04352 0.44764
0.61727 0.16979 -0.62424
-0.65755 -0.18919 0.46862
-0.04791 0.47622 0.76667
0.32859 -0.13713 -0.76795
0.76397 -0.34671 0.20515
0.54707 0.22249 -0.77467
-0.10988 0.56437 0.69342
0.69238 0.10128 0.51278
0.16170 -0.34281 0.77889
-0.09264 -0.16783 -0.82467
-0.14480 0.38115 -0.82483
0.69301 0.56437 0.38156
0.01528 -0.15225 -0.91710
0.57657 0.10296 0.73656
-0.15200 0.12452 0.92552
0.70393 -0.26651 0.27035
0.12134 -0.60769 0.44002
0.43965 -0.30203 0.57799
0.17648 -0.64022 -0.34710
0.09525 -0.08332 -0.93353
0.82256 -0.00057 0.24249
-0.69399 0.56437 -0.30255
0.61877 -0.36195 -0.31308
-0.83699 -0.19077 0.30896
0.57292 -0.45688 -0.13314
-0.14513 -0.59087 -0.09312
0.51497 -0.50707 -0.38859
-0.37876 0.41784 -0.73591
-0.46302 -0.16656 -0.69110
-0.94030 0.10820 -0.18415
0.81804 -0.05199 -0.45188
0.32446 0.13195 -0.82025
0.55220 -0.42794 -0.29207
-0.48350 0.48969 0.54306
0.30105 -0.08625 0.77552
-0.46282 -0.52892 0.09852
-0.76780 0.45054 0.42651
0.66940 0.40232 0.44750
0.10661 0.56437 -0.77372
-0.66272 -0.38562 -0.15614
-0.61172 -0.26614 -0.61288
0.83201 0.47778 -0.20880
-0.96164 0.11690 -0.07133
0.51316 0.34997 0.73645
-0.31181 -0.24738 0.70216
0.55124 0.48969 -0.24363
-0.52629 -0.23519 -0.70743
-0.32247 -0.39746 0.56555
-0.20789 0.56437 0.54080
-0.90041 0.25768 0.26769
0.34399 -0.56309 -0.15304
-0.52976 -0.18997 -0.63230
0.61513 0.26892 -0.60476
-0.31675 0.48969 -0.58678
-0.03003 0.35794 -0.92155
-0.78379 0.56437 -0.21612
0.29793 0.48969 0.41450
0.29146 -0.02363 0.87458
0.10902 -0.59087 -0.05390
-0.00080 0.19725 0.93567
0.26308 0.20932 -0.92001
-0.43772 -0.11717 0.79532
-0.51814 0.56437 -0.51095
0.69474 -0.30193 -0.45313
0.46780 -0.29156 -0.70411
-0.46139 0.56437 0.34139
0.08963 0.00413 -0.87310
-0.19411 -0.27292 0.81394
0.44513 -0.58568 -0.27329
-0.86558 0.17275 0.18032
0.81778 -0.15415 0.01861
0.34403 0.48969 0.57025
0.84231 0.27483 0.36757
-0.13930 0.50487 -0.50502
0.32326 -0.49643 -0.41873
0.77921 -0.07656 -0.32991
-0.81569 -0.17193 -0.13249
-0.86722 0.45047 -0.17582
-0.87178 0.14192 -0.40232
0.10768 -0.56694 -0.36429
0.24195 -0.45214 0.64986
0.59195 -0.42678 -0.43595
0.41351 0.12742 -0.77734
-0.77033 -0.23060 -0.20179
-0.43571 -0.60233 0.21851
0.46482 0.51548 -0.70827
-0.48408 -0.38033 -0.49485
-0.80385 -0.05983 -0.50252
-0.50431 0.48969 0.25891
0.84736 -0.02117 0.09404
0.71312 0.44639 0.31205
0.00534 0.11550 -0.96286
-0.31125 -0.24310 -0.81917
-0.07094 0.52569 -0.84004
-0.94595 0.05542 0.16796
-0.11329 -0.05957 0.83798
-0.42319 0.33502 -0.74312
0.34683 0.15434 -0.89190
0.74374 0.04605 -0.58937
0.67541 -0.22670 -0.55532
-0.43484 -0.56910 -0.35816
0.65265 -0.25165 0.39550
-0.47836 0.48969 0.33827
-0.84933 -0.11456 0.35352
-0.71380 -0.28143 -0.48152
-0.26462 -0.61374 -0.38649
0.40737 0.24411 -0.85103
-0.22612 0.29608 0.89070
0.75806 0.33969 -0.35342
0.48602 -0.50086 0.15487
0.00408 -0.42372 0.72699
0.81864 -0.13825 0.35915
0.20199 0.27181 0.90159
0.35291 0.37968 0.73239
-0.66747 -0.49643 -0.06218
-0.51793 0.03757 0.79234
0.45393 -0.04003 0.80211
-0.53945 -0.57964 -0.06724
-0.04141 -0.03670 0.92679
-0.18786 0.18804 -0.87184
-0.12167 0.30831 -0.85348
-0.61867 0.21827 0.70526
-0.10467 0.48969 -0.64447
0.62221 -0.42017 0.04714
-0.15751 -0.10497 0.89400
-0.65670 0.01003 -0.70094
0.01747 -0.66555 -0.26594
-0.20022 0.10261 -0.86962
0.55851 0.56437 -0.51825
-0.92181 0.11622 0.24702
0.15728 0.56437 0.54051
-0.44973 -0.11635 -0.81647
-0.28824 0.48969 -0.49379
-0.62929 0.09627 -0.73558
-0.83258 -0.31055 0.03030
0.82158 0.51669 -0.12250
-0.35028 -0.49665 -0.57327
0.38009 -0.38885 -0.55610
-0.66811 -0.35571 -0.45960
0.11115 0.36290 0.80952
0.07536 -0.53028 0.59622
-0.71767 -0.37902 0.30335
0.21482 0.56437 -0.68573
-0.54212 0.33651 -0.66151
0.31950 -0.23327 0.70267
0.15333 0.56437 -0.60093
-0.82842 0.54696 -0.00212
0.66395 0.48069 -0.39343
-0.10024 -0.65673 0.27983
-0.37020 -0.22440 0.78257
0.79296 -0.11091 -0.25451
-0.72987 0.56437 0.10957
-0.83550 -0.29460 0.10989
-0.83097 0.37320 0.37315
-0.50113 0.48969 -0.43451
-0.08876 0.54496 0.80733
-0.07607 0.17582 -0.95620
-0.24982 0.09920 0.83138
-0.46722 -0.25675 0.60887
0.37275 -0.34578 0.58107
0.45053 -0.04582 0.71201
0.74268 0.56437 0.12199
0.51904 0.14565 -0.80757
-0.54374 -0.46393 0.43481
-0.57065 0.45541 -0.68317
-0.87553 0.00097 -0.07741
-0.00925 0.53791 0.81433
-0.51580 -0.02732 -0.70605
-0.32473 0.25096 -0.89202
0.02848 -0.48404 0.65836
-0.71252 0.17090 0.50462
0.87801 -0.16533 0.12663
0.26765 -0.65645 0.11761
0.76646 -0.22685 -0.17676
0.52195 -0.11404 0.63812
0.85892 0.23599 0.02303
-0.59782 0.33233 0.69290
-0.76886 -0.17605 0.45821
0.43777 -0.59289 0.22894
0.66940 0.34389 -0.49933
-0.37239 -0.48803 -0.41439
0.25599 -0.01954 -0.83757
0.14941 -0.66555 0.04310
-0.03193 -0.59087 -0.24880
-0.55261 0.43199 -0.60398
0.54999 0.22343 0.65430
-0.85080 0.49571 0.09757
0.14515 -0.30863 -0.72990
-0.66539 0.56437 -0.22881
-0.24545 -0.58758 0.11891
-0.76465 0.12916 0.42881
0.72387 0.33031 0.40305
-0.11465 -0.22852 -0.87641
-0.52893 0.18291 -0.71246
-0.81351 0.49546 0.25590
0.58396 -0.06522 -0.72723
-0.44569 -0.51119 0.23615
0.29538 0.21643 0.79957
0.24569 -0.63823 -0.31013
-0.05812 -0.00717 0.85713
-0.82977 0.26726 0.23493
-0.45249 -0.04190 -0.74627
-0.94817 0.20280 0.08494
-0.75357 0.10374 0.57793
-0.28692 -0.49545 0.58455
0.49433 -0.25108 -0.59836
-0.58553 0.48969 0.09329
0.60014 0.39895 -0.56234
-0.45979 -0.60425 -0.17594
0.56194 0.56437 0.17719
0.56769 0.49888 0.61612
0.08468 -0.42605 -0.74280
0.01125 -0.63461 0.38950
0.18632 0.26679 -0.84675
0.49889 0.49704 0.04460
0.15609 0.15690 -0.94449
-0.33332 0.00046 0.79094
0.41091 -0.57893 -0.34309
-0.09103 -0.29123 0.73430
0.29215 -0.22891 0.80492
0.41885 -0.12496 0.70373
0.81391 0.43452 0.31073
0.36323 -0.46621 0.57138
-0.50617 -0.17298 0.63563
-0.95430 0.03485 -0.09662
0.32857 -0.64989 0.01572
-0.76075 0.03040 0.42730
0.39779 0.56408 -0.71333
0.28549 0.42574 0.82204
-0.75943 0.48047 0.17582
0.75592 -0.06941 0.36250
-0.90242 0.04050 -0.33579
-0.81165 0.35008 -0.24427
0.34477 0.48969 -0.54393
0.69939 -0.20431 -0.39076
-0.44136 0.56437 -0.56355
0.88689 0.05078 -0.32217
0.57494 -0.54696 -0.05828
0.14909 0.48969 0.70635
0.27447 -0.50198 0.41982
-0.23063 0.27314 0.81705
0.37242 -0.27260 -0.76711
0.04313 -0.47873 -0.56551
0.83573 0.31177 -0.07586
-0.88569 0.18331 -0.06693
-0.45131 -0.50569 -0.26706
-0.26982 -0.27345 0.79925
-0.74421 0.56437 -0.03872
0.68178 -0.30865 -0.26228
0.85982 -0.00259 0.02043
0.26725 -0.14345 -0.87970
0.37530 0.21746 0.85169
0.28034 -0.47745 -0.48946
0.36856 -0.33697 -0.61980
-0.78547 -0.32338 0.24407
0.21377 -0.53548 0.55046
0.10917 -0.36259 -0.78997
-0.61130 0.48969 -0.30607
0.78602 0.03162 -0.37271
-0.23808 0.36790 0.86624
-0.54899 -0.48557 -0.07375
-0.37187 -0.53982 0.46310
0.85756 -0.17792 0.21091
-0.30601 0.21612 0.89048
0.55456 -0.41188 0.29413
-0.16799 0.47844 0.83150
0.43328 0.50573 0.70659
0.45589 0.40923 0.65293
-0.52136 0.37229 0.73934
-0.34802 -0.58929 0.37624
-0.60597 -0.43066 -0.18129
0.06752 -0.66555 -0.14833
-0.74798 -0.16873 -0.35835
0.89070 0.27854 -0.25872
-0.54568 -0.13949 0.72091
-0.15483 -0.36027 0.76309
-0.50734 -0.37986 -0.60684
-0.18041 -0.57698 0.26075
-0.03288 0.43444 -0.89304
-0.69443 -0.00595 0.51423
-0.68676 -0.26489 0.35145
0.65196 -0.49436 -0.01985
0.23644 -0.46615 0.51109
0.18840 0.00272 -0.93091
-0.45076 -0.45901 0.37973
0.37385 0.48969 0.38966
-0.67562 0.05255 0.55877
0.20060 0.48969 -0.69569
-0.72447 0.44013 -0.35524
0.59358 -0.50986 -0.23388
-0.47222 0.53031 0.20404
0.30102 -0.57886 -0.04503
-0.85954 -0.05735 0.06785
-0.35354 0.16101 0.79075
0.23126 0.41280 -0.78994
0.59234 0.56437 0.06846
0.91589 0.03039 -0.22902
-0.50608 -0.05855 0.68745
-0.66943 -0.47400 0.16511
0.61373 -0.14457 -0.66865
-0.80984 0.02832 0.32800
-0.69262 0.52094 0.46449
-0.76296 0.53998 0.32249
-0.35807 -0.04344 0.85486
-0.87248 -0.15068 -0.29519
-0.25545 -0.37362 0.62659
-0.29798 0.56437 0.43671
-0.92878 -0.10774 -0.02800
0.63999 -0.39483 -0.15447
-0.03121 -0.33305 -0.82248
-0.64660 0.56437 0.15756
0.61783 0.48063 -0.60304
-0.27550 -0.37744 -0.63763
-0.08498 -0.54012 0.58087
0.52679 -0.29733 -0.64905
0.69868 -0.07676 0.46753
-0.87690 0.46626 -0.07591
0.57604 -0.04800 0.71744
0.21230 -0.57007 0.26526
0.19520 -0.31774 0.68726
0.88984 -0.14493 -0.11861
-0.18275 -0.66555 -0.17676
-0.38005 -0.64215 0.02490
0.26059 0.23769 -0.83808
0.57321 0.48969 0.25529
0.22233 0.22403 0.82359
-0.71246 0.28347 0.47127
-0.32238 0.46776 0.79653
0.63930 -0.09036 -0.55956
0.80213 -0.14735 -0.19002
0.78711 -0.27796 -0.29028
-0.59949 -0.53370 -0.15200
-0.28973 -0.55952 -0.28011
-0.67849 -0.22216 -0.43775
0.49309 -0.31199 0.52703
-0.69371 0.09932 0.64893
0.32539 -0.01637 0.78407
-0.70530 0.41176 -0.43076
0.25683 -0.28094 -0.81760
0.39623 -0.55136 0.04878
-0.90964 -0.09177 0.20461
-0.69124 -0.22011 0.54008
0.85659 -0.00614 0.35496
-0.17529 -0.54594 0.55405
-0.35857 -0.09369 -0.86542
0.26980 -0.59406 0.40803
-0.12317 0.56437 -0.62049
0.10789 0.01431 0.84837
0.40482 -0.63080 0.01560
0.33404 -0.06038 -0.79476
0.75600 0.21173 -0.42919
0.33840 0.30702 0.84712
-0.14334 0.54268 0.48076
0.09707 -0.66555 0.10877
0.92031 -0.02996 -0.12402
0.45690 0.32704 0.78498
-0.24521 0.48969 0.46018
0.65503 -0.32812 0.26702
0.85744 0.21559 -0.04762
0.61759 -0.51387 0.10648
0.79013 0.56437 -0.07624
0.88020 0.39130 -0.15326
-0.79909 -0.21622 0.03488
-0.44766 -0.04614 0.81114
-0.56376 0.48969 -0.18720
-0.70147 0.02581 -0.53734
-0.30202 -0.58254 -0.00154
0.84255 0.02507 0.15959
0.69497 0.32195 -0.61727
0.10988 -0.51643 0.46852
0.16628 0.15191 0.85051
0.19816 -0.17092 -0.80294
-0.06251 -0.40043 0.64270
0.34016 0.04305 0.86906
-0.30786 -0.36073 -0.74186
-0.26767 0.01279 0.82061
-0.29136 -0.12886 -0.79252
0.86771 0.06625 0.05716
-0.80123 0.19426 0.35744
-0.60540 0.48969 -0.39021
-0.44449 -0.19486 -0.78722
-0.18799 -0.56721 -0.53392
-0.64417 0.48969 -0.15656
-0.30507 -0.65627 0.06625
-0.70769 -0.06092 -0.62412
-0.49687 0.56437 -0.61078
0.82123 0.34963 0.08238
0.85947 0.15325 -0.39931
0.51166 -0.18148 -0.63414
-0.79024 -0.24319 0.36473
-0.57514 -0.49199 -0.36032
-0.75242 0.13436 -0.47847
0.61255 -0.01858 -0.61298
0.86634 0.20999 0.34520
0.63263 0.56437 -0.03996
0.62406 -0.33395 0.49451
-0.59063 -0.32858 -0.58281
0.00638 -0.33079 -0.73124
0.07984 -0.51982 -0.63559
0.06720 0.48969 0.67368
-0.47857 0.21156 0.80818
0.77919 -0.16217 0.23028
0.52190 0.48969 0.18340
-0.17975 -0.59087 -0.02983
0.31718 0.56437 -0.69330
-0.14595 -0.03817 -0.93722
0.09422 0.40012 -0.82074
0.58839 0.43189 0.51963
-0.52846 -0.56908 0.16518
0.89806 0.24643 0.23299
-0.50550 0.08260 -0.72992
-0.14492 0.48969 0.58840
0.82436 0.27072 -0.22333
0.77463 0.19025 -0.54343
-0.38644 0.10209 0.85825
-0.67010 0.07598 -0.58197
-0.58042 -0.41454 -0.29195
-0.27948 0.56437 0.50675
0.18342 0.56437 0.47108
-0.03417 0.56437 0.55806
-0.81417 0.05127 0.48895
-0.26066 -0.46063 -0.54135
-0.89184 0.29798 -0.31349
0.60955 0.09059 0.60905
-0.33930 -0.63545 0.21212
-0.23104 0.54199 0.78205
0.70293 0.24547 0.59731
0.48291 -0.59465 -0.12726
0.18436 -0.66555 -0.09222
0.94246 0.18960 0.01023
-0.46918 -0.30900 0.56026
-0.23279 -0.24184 -0.75713
0.71592 -0.30993 0.10405
0.55827 -0.27539 -0.52553
-0.89368 0.36673 0.20071
0.92646 0.22096 -0.12757
-0.82875 0.08455 0.28862
-0.64205 -0.14597 -0.66026
-0.50689 -0.56008 -0.27622
-0.07457 -0.59087 0.21852
0.41633 -0.53247 0.42808
-0.80962 0.46848 -0.33916
-0.33209 0.07025 0.88484
-0.37280 -0.23241 -0.71079
0.87611 -0.08729 0.28057
0.25412 -0.02411 -0.91398
0.75469 -0.01560 -0.42135
-0.67341 -0.32515 0.27127
-0.12250 -0.28274 0.82203
0.53572 0.56437 -0.17731
-0.01240 -0.19220 0.79601
0.56806 -0.27757 0.61094
0.05550 -0.06721 0.83772
0.74460 -0.16858 0.48639
-0.79651 -0.09428 0.46781
0.89967 0.10959 -0.28549
0.79578 0.34043 0.23449
0.74529 0.52123 -0.38089
0.83855 -0.04320 -0.17713
-0.03376 -0.59087 -0.08332
0.05265 0.29806 -0.94338
-0.63605 0.50639 -0.57309
-0.65844 0.56437 -0.48825
-0.32079 -0.05622 -0.80802
0.18932 0.37215 0.79244
0.12155 -0.53020 -0.45729
0.68021 -0.43884 -0.23000
-0.35258 -0.64403 -0.13663
-0.18627 -0.66555 0.14501
0.70359 -0.34626 -0.38675
-0.36999 0.28957 -0.78850
-0.34660 -0.62416 -0.27458
0.82254 -0.25815 0.18920
0.52323 -0.41590 0.51078
-0.83561 0.51060 -0.15558
0.50298 0.10466 0.69653
0.01474 0.20977 0.85627
-0.52445 -0.58850 0.02755
0.48730 -0.36827 -0.49059
-0.31940 0.05085 -0.90686
-0.55444 0.32646 -0.75367
0.45560 0.49977 -0.22648
-0.72322 -0.34312 -0.37630
-0.30608 -0.48260 -0.47131
-0.51549 -0.37982 0.44420
0.33404 -0.33477 -0.74454
-0.50225 -0.44420 0.50810
0.33160 -0.56927 0.10500
-0.55339 -0.52735 0.28462
-0.79178 -0.23117 -0.08722
0.80023 0.22873 0.47427
0.20425 -0.53746 -0.57602
-0.20544 -0.50693 -0.48076
-0.55051 0.48969 0.52440
0.53803 0.56437 -0.27070
0.43829 -0.37502 0.62371
0.18840 0.07868 0.92368
-0.62325 0.56437 0.02419
0.84971 0.21776 -0.14662
-0.00483 0.48969 0.65497
-0.03439 -0.66555 -0.20423
-0.38765 0.08891 0.77512
-0.46142 -0.60251 0.15400
0.61764 -0.23331 0.59084
0.21166 -0.56410 -0.31938
-0.40581 0.20387 -0.87290
0.84693 0.33563 0.32625
0.30795 0.14825 0.80231
-0.34854 -0.08170 0.76445
-0.93067 -0.06143 0.12006
-0.63273 0.48969 0.27752
0.55482 0.48969 0.49027
-0.78548 0.37848 0.44879
-0.57422 0.48969 -0.45211
0.28954 -0.65316 -0.13068
0.79978 0.39941 -0.12353
-0.46415 0.48969 -0.29867
0.10323 -0.45901 0.56755
0.11281 0.35745 -0.91406
-0.79235 0.40424 0.20807
0.77270 -0.05978 -0.51624
-0.51705 0.49794 -0.06137
-0.15280 -0.48907 -0.66583
-0.50061 0.16940 -0.82225
-0.29293 -0.53546 0.33571
-0.43256 -0.45556 -0.42397
-0.92156 0.16962 -0.27934
-0.22873 0.50886 -0.82499
0.82176 0.51745 0.09489
0.91769 0.18543 0.18647
-0.37003 0.48969 0.50134
-0.80340 0.31336 -0.31101
0.22938 -0.59087 -0.05814
-0.56132 -0.11374 0.61512
-0.87873 -0.08754 0.29762
0.75020 -0.06821 0.53005
0.76283 0.44526 0.16767
-0.17580 -0.65319 0.26339
0.34569 0.40661 -0.83012
-0.48291 0.48969 -0.60546
0.05316 -0.61251 0.44213
-0.21408 0.56437 0.70748
-0.57652 -0.27180 -0.51856
0.91512 -0.00432 0.15635
0.19137 -0.17674 -0.88241
0.05406 0.56437 -0.71814
-0.49056 0.03357 -0.82648
0.53939 -0.47824 0.39045
-0.40687 -0.34903 0.68155
-0.85316 -0.09027 0.00769
0.62170 -0.27793 -0.43269
0.66639 -0.11603 -0.63628
-0.92640 0.26214 -0.18070
0.63398 -0.39730 0.12413
-0.59617 0.28038 0.60959
0.73905 0.12426 -0.46495
0.42000 0.17160 0.75218
0.52124 -0.20146 0.69741
0.22234 0.47169 -0.84524
0.53042 0.48969 -0.49489
0.56926 0.56437 -0.38276
0.49920 0.35033 0.64973
0.11559 -0.54270 0.40114
-0.65756 -0.49400 -0.12913
-0.53184 0.00538 0.67897
0.83066 0.44816 -0.26474
0.44731 -0.52296 -0.44305
0.58947 -0.36068 0.34275
-0.61434 0.48969 -0.01550
0.59399 -0.42234 0.18247
-0.09115 -0.65472 -0.31445
0.20424 0.05255 0.83821
0.05680 -0.23305 0.85363
0.78699 -0.03164 0.31601
-0.13780 -0.66555 0.06573
0.84091 0.11665 0.19537
-0.70928 -0.31547 0.19206
0.20879 0.48969 -0.47838
-0.63737 -0.41567 0.10293
0.43313 -0.34735 -0.55943
-0.35929 -0.60576 0.31185
0.26868 0.56437 0.66612
-0.11527 -0.32564 -0.72636
0.89972 -0.14763 0.02732
-0.09018 0.16532 0.86102
-0.45117 -0.10550 -0.72469
-0.14371 -0.17214 -0.89842
0.08464 0.52016 -0.84283
0.17096 -0.59087 0.01251
-0.61628 -0.18362 -0.54697
0.05193 -0.19735 -0.81685
0.80448 0.50433 0.22653
-0.89271 -0.20901 -0.07756
-0.58404 0.56437 -0.38040
0.09980 0.48969 -0.74258
-0.56030 -0.44900 0.22155
0.38968 0.06618 -0.78954
0.88350 -0.10812 -0.23721
-0.22288 -0.29488 -0.81975
0.56149 0.25363 0.73136
0.06719 -0.58080 0.28159
-0.56763 -0.38296 0.36245
-0.12079 -0.50232 -0.51826
-0.84798 0.09932 -0.27150
0.65838 0.42076 0.57149
-0.37131 0.05455 -0.80946
-0.41724 0.56437 -0.47644
-0.41368 0.41468 0.69070
-0.01743 -0.66555 0.03517
-0.27283 -0.59152 -0.44852
-0.59971 0.27437 -0.63586
-0.21516 0.48969 0.64440
-0.55396 -0.17331 -0.72172
0.63859 0.56437 0.30868
-0.50420 0.56437 0.57211
0.15366 -0.10418 0.89667
0.52776 -0.49115 0.00504
0.43249 -0.52985 -0.15316
-0.03873 0.46999 -0.78842
-0.26261 -0.66555 -0.06028
-0.08936 0.40581 0.79944
0.08512 -0.59087 -0.12490
0.20875 0.46828 -0.76216
0.86663 0.40621 0.15702
0.58663 0.36113 -0.69724
-0.18312 0.40406 0.86311
-0.71937 -0.15563 -0.42805
-0.75170 0.21127 -0.46634
0.61164 -0.18106 0.51159
-0.86416 0.00630 -0.14191
-0.08219 -0.10678 -0.84659
-0.53606 -0.46890 -0.22930
-0.24894 -0.63364 0.31438
0.41691 0.39269 0.78290
0.54709 -0.11845 -0.73801
-0.43026 -0.49887 -0.51580
-0.65093 -0.46671 0.24319
-0.62827 0.48969 0.40878
0.08103 -0.23164 0.76726
0.50463 0.10666 0.78548
0.49416 0.56437 -0.50436
-0.84754 0.08359 0.44024
-0.77956 -0.01986 -0.55096
-0.88766 0.43409 0.04406
-0.89921 0.15726 -0.34510
0.86181 0.10155 -0.08411
-0.59009 -0.30219 0.58223
0.20842 0.11915 -0.93494
-0.15027 -0.19300 -0.80807
0.32389 0.54394 -0.76194
-0.52106 -0.48360 0.17605
-0.67630 0.56437 -0.06204
0.55128 -0.38558 -0.54330
0.63871 0.07568 -0.70537
0.33181 0.43767 0.71225
-0.39072 0.27914 0.75268
-0.13863 -0.66555 -0.00715
-0.13696 -0.24917 0.75150
0.68144 -0.33353 0.42222
-0.08203 -0.55296 0.38644
0.02847 -0.30001 0.72885
0.55038 -0.18067 0.58298
0.22423 0.42964 0.84190
0.86226 -0.21553 -0.13433
-0.06348 -0.57820 0.52182
-0.55595 0.56437 -0.58508
0.32996 0.16574 0.87332
-0.51784 0.49869 0.66669
0.17752 -0.62010 -0.40825
-0.40694 -0.55366 0.06510
0.83463 0.27941 0.12864
0.70560 0.56437 0.06949
0.49869 0.01616 0.69142
0.24944 -0.40616 0.69444
-0.59497 0.56437 -0.47892
-0.87596 0.11210 0.09672
0.85471 0.10917 -0.17882
0.56561 -0.54970 0.07843
0.04880 0.47840 -0.78659
0.73210 -0.25908 0.20642
-0.09128 -0.66555 0.19742
0.14964 -0.57545 0.27677
0.33824 0.56437 0.65703
0.35132 0.47763 -0.69573
-0.67568 -0.45395 -0.25123
-0.39880 0.56437 0.32865
0.46308 -0.54647 -0.36040
0.87211 0.36651 0.20665
0.13503 -0.45959 -0.57978
-0.13489 -0.59087 -0.22689
0.49232 -0.57197 0.20348
0.01314 -0.66555 -0.11515
-0.37919 0.47867 -0.79100
-0.19195 0.56437 -0.74786
0.42941 -0.24672 -0.75547
-0.16108 0.56437 -0.49889
0.64125 0.48969 -0.01551
-0.21681 0.39463 0.77942
-0.77018 0.44526 -0.45059
0.24148 -0.30155 0.78014
-0.44286 -0.22707 0.74588
0.46384 -0.60325 0.07612
0.08522 -0.59087 0.14135
-0.39932 0.56437 0.47534
0.42946 0.03823 -0.85029
0.41200 -0.26673 0.72935
0.74205 0.25460 -0.57028
-0.11153 0.48969 0.49480
0.82386 -0.19630 -0.31561
-0.57885 0.36098 0.59046
0.66565 -0.40437 0.32418
-0.68688 -0.21015 0.40497
-0.61610 0.39884 0.53991
0.92399 0.22712 0.11555
-0.62786 -0.51761 0.13414
0.71372 0.15307 0.60128
-0.59050 -0.44949 0.39520
-0.17745 -0.66087 -0.23982
-0.87626 0.22262 -0.01872
0.47174 -0.14559 0.65911
-0.85521 -0.04722 0.14847
0.79584 0.52065 -0.23709
0.72377 -0.42176 -0.13186
-0.15843 0.56437 0.58012
-0.93310 -0.09018 -0.08814
-0.27354 -0.28902 -0.71353
0.71595 0.56437 0.17878
-0.37746 0.33552 -0.85440
0.09802 -0.10971 0.81985
0.64988 0.07913 0.56243
0.79473 -0.19878 -0.01891
-0.42335 -0.54809 -0.42390
-0.11171 0.48969 0.72821
-0.08450 -0.06624 -0.93720
-0.06455 -0.64454 -0.37028
-0.66448 0.50818 0.51897
-0.24205 0.37280 -0.80299
0.69716 -0.34147 -0.06920
0.69619 0.05791 -0.65607
0.11726 0.48969 0.49676
-0.71811 -0.33631 -0.09153
-0.13320 -0.60130 0.45861
-0.18221 -0.46949 0.53431
-0.59021 -0.05635 -0.74097
0.61028 0.48969 -0.25966
0.06189 0.24917 0.84551
-0.75024 0.28874 0.41404
-0.81412 0.35042 -0.44005
0.30034 -0.62732 0.27318
0.72367 0.47158 -0.26877
0.33046 0.45674 0.79225
-0.55091 0.56437 0.45898
-0.63830 0.19848 0.59317
0.61604 -0.29396 0.54141
-0.48584 0.56267 -0.19340
-0.62486 0.17509 -0.73761
0.43316 -0.49902 0.47759
0.42667 -0.42946 0.43320
0.38124 -0.52882 0.24928
-0.75085 -0.19966 0.29217
-0.44666 0.25819 0.72997
0.47676 -0.40926 -0.44141
0.44006 -0.53486 -0.05283
-0.88146 0.09457 0.02496
0.40802 0.48969 0.51809
0.78648 -0.19805 -0.41727
0.90590 0.32431 -0.14079
0.94544 0.13262 0.04091
0.67266 -0.05674 0.62286
-0.02528 0.11183 0.93982
-0.84836 0.16097 -0.26607
0.36166 -0.60191 0.29990
-0.12964 -0.66555 -0.08754
0.69254 0.48969 0.05924
0.60690 0.48969 -0.09336
0.56151 0.41101 0.67631
-0.63828 0.30232 0.56780
-0.50220 -0.24472 0.69987
-0.45590 -0.19572 0.66311
0.04995 0.07307 -0.96554
-0.66081 0.56437 0.35809
0.70334 0.56437 -0.31387
-0.62255 0.40915 -0.54092
-0.12676 0.48969 -0.56332
-0.90342 0.40386 -0.08039
-0.94386 0.04105 -0.15692
-0.11045 0.25930 0.91957
-0.53890 0.56437 -0.45307
-0.86972 0.18700 0.39403
0.61203 0.48969 -0.42510
0.19381 0.48969 0.55481
0.81852 0.18640 -0.28712
0.16824 -0.26606 0.73629
0.69762 0.42807 0.36859
0.65854 -0.13507 0.48325
-0.02986 0.33851 0.90862
-0.78748 0.12831 -0.40597
-0.77137 0.23986 -0.41347
-0.54980 0.27369 0.65119
0.48440 -0.50313 0.41101
-0.02023 0.31781 -0.85749
0.86836 0.22849 -0.35063
0.61865 -0.51218 -0.15406
0.49001 0.34320 -0.68441
-0.83888 -0.04718 -0.22835
0.09234 -0.35014 0.77964
0.44396 0.09753 -0.84568
-0.32319 0.48969 0.56488
-0.66979 0.48969 0.17085
-0.67325 -0.27282 0.51480
0.42479 0.56437 0.38331
0.78373 0.46637 -0.36721
0.18709 -0.59087 -0.13512
-0.34711 0.56437 0.72238
-0.01987 -0.32238 0.80988
0.89076 0.38396 0.07400
0.09209 -0.23384 -0.78873
-0.82727 -0.12146 -0.16494
0.33504 -0.49159 0.39906
-0.42194 0.39895 -0.81150
0.62815 0.24919 -0.69831
0.20671 0.56437 -0.53718
-0.01809 -0.28238 -0.85376
-0.22594 -0.04966 0.89502
-0.80795 -0.05505 0.29230
-0.53433 -0.43045 -0.34598
0.07712 -0.59087 0.01811
-0.91281 0.36719 0.03858
-0.68401 0.38209 0.59437
0.44480 0.06696 -0.76293
0.31775 -0.29271 0.66576
0.05208 0.13070 -0.88872
-0.60976 -0.28392 -0.46910
-0.13213 -0.53764 -0.43807
-0.94417 0.24907 0.02381
-0.02804 -0.59087 -0.01180
0.23614 -0.52910 -0.40973
0.81123 0.11059 0.29879
0.85097 -0.22195 0.14662
0.29399 -0.16013 0.75095
-0.24266 0.31911 -0.90740
-0.66566 0.32433 -0.53884
0.42894 0.51908 0.25296
-0.08076 0.10445 -0.95659
0.22305 -0.33551 -0.79044
-0.83191 0.40895 -0.35350
0.19393 -0.57001 -0.52213
-0.10388 0.02876 -0.95125
0.74380 0.51728 0.35217
-0.60713 0.27160 -0.73112
-0.87855 -0.23487 -0.02476
-0.21110 -0.62584 0.36089
0.71308 0.56437 -0.12901
-0.87077 0.11402 0.39333
0.93323 0.11555 0.10857
0.18599 0.33324 0.89291
0.85693 0.16380 0.10850
-0.66686 0.30638 -0.66493
0.01724 -0.65925 0.27868
0.79847 -0.32714 0.10770
0.43100 0.21582 0.82858
0.62752 0.03984 -0.61262
0.83037 -0.28603 -0.03814
0.56314 -0.46606 -0.40044
0.75072 -0.34162 0.26372
-0.39624 0.56437 -0.70210
0.22830 -0.59087 0.03088
-0.29675 -0.44172 0.52224
-0.19654 0.12521 0.84123
0.73121 0.08131 0.46532
-0.54965 0.56437 0.32050
0.65266 -0.16659 0.59411
0.61082 0.42754 -0.64404
0.45846 0.48969 -0.61934
0.15304 0.32818 -0.83657
-0.86184 0.27711 0.04027
-0.13794 -0.38643 -0.77162
-0.46153 0.43541 0.74729
0.83324 -0.21992 0.24591
-0.69133 0.48969 -0.11977
-0.34223 0.56437 -0.73206
0.72854 0.37063 0.35915
0.07971 -0.55071 -0.58440
-0.70891 0.34588 -0.47648
-0.09043 0.56437 -0.73073
-0.59749 0.45321 0.51911
0.77386 -0.22327 -0.11763
0.08881 -0.09833 0.90351
-0.38556 -0.56387 0.00629
-0.53630 -0.37801 -0.43830
-0.01968 -0.53823 -0.45389
0.68910 0.48969 -0.15068
-0.69685 0.41079 0.41670
0.26225 -0.44155 -0.67945
-0.00001 0.47939 -0.87220
0.15454 0.50228 -0.84009
0.66162 0.31237 0.50734
0.15009 0.56437 0.62892
-0.54847 0.31951 0.74119
-0.19840 -0.59723 0.44689
0.56480 0.56437 0.44291
0.83015 0.13442 0.43041
-0.76186 0.48868 -0.41120
0.18988 -0.48272 0.63130
-0.49126 0.17253 0.72409
0.81121 0.04609 0.46852
-0.22764 -0.55065 0.33853
-0.75928 -0.36600 -0.25929
0.53986 0.48969 -0.29713
-0.36748 -0.17200 -0.75016
0.36179 0.28672 -0.78024
-0.84100 0.52017 -0.09755
0.83210 0.18986 -0.45913
0.75827 -0.39298 0.03634
-0.80807 0.29723 -0.48740
0.51991 0.48969 -0.05541
-0.78584 -0.17605 0.23148
-0.19199 0.46224 0.74882
-0.14829 0.07430 -0.87721
0.33068 -0.57113 -0.09620
-0.10495 0.56437 0.53770
-0.44898 0.26237 0.81208
-0.25596 0.49405 0.80558
0.59052 -0.33677 -0.56117
-0.40067 -0.60326 0.26584
0.80244 0.31829 -0.25021
-0.67850 -0.01633 0.64752
0.23012 -0.58876 0.45115
0.37185 0.56437 0.54439
-0.36684 -0.17178 0.80857
0.66903 -0.03610 0.51664
-0.54960 -0.21979 0.56480
-0.67007 0.56437 0.08032
0.72829 0.30904 0.54998
0.41904 0.45649 -0.77228
0.10290 -0.65874 -0.28424
-0.69410 -0.12429 -0.61135
-0.48233 0.01438 -0.73702
0.60828 0.03232 0.60415
-0.43654 -0.62522 -0.03615
-0.35148 0.34576 0.74894
