-0.37196 0.21766 -0.13883
0.26056 0.19223 -0.15448
-0.29850 -0.00987 -0.41674
-0.67618 0.19314 -0.19984
0.63099 -0.09713 0.30192
-0.48099 -0.15866 0.25741
0.14062 0.09156 0.37810
0.16315 -0.11368 -0.08159
-0.73218 -0.05808 -0.43777
0.82456 -0.02717 -0.07861
-0.64033 0.19314 -0.23244
-0.29058 0.24545 0.20817
-0.78068 -0.03525 0.02430
0.49429 0.08782 0.17310
-0.38136 -0.11368 -0.12761
0.50104 -0.14135 -0.29868
-0.71593 0.20555 0.24385
-0.89815 -0.11230 0.17359
0.02766 0.00416 -0.35184
-0.12610 -0.11368 0.25544
0.35097 -0.11046 0.42589
-0.06731 0.26509 -0.07412
0.84769 -0.05189 0.19155
0.59779 -0.09713 -0.03827
-0.64730 0.07881 0.26175
0.20791 -0.11368 0.21401
-0.19572 0.26509 0.11836
-0.57456 0.11715 -0.13948
0.57036 0.08075 -0.22001
0.18445 0.20167 0.13801
-0.67443 -0.09713 -0.14243
0.05034 0.15867 -0.34850
-0.52361 0.01818 -0.40813
0.64212 0.03867 0.02052
-0.10402 -0.11368 -0.18893
0.34106 0.07578 0.42443
-0.36561 -0.11368 0.15872
0.30413 0.05093 -0.31102
-0.48797 0.16530 0.05668
-0.40039 0.04610 0.28651
-0.64424 -0.11368 0.12615
-0.04948 0.21343 0.29220
0.49257 0.10742 -0.15354
-0.14126 0.08462 0.33647
-0.13405 0.18293 -0.36402
-0.57392 -0.06596 -0.43773
0.40219 -0.10058 -0.18359
0.44226 -0.09713 0.15078
-0.17429 0.01783 0.33160
0.58316 0.03898 0.38295
-0.41018 -0.15125 -0.34120
-0.57283 0.13374 0.11855
0.91528 -0.11368 0.35639
-0.65311 0.09638 0.05492
-0.17232 -0.11368 0.02336
0.18641 0.00413 0.38486
0.83966 -0.11368 -0.01303
0.62228 -0.09713 -0.21707
-0.41462 0.17107 -0.34629
0.00965 0.24944 0.19410
-0.72990 -0.01206 -0.18390
0.11306 -0.11368 -0.21880
0.38104 0.13968 0.04482
0.29288 0.16193 0.25788
-0.71281 0.19634 0.02263
-0.36845 0.23126 -0.02503
-0.05630 0.23220 -0.27803
0.01522 -0.11368 0.08305
-0.47786 -0.11368 -0.30581
-0.62821 0.08129 -0.32627
-0.82267 -0.11368 -0.00143
-0.34213 -0.09713 -0.29190
0.31797 -0.11167 -0.20374
-0.35028 0.07085 0.30561
0.20156 -0.11368 0.05666
-0.50896 -0.11368 0.01741
0.36025 0.00357 0.33523
-0.62259 0.18329 -0.43349
-0.54856 0.03419 0.28339
0.29925 -0.12807 0.32796
0.47728 -0.11236 0.39638
0.04299 -0.11368 0.30050
-0.77030 -0.04385 0.23030
0.65701 0.02174 0.21176
-0.15854 -0.11368 -0.35984
0.76756 -0.01169 0.04016
-0.15888 0.04877 -0.37939
0.73852 -0.11368 0.12525
0.97979 -0.09864 0.07779
-0.38991 -0.15972 -0.41422
0.72735 -0.01378 0.34867
-0.47518 0.18859 0.26633
0.42594 -0.09713 -0.04152
0.10106 0.23158 -0.00339
0.76026 -0.09769 -0.19125
0.67420 0.07219 -0.17897
-0.28728 -0.11368 0.16940
0.19972 0.02332 -0.32644
0.09079 0.24237 -0.18855
-0.66409 -0.11368 -0.29372
-0.61666 -0.07698 0.28301
0.40267 0.14909 -0.26410
0.17558 0.20568 -0.28389
0.54573 -0.01082 -0.23439
-0.25803 0.26509 -0.23495
-0.39159 0.05864 -0.33845
0.19710 0.20449 -0.01420
-0.35616 0.24871 0.06818
-0.23377 0.26509 -0.06884
-0.04467 -0.00615 0.35074
0.20870 -0.11005 -0.32511
0.34759 0.14270 0.21922
-0.26345 -0.11368 -0.05371
0.04457 -0.03994 0.36391
0.11006 0.21652 0.29123
0.39843 -0.03658 0.34087
-0.76218 0.00230 0.11875
0.53515 0.07422 0.13122
0.38605 -0.06428 -0.31566
-0.28465 -0.10451 0.31530
-0.50995 0.15339 0.01190
0.41816 0.02924 -0.23064
-0.29577 0.14573 -0.39961
0.48331 0.07870 0.38502
-0.53841 -0.11368 -0.15507
-0.40388 -0.07100 0.31443
0.01296 -0.11368 -0.07374
0.95101 -0.07685 -0.08722
0.31980 0.17226 -0.10279
-0.37867 -0.11368 0.01484
-0.60990 0.10661 -0.07135
-0.03793 -0.09713 -0.30235
-0.54302 0.11480 -0.39124
0.18141 -0.11368 0.34227
-0.41147 0.05189 -0.43342
0.58673 -0.09713 0.11032
0.51838 0.09060 -0.03790
0.55438 -0.04282 -0.28560
0.80705 -0.09713 0.14657
-0.48383 -0.04705 0.21059
0.33375 -0.09713 0.06358
-0.67825 -0.09713 -0.00479
-0.61034 0.11576 0.26721
-0.61806 0.00470 0.19325
0.62052 -0.09713 -0.16727
-0.10927 0.26509 0.17228
0.27807 0.16220 0.35340
0.08168 -0.09713 0.16986
-0.49033 0.14532 -0.25207
-0.01025 0.14785 0.35582
0.76981 -0.09713 0.29550
-0.24196 -0.09713 -0.20264
-0.36957 -0.05658 0.23640
0.96071 -0.11368 0.18839
-0.49301 -0.11368 0.14264
0.44712 -0.11368 0.25581
-0.80983 -0.11256 -0.14044
-0.18888 0.26509 -0.02525
0.04692 0.24112 0.13802
0.50167 0.01279 0.37757
-0.28126 -0.00653 -0.36047
-0.17318 0.20744 0.28299
0.32998 -0.09713 0.20201
-0.78462 -0.11816 0.12389
-0.37853 0.19952 -0.27772
-0.50921 -0.03019 -0.35582
0.48381 0.04815 -0.30122
0.29111 -0.11368 -0.05699
-0.48947 0.09885 0.21050
-0.45016 0.19503 0.16193
-0.13781 -0.11368 -0.09662
0.56914 -0.06876 0.42524
-0.41026 0.09804 -0.43075
0.51249 -0.05989 -0.20495
0.75837 0.00151 -0.12536
0.47987 -0.11368 -0.07828
-0.70776 -0.01379 -0.34396
-0.66832 -0.11368 -0.37930
0.70535 -0.11368 -0.07759
0.27295 0.04503 0.37641
-0.41191 -0.04948 -0.38020
0.38331 -0.15970 0.42711
-0.66798 0.05738 -0.19687
-0.15233 0.26509 -0.20006
0.88943 -0.11368 0.27565
-0.47464 -0.11368 -0.09737
-0.46756 -0.07325 -0.44171
-0.42370 0.19463 -0.02126
0.01566 0.26306 -0.16808
-0.70951 0.19314 0.12467
-0.02032 -0.09713 0.19985
0.87956 -0.05680 0.06040
-0.18971 -0.06548 -0.38394
-0.72759 0.00497 -0.09990
0.16714 -0.09713 -0.12571
-0.64443 0.04308 -0.44003
-0.77863 -0.08968 -0.30820
0.54999 0.07153 0.29879
-0.64777 0.20150 -0.07784
-0.69825 0.08442 0.16638
0.49458 -0.11368 0.04605
0.44228 0.00743 0.41493
-0.09160 -0.11368 0.10120
0.04632 -0.11368 -0.32938
0.09284 -0.11368 -0.00034
-0.35811 0.19277 0.27786
0.68450 -0.08583 0.40251
-0.08117 0.26509 0.04545
0.59424 0.06545 -0.11754
-0.23987 0.22877 -0.31033
0.72441 -0.00634 0.24016
0.20271 0.19118 0.26202
0.28695 0.19007 -0.28220
0.43759 0.11197 0.14023
0.44417 0.10097 0.28554
-0.10152 -0.11368 0.34205
0.42307 0.02534 -0.29870
-0.68809 -0.02986 0.25359
-0.00337 -0.09713 -0.19390
-0.65657 0.10336 0.19185
0.52894 -0.09713 0.20183
0.27094 -0.07029 -0.31592
-0.05294 -0.11368 0.31833
0.30863 0.14891 -0.31036
-0.70793 0.04300 -0.01054
-0.56722 -0.08303 0.19827
0.53418 -0.14405 -0.23404
-0.87691 -0.10114 0.06473
-0.41470 -0.11368 -0.22685
-0.58299 0.10038 -0.35491
0.36378 0.07999 0.33575
0.68486 -0.09713 0.02974
-0.27849 -0.11368 0.05266
-0.57039 -0.09713 -0.27004
0.10320 -0.09713 0.26952
0.76427 -0.01672 0.14941
-0.09681 0.18603 0.32664
0.80442 -0.08722 0.37976
-0.03458 0.26509 0.09644
-0.50539 0.06846 0.29944
-0.30329 -0.10789 -0.37086
0.65312 -0.01576 -0.24743
0.06147 0.05302 0.36641
-0.49853 -0.12010 -0.40626
0.94384 -0.11368 -0.03452
-0.82544 -0.11011 0.22958
0.86568 -0.07391 -0.13701
0.70160 -0.11368 0.21870
-0.15037 0.26509 -0.15465
0.29442 -0.09713 -0.13562
-0.37680 -0.05664 -0.33627
0.28003 0.17432 0.13092
-0.05855 -0.11368 0.19374
-0.60819 -0.11368 0.07322
-0.09529 0.26509 -0.18727
0.53691 -0.08278 -0.29338
0.34096 -0.02199 -0.25219
0.39819 0.07378 -0.27480
-0.61176 0.19688 -0.32169
-0.77627 -0.04605 -0.06883
-0.20843 -0.09713 0.12373
-0.75324 -0.09713 -0.21006
0.27005 -0.03351 0.41394
-0.47385 0.15861 -0.14776
-0.28991 -0.01881 0.31452
0.17189 0.18038 0.37487
0.51310 -0.10556 -0.16721
0.27517 0.17961 0.04456
-0.43362 -0.11368 0.07281
-0.22266 -0.11368 -0.30440
-0.06333 0.09693 -0.36528
-0.58517 -0.11368 -0.04882
-0.25476 0.10695 0.31971
-0.68633 -0.11368 0.23084
-0.35355 -0.09713 -0.21641
-0.15666 -0.09713 -0.28056
0.62096 -0.11368 0.16779
-0.05783 -0.09713 0.00798
0.20141 -0.09713 -0.23531
-0.77661 -0.10643 -0.36539
0.04073 0.22421 -0.27579
-0.06755 -0.00881 -0.36590
0.86585 -0.04675 -0.02015
0.14084 0.13117 -0.33513
0.11349 -0.07564 0.37409
-0.43964 0.02016 0.24607
0.68679 0.01868 0.06297
-0.56226 -0.09713 -0.37937
0.36782 -0.13203 0.33635
0.25742 -0.00540 0.32850
-0.48891 0.15565 -0.09377
0.42598 0.12932 -0.08061
-0.31642 0.26509 0.14500
-0.31752 0.06363 -0.37538
-0.30994 -0.11368 -0.05206
0.12987 -0.03548 -0.33675
-0.55073 -0.13419 0.29274
0.60633 0.05537 -0.02539
-0.53487 0.15510 0.20861
0.10039 -0.09713 -0.09231
0.30673 -0.05393 0.35157
-0.27752 0.17870 0.31104
-0.24779 0.26509 -0.13754
0.14108 0.22366 -0.08735
0.45475 -0.06194 -0.26107
0.80082 -0.03877 0.28239
0.42706 -0.09109 0.38881
0.41191 -0.09713 0.04783
-0.75786 -0.11368 -0.04511
0.84458 -0.11368 0.07013
0.79117 -0.11368 -0.08221
0.60368 0.06877 -0.18815
0.25590 -0.09713 0.14082
0.64944 0.01896 0.31116
0.69280 0.02349 -0.06077
-0.74692 -0.09713 0.18545
-0.70831 -0.00275 -0.27562
-0.46176 0.08654 -0.34882
-0.71544 0.03481 0.06412
-0.44539 0.15501 -0.39897
-0.35384 -0.11368 0.26117
-0.72427 0.06144 0.24766
-0.21139 -0.11368 0.28484
0.26012 -0.09713 -0.23322
-0.20684 -0.09713 -0.12988
-0.55139 -0.03091 0.25153
-0.40671 -0.11876 -0.38132
0.46506 0.12243 -0.22638
0.38730 0.15011 -0.17759
0.43624 -0.15693 -0.23900
0.18580 0.07150 0.38477
0.52768 -0.11368 0.29627
-0.07730 0.23498 0.25549
0.54126 -0.01188 0.42928
-0.42940 0.09940 0.29392
-0.05629 -0.11368 -0.10480
0.37004 -0.09713 0.27253
-0.60238 0.11267 -0.02394
-0.38215 -0.00953 0.31763
-0.06493 0.08390 0.34774
-0.62277 0.02463 0.28210
0.35549 -0.11368 0.11925
0.55437 0.07186 0.04175
0.79644 -0.02107 -0.16507
-0.82471 -0.06300 0.16002
0.09395 0.22481 0.20471
-0.42694 -0.09713 -0.01415
-0.54445 0.18047 -0.43388
-0.65617 -0.11368 -0.22414
0.59550 -0.02338 -0.20598
-0.67393 -0.11368 -0.44004
-0.54181 -0.15234 0.22840
-0.25025 0.26509 0.05354
-0.73143 -0.11368 0.05398
0.57816 0.05224 0.21938
0.54337 -0.09713 0.36073
0.72797 -0.01136 -0.20428
0.02057 0.25820 -0.08660
0.77055 -0.11368 0.04973
0.16306 0.21061 0.07197
-0.80522 -0.05676 0.06459
0.61363 0.04480 0.10765
-0.04476 0.18047 -0.35456
0.25788 -0.11368 0.23811
0.50354 0.00813 -0.20627
0.55350 0.07389 -0.28874
-0.51860 -0.00410 0.27042
-0.26106 0.19028 -0.37166
-0.24751 0.08011 -0.39248
0.29440 -0.00407 -0.31246
0.31384 0.17965 -0.21827
-0.34658 0.01584 -0.36146
0.01804 0.25430 0.02255
0.19085 0.12375 -0.32775
-0.56100 0.13471 0.05409
-0.70528 -0.09713 0.11523
-0.09580 -0.10731 -0.37008
0.48113 -0.10811 -0.24280
-0.56764 0.09739 0.27351
0.59854 -0.09713 0.03801
0.41289 0.09387 0.39486
-0.20872 0.25573 0.20471
0.99296 -0.09713 -0.01975
0.10758 0.01729 -0.34004
-0.18728 -0.09713 0.19961
-0.56606 0.07626 0.20051
-0.00333 -0.11368 0.35684
-0.26741 0.26509 -0.03751
0.37327 -0.11368 -0.10195
-0.35562 -0.11368 0.08151
0.08556 0.14496 0.36997
-0.48826 -0.08725 0.27421
0.09466 -0.11368 0.09368
-0.30899 -0.11368 -0.15556
0.01597 0.24348 0.25642
0.67117 0.08081 -0.10729
0.91661 -0.09713 0.12279
0.59613 -0.09713 0.24547
-0.50632 -0.09713 -0.21771
0.06549 -0.09713 -0.25941
-0.39430 0.23588 0.20732
0.65786 0.00212 0.39682
-0.54842 0.07160 -0.43691
0.69889 -0.09713 0.26886
0.23257 -0.11238 0.37465
-0.13889 0.22634 -0.29908
0.33450 -0.11368 -0.01013
-0.46017 -0.11952 0.21408
-0.43623 0.00004 -0.34505
-0.23668 0.00132 -0.39088
0.69028 -0.07878 -0.22879
-0.55403 -0.00632 0.20022
0.19166 0.21381 -0.19724
-0.11708 0.26509 0.11981
-0.10428 -0.03475 0.34193
0.23018 -0.09713 -0.01237
0.90212 -0.07416 0.20736
0.14113 -0.11368 0.20921
-0.36072 0.16029 -0.40920
-0.47986 -0.01641 -0.44352
0.34759 0.13813 0.29811
-0.49514 -0.11368 0.07825
0.56937 -0.10549 -0.19655
-0.74569 0.03409 0.19307
-0.42675 0.04577 0.21901
0.01734 -0.09713 0.01074
-0.45856 -0.04272 0.27144
-0.16634 -0.09713 -0.20036
0.81588 -0.11368 0.23028
-0.64563 0.08780 -0.13518
0.44080 -0.07920 0.34712
-0.63894 -0.03690 -0.44079
0.35262 -0.07193 0.39103
0.38659 -0.12586 -0.28318
-0.19755 -0.09713 -0.05104
-0.29385 -0.07996 -0.32703
-0.22621 -0.09713 -0.38844
0.61961 -0.09713 0.40736
0.92016 -0.11368 0.05126
-0.16237 0.26509 0.05338
0.42327 -0.04133 -0.21813
-0.74580 -0.04473 -0.26739
-0.46925 -0.08073 -0.36884
-0.55197 0.11689 -0.29667
0.24062 -0.09713 0.29309
-0.42212 -0.09713 -0.14070
-0.43339 -0.00303 -0.39152
-0.44115 -0.09713 0.17495
-0.36798 -0.09957 -0.37228
0.30029 0.02898 0.41841
0.06442 0.08048 -0.34642
-0.34201 0.23067 -0.21008
0.44371 0.11743 0.00445
-0.02173 -0.08037 -0.35914
0.53228 0.02679 -0.29406
0.54032 -0.11368 -0.07285
0.18442 0.21269 -0.12184
-0.47570 0.07419 -0.42987
0.12542 -0.09713 0.05673
0.69703 -0.11368 -0.15457
-0.62125 0.09146 -0.24065
0.47562 0.02442 0.44430
-0.42528 0.18318 -0.12630
-0.73110 -0.09713 -0.15214
0.47663 0.09026 0.25069
-0.50481 0.16976 -0.43047
0.16504 -0.09713 0.11541
0.67706 -0.11368 -0.02225
-0.45423 -0.12083 0.30699
-0.40759 -0.11848 0.22184
-0.18487 0.12469 -0.38323
0.47252 -0.00294 -0.25877
0.42095 0.03537 0.34419
-0.42097 0.20476 0.06270
0.36568 0.14042 0.13611
-0.12003 -0.09713 0.03241
0.88129 -0.07216 0.31387
-0.48730 0.02057 0.21007
0.35200 0.15495 -0.02205
0.63043 -0.09713 -0.10153
-0.83116 -0.11814 0.14728
-0.48077 0.14454 -0.32941
-0.43241 0.17181 -0.21384
0.86790 -0.11368 -0.07538
0.75413 -0.11368 -0.01889
0.07230 0.24454 -0.11451
-0.60214 -0.09713 -0.11980
0.52808 0.08967 -0.08763
0.24760 0.17576 0.32210
-0.65464 0.09927 0.11224
0.90788 -0.11368 0.23111
0.51981 -0.11368 0.13827
-0.22126 -0.09713 0.00549
-0.55145 -0.11368 0.12863
-0.75568 -0.03443 -0.14028
0.04585 -0.09713 0.22776
-0.69437 -0.11368 -0.06171
0.10507 -0.09713 -0.15367
-0.65869 0.15533 0.25088
0.05607 0.20191 0.32520
0.69450 0.02741 -0.13997
-0.29745 0.26509 0.01385
0.09465 0.23026 0.07134
-0.55693 -0.09713 0.02842
0.40094 -0.11845 0.38653
-0.31602 0.25557 -0.13427
0.76866 -0.00811 -0.02893
-0.68975 0.19763 -0.13350
-0.34399 0.21996 -0.30492
0.29643 0.17657 -0.02773
-0.63876 -0.11146 0.19851
0.39138 -0.09713 0.18377
-0.11632 -0.01455 -0.37311
0.32805 -0.09929 -0.27195
-0.09579 -0.11368 -0.05142
-0.47274 -0.10860 -0.35044
-0.89134 -0.07730 0.10238
0.69143 0.01305 0.12869
-0.65814 0.03972 -0.36326
-0.51553 0.04303 -0.35676
-0.33567 -0.10490 -0.42223
0.38905 0.02034 0.40050
-0.25204 -0.09713 0.23038
0.82367 -0.03371 0.04039
0.89922 -0.09713 0.00305
-0.04702 -0.09713 0.08449
0.47526 -0.04100 0.44425
-0.57794 -0.09713 -0.21301
-0.49577 0.13579 0.28412
0.08943 -0.06305 -0.34272
0.52058 -0.11368 -0.00462
0.34421 0.15101 0.09870
-0.09505 -0.11368 -0.26330
0.67247 -0.11368 0.09566
-0.34249 -0.14169 -0.35122
-0.62058 -0.09713 -0.34044
0.94621 -0.10743 0.30518
-0.10346 -0.11368 0.14997
0.80329 -0.09713 -0.13436
-0.67477 0.07102 -0.07110
0.22489 0.17808 -0.31836
0.17503 -0.09713 0.26278
-0.28595 0.26509 -0.19595
0.35957 0.12846 0.38395
-0.11436 0.26509 -0.02044
0.14121 -0.09713 -0.31449
0.78823 -0.03010 0.21808
-0.67168 0.20007 0.08407
-0.53250 -0.06049 -0.39527
-0.17336 0.26509 -0.09663
-0.68977 0.05697 0.09740
0.25936 -0.11368 0.06879
0.04887 -0.11368 -0.15668
-0.10832 0.02264 0.34134
0.76446 -0.11368 0.37797
0.21908 0.18936 0.19429
0.82546 -0.04014 0.13933
0.46182 -0.10480 0.31258
-0.71067 -0.11368 -0.34095
-0.64914 0.04036 -0.27500
0.60287 -0.05769 -0.27329
-0.37006 -0.01093 0.24480
0.25729 0.10460 -0.31794
0.86742 -0.09713 0.16242
0.48155 0.04632 -0.24694
0.48044 0.11099 -0.28499
-0.06287 0.26509 -0.22726
-0.72379 -0.11368 -0.41658
-0.40117 0.09869 -0.37939
-0.39696 0.00663 -0.37854
0.52061 -0.08937 0.43331
0.59691 0.01659 -0.27819
0.45152 -0.12229 -0.30599
0.40303 0.12152 0.20933
0.00237 0.08283 0.35768
0.25295 -0.06273 0.36445
0.13888 0.23057 -0.23570
-0.58509 0.10868 -0.20568
-0.01695 0.05680 -0.35843
0.76173 -0.09713 0.20016
-0.47403 -0.11368 -0.04555
-0.84691 -0.11718 0.11896
-0.70098 0.19314 0.19430
0.60578 0.08104 0.35358
-0.61437 0.06735 -0.40140
-0.20767 -0.11368 -0.25369
-0.54983 0.13286 -0.05151
-0.45003 -0.14959 -0.43866
-0.37926 -0.09713 -0.05626
0.42042 -0.11368 -0.09423
0.22938 -0.11368 -0.17925
0.67260 -0.09713 0.33777
0.47804 0.09869 0.09556
-0.63447 0.20555 -0.37831
0.33807 -0.00849 0.38582
-0.28607 -0.09713 -0.22133
0.49328 0.07384 -0.20779
-0.19457 0.25983 -0.25665
0.33477 -0.10520 0.38046
-0.18858 -0.11368 0.32246
-0.63471 -0.03687 0.27562
-0.69696 -0.01391 -0.41777
-0.33004 -0.11368 0.21987
0.80428 -0.04383 0.34627
0.07376 0.24124 -0.24515
0.13711 0.19487 0.34783
-0.02430 -0.09713 0.14728
-0.46364 -0.09713 -0.18446
-0.47949 0.16247 -0.04674
0.18948 -0.05784 -0.32795
-0.24870 0.26509 0.14863
0.48231 -0.11368 0.21810
0.69119 -0.09713 0.16403
0.38552 0.14440 -0.06693
0.54843 -0.09713 0.07955
0.50812 -0.05222 0.37333
0.40273 -0.03091 -0.25931
-0.30993 0.21739 -0.33787
-0.03098 0.26509 -0.01886
-0.51512 0.13888 -0.18887
-0.31630 -0.02221 -0.32734
-0.67074 -0.09713 0.05477
-0.60508 0.12387 0.17642
0.45959 -0.11307 -0.21276
0.43430 -0.14816 0.37435
0.57839 -0.11185 -0.28725
-0.04567 -0.11368 0.24858
-0.29992 -0.11368 0.01233
0.08685 0.20103 -0.30403
-0.62129 -0.11368 -0.40168
-0.23216 -0.01960 0.32305
-0.73059 -0.11368 -0.26490
-0.75165 0.00118 0.04085
-0.47876 0.05239 0.25939
0.85458 -0.05972 0.28003
0.21778 -0.11368 -0.10343
-0.31201 -0.09713 -0.11781
-0.22195 -0.09713 0.06451
-0.51572 -0.09713 -0.10807
-0.14954 -0.11368 0.13417
-0.74610 0.00519 0.23915
-0.27423 -0.09713 -0.27632
0.41260 0.05619 0.43499
-0.66691 0.20522 -0.28816
0.01339 -0.09713 -0.30336
-0.33243 -0.05068 -0.37941
-0.30541 0.12482 0.31223
0.10675 0.22465 0.12164
-0.11908 0.25223 -0.25700
-0.09596 -0.09713 -0.13957
-0.80413 -0.09713 -0.07184
-0.66105 0.20555 -0.00042
0.02089 -0.09713 0.16929
-0.52124 -0.07389 -0.44155
-0.28841 -0.06890 -0.41525
0.65374 0.04318 -0.21829
0.32492 0.16344 0.01471
-0.35573 0.08915 -0.39883
0.74526 -0.09713 0.25503
-0.15041 0.14754 0.33512
0.52064 0.06705 0.35315
0.37199 0.13675 -0.30100
0.46107 -0.09713 0.10014
-0.62200 -0.06608 0.21862
0.14061 -0.09713 0.32780
0.46236 -0.00577 0.35031
-0.75760 -0.11368 0.00080
-0.22978 0.13825 -0.38986
0.59282 0.04391 0.26390
-0.42999 0.05662 -0.38429
-0.74856 -0.06005 -0.33840
-0.39640 -0.10054 -0.30151
-0.70161 0.01262 -0.23107
0.00999 0.20854 0.30838
0.95040 -0.09505 0.24095
-0.59453 -0.11887 0.23738
0.23291 0.19017 0.08144
-0.64925 0.09545 0.01373
-0.14641 -0.09713 -0.14676
0.14449 -0.11368 -0.23969
-0.00472 0.12961 -0.35663
-0.62104 -0.09713 0.01197
0.75531 -0.03990 0.38537
0.80668 -0.09713 0.33520
-0.64186 -0.09713 -0.09019
-0.08666 -0.11368 -0.30138
0.00009 -0.11368 -0.13700
0.74810 -0.11368 -0.12722
0.17123 -0.11368 -0.17954
-0.25912 -0.11368 -0.11475
0.39957 -0.04515 0.40398
-0.32469 0.03879 -0.32858
0.60014 -0.09713 0.34962
0.29771 -0.00944 0.37646
0.26662 -0.09046 0.41344
-0.06283 0.26509 0.20638
0.58186 0.02862 -0.21037
0.63050 -0.11368 0.08620
0.87800 -0.04782 -0.08406
-0.39447 -0.11368 -0.17157
0.65695 0.07479 -0.05188
-0.15683 -0.11368 0.28775
-0.45790 0.02130 -0.43308
0.35553 0.01944 -0.28139
-0.51275 0.16172 0.16632
0.40222 -0.13735 -0.22123
0.20708 -0.05363 0.38791
-0.12228 0.10941 -0.37399
-0.28858 -0.09713 0.09844
0.52437 -0.06179 -0.24372
-0.21427 0.14749 0.32569
0.29967 -0.09713 0.10825
-0.17185 -0.11368 0.08690
0.34939 0.17075 -0.27705
-0.02743 -0.11368 -0.06076
0.12028 -0.11368 -0.04514
0.86957 -0.11368 0.33488
-0.51945 -0.12146 0.20533
0.52456 0.04325 0.41993
0.52497 0.09902 -0.24407
-0.07342 0.13344 0.34649
-0.80416 -0.06993 -0.01971
0.47630 -0.16036 -0.23696
-0.03199 -0.09713 -0.24250
-0.56059 -0.08417 0.26779
-0.79723 -0.09713 0.17930
-0.82329 -0.06901 0.10795
0.48472 -0.11368 -0.12964
0.56093 0.08107 -0.16170
0.30362 0.16100 0.20114
-0.39050 0.23025 0.11410
0.96435 -0.11368 0.01370
0.57640 -0.11368 0.16761
-0.41161 -0.11368 0.11537
0.17078 -0.09713 -0.02116
0.07310 0.22881 0.25141
0.59417 0.03987 0.32439
-0.81600 -0.11368 0.07050
-0.30302 0.25130 -0.26552
0.06255 -0.09713 0.36240
-0.32621 0.04703 -0.42083
-0.53148 -0.09713 -0.31704
0.31344 -0.09713 0.27236
-0.84659 -0.07733 0.18625
0.33416 -0.15389 0.39862
0.31132 0.02636 0.32800
0.09640 -0.01110 0.37157
0.00150 -0.11368 0.27814
0.01451 0.04327 0.35947
0.65753 -0.11368 -0.19630
0.14378 0.07326 -0.33470
0.98896 -0.11368 -0.06958
0.57863 -0.09713 -0.08912
-0.80218 -0.09551 -0.18281
0.39815 0.11920 0.28251
0.33448 0.16981 -0.15984
-0.54942 0.12158 -0.23766
0.74097 -0.11368 0.33959
-0.70369 0.02631 -0.13686
-0.29468 0.26509 -0.09010
-0.38648 0.20244 -0.19440
0.13528 0.21417 0.17602
0.30055 -0.09713 0.03241
-0.14229 -0.06488 -0.37694
-0.41755 -0.08128 -0.40031
-0.27796 0.05328 0.31629
0.41108 -0.07661 -0.27532
-0.25620 0.21049 0.26612
0.24944 -0.09713 0.18720
-0.59535 -0.09713 -0.17024
-0.71791 -0.06974 0.24360
-0.52885 -0.09713 -0.02806
0.24966 0.00067 0.38651
-0.53167 0.03894 0.22481
0.36655 -0.09713 -0.05153
0.70941 0.00302 0.18013
0.23740 0.20330 -0.25892
0.06595 -0.09713 -0.04417
0.57236 0.07135 -0.07119
0.72673 -0.09713 0.07332
-0.76164 -0.11368 -0.10158
0.41079 0.07809 -0.21997
0.26342 0.09421 0.39623
-0.12223 -0.09713 -0.21488
0.81376 -0.02641 -0.01856
0.25158 -0.01398 -0.31878
0.14705 0.22510 -0.16172
0.43168 -0.09713 -0.14486
0.40394 -0.11368 0.23686
-0.68634 -0.11368 0.17639
0.81424 -0.09713 0.02663
-0.59261 -0.04853 0.19452
0.04930 -0.09713 0.10711
-0.35935 0.20441 -0.35822
0.48130 0.10737 -0.07644
0.04331 0.16710 0.36373
0.69299 0.02017 -0.00468
0.02112 -0.05286 -0.35281
0.40880 -0.11368 0.10559
0.00082 0.24934 -0.24367
0.89523 -0.11368 -0.03697
-0.59673 0.09868 -0.28936
-0.15711 -0.03872 0.33413
-0.60481 0.11833 0.08464
0.04328 0.24431 0.08730
-0.10131 0.06166 -0.37089
-0.68430 0.01722 -0.32135
0.62245 0.07578 0.22951
0.63990 0.03196 0.15116
0.79018 -0.02389 0.09765
-0.63712 0.20377 -0.14994
0.14362 -0.09713 0.27943
-0.74315 -0.00482 -0.05180
0.49503 0.09516 0.04140
-0.22675 -0.09713 0.18118
0.52628 0.07327 0.20761
-0.53758 0.15754 0.26652
0.48028 -0.11368 0.18325
-0.57440 0.01236 0.24113
-0.03379 -0.06611 0.35234
-0.18584 0.19893 -0.34747
-0.46485 -0.09713 -0.24703
-0.44102 -0.01511 0.25461
-0.48904 -0.09713 -0.15417
-0.75036 -0.11368 0.14403
0.44382 0.09790 0.34096
0.34027 -0.11368 -0.15611
-0.26289 -0.11368 -0.15610
0.61447 0.05458 -0.24899
-0.69096 0.09075 0.21987
-0.58274 0.13690 0.23689
0.74711 -0.00714 0.10017
0.78965 -0.11368 0.09753
-0.80330 -0.12579 0.16901
-0.15194 -0.09713 -0.03654
-0.48592 -0.00963 -0.38867
-0.05825 -0.09713 -0.18056
0.37025 0.15336 -0.11811
0.75009 -0.01986 0.29961
-0.10640 -0.09713 -0.00413
-0.56695 0.02008 -0.43965
0.02901 0.25380 -0.04012
-0.38522 -0.11368 0.05382
0.04947 -0.09713 -0.11630
0.47890 -0.04436 -0.24888
-0.71265 0.04015 0.15389
0.51170 -0.09713 0.24458
-0.45762 -0.04535 -0.40536
-0.40097 0.20393 -0.08113
-0.52328 -0.10752 0.26756
-0.30825 -0.11368 -0.24856
0.27287 -0.11368 -0.16721
-0.55946 -0.09713 -0.08463
0.69730 -0.02604 0.39630
0.36882 0.16004 -0.22380
0.55990 0.07266 -0.00945
0.89587 -0.10895 -0.12063
-0.44702 -0.08796 0.25931
0.36568 0.04202 -0.22663
0.25480 -0.11368 -0.30185
-0.58254 -0.11368 -0.00494
-0.42363 -0.08437 -0.34319
-0.18753 0.10188 0.32964
-0.38330 -0.03091 -0.40114
0.00801 -0.11368 0.31578
0.81025 -0.09713 0.27056
0.42851 0.12858 -0.29265
0.19868 0.14244 0.38667
0.85269 -0.11368 0.11444
0.21896 -0.09713 0.09174
0.36129 -0.06210 -0.22728
0.63664 -0.09713 0.24813
-0.33206 0.25291 -0.05255
-0.00724 0.21614 -0.29507
-0.15563 0.26447 0.19933
-0.69882 0.19607 -0.07211
-0.40745 0.19435 0.26820
0.27517 -0.05822 0.32266
-0.45552 0.05001 0.30680
0.21645 0.07633 -0.32397
0.57530 -0.11368 -0.14670
-0.76511 -0.05825 -0.21580
-0.71909 0.20243 0.06516
-0.57575 -0.13011 0.19701
0.27565 -0.09713 0.00430
0.08935 -0.11368 0.22071
0.14045 -0.11368 0.15947
0.44775 0.12356 -0.12864
0.03841 -0.11368 -0.23036
-0.10662 0.26509 -0.12351
0.45364 -0.11368 0.02069
-0.36089 -0.09965 0.29987
0.66021 -0.11368 -0.24281
-0.64554 -0.11368 -0.17545
-0.90178 -0.06851 0.15420
0.45130 -0.04926 0.40667
-0.76120 -0.10126 -0.44793
-0.50646 -0.04819 0.26248
-0.75594 -0.09713 0.08869
-0.68249 0.03182 0.25655
0.17470 0.19733 0.30661
0.75923 -0.09713 -0.06451
0.42769 -0.08594 0.42840
0.38137 -0.00976 -0.22431
0.24278 -0.09713 -0.06357
0.14288 -0.11368 0.01364
-0.52575 -0.00660 -0.44570
0.00066 -0.09713 0.12260
-0.50005 -0.10873 0.29285
0.43094 0.11800 0.08117
-0.15104 -0.11368 -0.32558
-0.04053 0.26509 0.14547
0.60465 -0.03981 0.41802
0.80362 -0.09713 0.20033
0.38346 -0.11368 -0.14314
0.47073 -0.09333 0.44358
0.51031 -0.09713 0.09820
-0.11957 -0.09713 -0.32848
0.43375 0.00738 -0.25837
-0.02282 -0.00776 -0.35930
0.60914 0.04911 0.06356
0.30173 0.16879 0.07943
0.81601 -0.11368 -0.05064
-0.40442 -0.11353 0.28436
0.53090 0.02870 -0.24603
-0.09069 0.15488 -0.36932
-0.53307 -0.11368 -0.24381
-0.23051 -0.09713 -0.34951
-0.42348 -0.11368 -0.06135
-0.63288 -0.09713 -0.03832
-0.74344 -0.06359 -0.39379
0.39125 -0.11368 -0.00972
-0.05745 0.26509 -0.12480
-0.18802 -0.11368 -0.08588
-0.70727 -0.09713 -0.21747
0.06558 0.24022 0.03298
0.95238 -0.08996 0.13975
-0.51775 0.12948 -0.32368
0.72224 -0.09713 -0.00188
-0.42932 -0.01972 0.29994
-0.42973 -0.10294 -0.42964
0.63799 -0.09713 0.37681
0.83892 -0.03183 -0.13822
0.38498 -0.05327 0.37504
0.20088 0.20099 0.04290
0.47090 -0.09713 -0.16881
0.64396 -0.09713 0.01884
-0.44401 0.16173 -0.29902
-0.34146 0.24096 0.20745
0.34978 -0.04604 -0.30635
-0.41224 0.14742 0.29646
0.14461 -0.11368 0.37409
0.85845 -0.09713 0.22450
0.88287 -0.06294 0.14399
-0.79323 -0.03035 0.13793
0.30520 0.14849 0.39300
-0.55540 0.13382 0.00177
0.90105 -0.06732 0.09644
-0.04272 -0.11368 -0.36179
-0.60766 -0.09672 -0.43794
-0.30892 0.26509 0.06611
0.15540 -0.05907 0.38028
-0.26000 -0.09713 0.26798
0.35818 0.04166 0.38242
-0.52447 -0.09874 0.16693
-0.38212 -0.11700 -0.42909
-0.78992 -0.06903 -0.11086
-0.34730 -0.09713 -0.02003
0.59886 0.07881 0.29315
-0.71971 -0.09713 -0.02423
-0.38081 -0.13031 -0.33686
0.69804 -0.00014 0.31163
0.15146 0.18353 -0.32096
-0.44511 -0.02415 0.21630
-0.02037 -0.11368 0.03132
0.20262 -0.11368 -0.05142
-0.72877 -0.11368 0.21998
0.10695 0.03669 0.37312
0.46399 -0.05644 -0.21211
0.53652 -0.09713 0.03532
0.63743 -0.11368 -0.05301
0.49075 -0.09318 0.35450
0.74966 -0.01352 0.19297
0.64738 0.04388 -0.10507
0.06710 0.09978 0.36724
0.56280 -0.05718 -0.19752
0.33453 0.15064 0.17063
-0.46897 0.08303 -0.38871
0.45226 -0.15811 -0.28606
0.09302 -0.11368 -0.31828
0.38076 -0.01280 0.39587
-0.85526 -0.07704 0.14272
-0.20980 0.26509 -0.21161
-0.48113 0.00064 0.24734
0.11078 0.16897 -0.33957
0.25739 0.17921 0.17437
0.84901 -0.04687 0.09584
-0.48045 0.01419 -0.35158
0.32250 0.14568 0.33771
0.91200 -0.09713 -0.07757
-0.05776 -0.11368 0.13456
0.45264 0.03412 -0.21379
-0.76597 -0.09713 -0.24931
-0.26600 -0.09713 -0.00893
-0.71457 -0.09713 -0.09824
0.64779 -0.05908 0.41036
0.52964 -0.01842 -0.20242
0.08501 0.23906 -0.07135
0.31850 0.02888 0.37493
0.66770 -0.11368 -0.11825
-0.22094 -0.08138 0.32471
0.28424 -0.09713 -0.27167
-0.38775 0.01162 -0.33789
-0.33182 -0.10487 -0.32963
-0.42146 -0.05245 0.26864
0.91826 -0.07063 0.03702
-0.52142 -0.01792 0.24138
0.32697 0.08710 0.36520
0.39995 0.12547 0.16213
0.16875 0.20332 0.20546
-0.75881 -0.09376 0.23126
0.43413 -0.14549 0.41960
0.41634 0.13039 -0.03390
0.85396 -0.11368 -0.11870
0.31876 -0.09713 0.15595
-0.64596 -0.09971 0.24731
-0.66747 0.02247 -0.40462
-0.00069 -0.09713 0.23532
0.62354 -0.09668 -0.26247
-0.34109 0.07722 -0.33704
-0.86200 -0.11368 0.21477
0.47147 0.08824 0.32042
0.21094 0.20350 -0.08448
0.72197 0.01062 -0.03618
0.65945 0.06553 -0.01382
-0.70658 0.03399 -0.07238
-0.52346 0.13977 -0.11782
-0.34188 0.01178 0.30685
-0.51313 0.09802 0.26482
-0.53196 0.14996 0.10525
0.52787 0.07965 0.08675
-0.12422 -0.09713 0.30473
0.63589 0.07436 -0.15671
-0.58641 -0.11368 -0.30911
-0.49125 0.13519 -0.41046
-0.47881 0.14259 -0.37443
0.28656 -0.09713 0.21315
0.10374 -0.11368 -0.26347
0.53161 0.06121 -0.20213
0.43337 -0.01614 0.38382
0.34908 0.05974 -0.30438
-0.34143 -0.11368 0.04224
0.20224 -0.09713 0.17674
0.63917 0.02556 0.26668
-0.31023 -0.11368 0.26469
-0.28872 0.03035 -0.39645
-0.19586 0.26509 -0.14801
-0.89862 -0.10675 0.12994
0.33856 -0.09713 -0.11418
-0.40152 0.00315 0.22274
-0.53183 0.09436 0.22425
0.13415 0.22083 0.02647
-0.05541 0.03836 0.34915
0.57664 -0.09713 0.28329
0.36311 -0.11368 0.21255
0.88671 -0.09713 0.04982
-0.38726 0.04336 -0.37686
0.24000 0.17980 0.27827
-0.01809 0.25498 0.23398
0.05899 -0.09713 0.02850
0.44449 0.10518 0.21077
-0.59204 0.11962 0.01900
0.37734 0.09798 0.42979
0.01406 -0.09964 -0.35385
-0.80707 -0.03715 0.19183
-0.73304 0.20412 0.15963
0.27215 0.19203 -0.22831
0.49915 -0.14428 -0.20692
0.98256 -0.09498 0.02195
0.43536 0.09362 -0.26099
-0.52147 0.09842 -0.43293
0.31259 -0.04784 0.39175
-0.54478 -0.09713 0.07105
0.71627 -0.09713 -0.19607
0.45378 0.08606 0.40315
-0.44985 -0.07420 0.21560
0.57765 -0.10479 -0.24353
0.78665 -0.09713 -0.00793
-0.25694 -0.11368 -0.30690
0.40767 -0.10811 0.34223
-0.19454 -0.09713 -0.32470
-0.17988 0.23805 -0.28743
0.39763 0.04152 0.38121
0.55535 -0.09713 -0.02619
-0.24081 -0.04261 -0.39149
-0.46184 -0.04502 -0.34883
0.25498 -0.11368 -0.03116
0.61566 0.00193 0.40991
-0.57790 0.03475 0.19669
0.42313 -0.09713 0.29538
-0.60890 -0.09713 -0.24915
-0.33418 0.21460 0.24838
-0.33640 -0.09713 0.11311
-0.42374 -0.09713 0.03355
0.58759 -0.11368 0.21386
0.40486 0.09664 0.34561
-0.45852 0.19582 0.22661
0.47857 0.10565 -0.02822
0.56258 -0.11368 0.23927
0.06280 0.24901 -0.15575
0.85525 -0.11368 0.24854
0.15880 -0.11368 0.06668
0.47955 -0.09713 -0.00781
0.61027 0.04183 0.18147
0.59492 -0.11368 0.38442
0.45465 -0.00920 -0.21349
0.69519 -0.03725 -0.22618
0.00287 -0.11368 -0.25268
0.45970 0.02227 -0.26951
-0.19013 0.26509 0.16786
-0.40443 0.13814 -0.41565
-0.50613 0.16897 0.23925
-0.36559 0.00718 -0.39905
-0.30731 0.18506 -0.38639
-0.58226 0.18946 -0.42160
0.73627 0.01149 -0.16878
0.20548 0.18730 0.33494
-0.45604 0.15089 0.28999
0.68233 0.00774 -0.22640
0.37452 -0.09713 0.15929
-0.45122 -0.14557 -0.34726
-0.77754 0.00019 0.21038
0.13031 0.20553 -0.29081
0.37763 0.02890 -0.31690
-0.60600 0.06148 -0.44453
0.30518 -0.09534 -0.31087
-0.06230 -0.09713 -0.06738
-0.64436 0.09358 -0.04977
-0.24562 0.23402 0.23210
-0.28590 -0.06120 0.31511
0.38921 0.09797 0.38251
-0.23002 -0.11368 -0.08395
-0.51890 -0.09713 0.11883
-0.20919 -0.09713 -0.18378
-0.41906 -0.02185 -0.40523
-0.55916 -0.10573 -0.43675
-0.54682 -0.04379 0.20128
0.57070 -0.11368 0.32914
-0.45407 -0.15048 -0.39658
0.52193 -0.09713 -0.11831
-0.81509 -0.07441 0.02813
-0.51278 -0.09713 -0.18432
0.72185 -0.09713 0.38630
-0.51646 0.02621 0.25710
0.18047 -0.09713 -0.27199
0.28639 -0.11368 0.16486
-0.52617 -0.09141 -0.35851
-0.28222 0.26509 0.12030
0.36212 -0.09030 0.33550
-0.43913 0.05490 -0.34547
-0.81014 -0.09713 0.11291
-0.33602 -0.06151 -0.33025
-0.60647 0.07065 0.26777
-0.45412 0.03179 -0.37756
0.12891 0.16830 0.37637
0.55688 -0.11368 0.13480
-0.04768 0.26509 0.02036
-0.13270 -0.11368 0.09262
-0.78340 -0.07435 0.11560
-0.26134 -0.11045 -0.37430
0.70304 0.02185 -0.10182
0.66026 -0.11368 0.22509
-0.59053 -0.12858 0.28139
0.33103 -0.11368 -0.06915
-0.11380 0.26509 0.07047
0.44517 -0.03091 -0.27417
-0.07462 -0.11368 0.06315
0.88733 -0.07690 0.35482
0.84028 -0.05189 0.24172
-0.10534 0.10716 0.34178
0.45055 -0.11633 -0.26669
0.22240 -0.11368 0.32657
0.49171 0.11065 -0.20341
0.45124 0.08528 -0.21400
-0.78169 -0.02687 0.08012
-0.16413 -0.11368 -0.23834
0.36045 -0.03929 0.40079
-0.70624 0.20555 -0.01727
0.91824 -0.06739 -0.01871
-0.61430 -0.10565 0.15367
-0.34358 -0.03091 -0.39110
0.21065 0.20649 -0.15318
-0.29027 -0.09713 0.20712
-0.71388 -0.09713 0.01603
0.73188 0.00137 0.05631
0.18359 -0.11368 0.02046
0.51224 -0.03091 -0.25106
0.27018 -0.10064 0.36251
0.35052 -0.11368 0.17331
-0.71954 -0.09713 -0.30430
-0.12131 0.26509 0.02013
0.37110 0.04768 0.42595
0.91826 -0.06469 -0.06550
0.01485 -0.07702 0.35952
-0.40071 -0.09713 0.16763
0.68842 -0.09713 0.07070
0.72767 0.00561 0.01185
-0.29715 -0.11368 -0.19158
-0.08801 -0.07502 0.34434
0.12817 0.21288 0.25464
-0.52454 0.13001 -0.26918
-0.35393 -0.11368 -0.17700
0.22035 0.17713 0.38693
-0.48320 -0.15315 0.21068
-0.34639 -0.11368 -0.10310
0.42762 0.04742 -0.26431
0.15419 0.03376 -0.33316
0.03061 0.11732 0.36185
0.57427 0.04924 -0.25366
-0.35470 -0.14998 -0.38925
0.60008 -0.11368 0.00467
-0.41682 0.06818 0.25644
-0.76661 -0.11368 -0.16333
-0.23775 -0.11368 0.14563
0.46749 -0.04615 0.35106
-0.68868 0.07744 0.06065
0.47468 -0.09212 -0.27344
-0.57955 -0.00828 0.27572
-0.40011 0.18973 -0.23056
0.38933 -0.08312 0.40034
0.79558 -0.09716 -0.17286
-0.42256 0.18102 -0.16666
0.66110 0.02702 0.09304
0.50141 -0.01433 0.42304
0.38446 0.14109 -0.00265
-0.28215 -0.04291 -0.34329
0.55847 -0.09713 0.39877
-0.06760 0.04029 -0.36591
0.63197 -0.09713 0.13627
0.21494 -0.11368 -0.28441
0.73901 -0.11368 0.16544
-0.37923 -0.05615 -0.39471
0.44446 -0.11368 0.21575
-0.43576 0.19850 0.09950
-0.75508 0.00402 0.08071
-0.57485 -0.03517 0.22286
0.38436 -0.09713 0.07856
0.40198 -0.00795 -0.29362
0.59118 -0.07287 -0.22367
0.10455 -0.11368 0.33230
0.54695 0.05424 0.38030
-0.08086 0.26509 0.10304
0.22217 0.05605 0.39014
-0.66804 0.20555 0.03884
-0.64261 0.10689 0.15468
-0.08623 -0.11368 0.25584
0.08741 0.19055 0.34702
-0.48208 0.17311 0.14372
-0.20042 0.01667 -0.38553
-0.47414 -0.09713 0.11614
0.50023 -0.09713 -0.04859
-0.00313 0.26509 -0.20288
-0.37660 0.04327 -0.41676
-0.28210 0.24177 -0.29690
0.63433 -0.11368 0.33765
-0.23000 0.26509 -0.17767
0.83401 -0.09104 -0.15321
-0.23646 0.26509 -0.01302
-0.51117 -0.14285 0.29858
0.51879 0.09210 -0.29306
-0.62267 0.00747 0.23228
0.78880 -0.05773 -0.17724
0.01444 -0.11368 -0.02479
-0.02943 -0.09713 -0.15696
-0.43358 0.16837 -0.26174
-0.00007 0.16861 -0.35594
-0.47093 -0.11655 -0.44220
-0.34146 0.22549 -0.26615
-0.46318 -0.09713 -0.21384
0.70725 -0.09713 -0.04209
0.06370 -0.11368 0.06961
-0.33000 0.17974 0.30172
-0.42592 -0.09713 -0.19063
-0.06829 -0.11368 -0.14811
-0.84905 -0.12286 0.17772
0.30153 -0.07411 0.41859
-0.01373 0.22413 0.28129
-0.61755 0.06485 -0.35984
-0.58364 0.06664 0.23379
-0.19006 -0.11368 -0.36219
-0.36899 0.20950 -0.24143
-0.62656 0.17542 0.25934
-0.45323 0.17069 -0.09103
0.85736 -0.10039 0.36921
0.06386 -0.09713 -0.18839
0.35606 -0.09713 0.01748
-0.18134 -0.09713 0.23787
-0.52518 0.14482 -0.02418
0.05763 0.23473 0.21647
-0.48623 0.17432 0.19147
-0.43764 -0.11368 -0.10845
-0.53029 -0.11368 -0.06292
0.05704 0.24471 -0.01519
0.22851 0.20307 -0.19334
-0.42484 0.19767 0.01719
0.20524 -0.09713 -0.13594
0.91421 -0.08414 0.29773
-0.04312 -0.11368 -0.02359
-0.64896 0.03180 -0.32631
-0.00497 0.25678 0.11966
0.56532 -0.11368 0.04590
-0.52618 -0.07240 0.26374
0.52545 -0.00066 -0.25847
0.19099 -0.01411 -0.32773
0.10434 0.23698 -0.15302
-0.15711 -0.09713 0.05556
-0.71287 -0.09713 0.15282
-0.48498 -0.05761 0.25418
-0.58090 -0.06424 0.28829
0.34249 0.03664 0.34776
-0.74008 -0.03097 -0.22559
0.46693 -0.03310 -0.27689
-0.46917 0.16900 -0.01049
0.55042 0.00985 -0.19935
0.06735 -0.09713 -0.30920
-0.33048 0.24264 -0.16718
-0.58089 -0.09713 -0.34308
-0.61342 -0.11368 -0.21505
-0.65758 0.20555 -0.11449
-0.43913 0.09420 -0.40613
0.92599 -0.11368 0.26482
0.11924 -0.09713 0.11768
-0.20879 0.26509 -0.11215
0.31624 -0.12527 0.42076
-0.78125 -0.09713 0.02431
0.01760 0.18626 0.34319
0.52631 -0.10572 -0.20291
0.35012 0.15816 -0.06468
0.72666 -0.05130 -0.21015
-0.60366 -0.09812 0.19289
0.27079 -0.11368 0.27706
-0.81505 -0.11160 -0.10512
0.41091 0.14251 -0.20625
-0.56695 -0.09713 -0.13645
0.66280 0.04105 -0.16069
-0.72905 -0.11368 -0.18613
-0.73491 0.19314 0.21356
0.31231 -0.04222 -0.30981
-0.39511 0.18455 -0.31686
0.41100 -0.09518 -0.21994
-0.18522 0.17809 -0.37890
-0.61583 -0.00713 -0.44152
0.34797 -0.15703 0.36374
0.91439 -0.09713 0.18019
0.47162 -0.12523 0.35926
0.39150 -0.10617 -0.31485
0.70125 -0.11368 0.13001
0.57902 0.05865 0.10297
0.72196 -0.11368 0.30719
-0.48324 0.16955 0.09370
-0.62862 -0.03409 0.23186
-0.28470 -0.09713 0.13585
0.29598 -0.11368 0.06880
0.48362 0.03958 0.41098
-0.12562 -0.09713 -0.25181
0.24600 0.18379 0.14330
-0.61739 0.09609 -0.19164
-0.14332 -0.09713 0.00139
-0.29751 0.03432 -0.34830
0.05665 -0.08008 -0.34756
-0.50633 0.04396 -0.42863
-0.24526 0.26509 0.09039
-0.60160 0.19323 -0.39049
-0.46486 -0.00853 0.27776
0.10601 0.23432 -0.10163
0.88283 -0.06953 0.25802
-0.75774 -0.04298 -0.17634
-0.43653 0.02695 -0.40808
0.05549 -0.11368 -0.00449
0.03933 0.25101 -0.23546
-0.02604 0.26509 -0.14449
-0.03464 0.26509 -0.09166
-0.64167 0.19314 -0.34415
-0.84449 -0.09191 0.08007
0.46961 -0.09713 0.06410
-0.59245 -0.11368 -0.08725
0.40575 -0.00376 0.37926
-0.52950 0.14271 -0.42548
-0.03861 -0.04760 -0.36163
-0.35543 -0.09713 0.19015
-0.87447 -0.07422 0.17841
0.58204 0.06231 0.01926
-0.24914 -0.05794 0.32054
-0.32576 0.26138 -0.00953
-0.39855 -0.02366 -0.33948
0.74080 0.00655 -0.09333
-0.10111 -0.11368 -0.10002
0.01757 0.25287 0.05935
-0.79404 -0.11368 -0.03826
0.39989 -0.15871 0.36659
-0.38155 0.02656 0.24292
-0.09089 0.18701 -0.35148
0.57224 0.07420 0.26708
0.55222 -0.13532 -0.27656
-0.23615 0.25913 -0.26386
-0.15072 0.26509 0.13457
-0.51053 0.06899 0.20664
-0.79497 -0.07877 0.15029
0.36332 0.13467 0.25138
-0.68762 -0.11368 -0.26561
-0.40344 -0.05799 0.22246
0.28642 0.17795 0.00747
-0.64367 -0.09713 -0.42773
0.29345 0.10653 -0.31260
0.32166 -0.09713 0.23672
0.42152 -0.11368 0.17945
0.00731 -0.11368 0.20866
0.25944 -0.11368 0.03250
-0.58222 0.13200 0.15374
-0.71231 0.03375 0.11418
0.65498 -0.09713 0.05358
-0.46672 0.10915 -0.42485
0.70009 -0.09713 -0.11628
-0.47362 0.06612 0.21209
0.13349 -0.09713 0.24070
0.50060 -0.05467 0.42200
0.13616 -0.11368 -0.13517
-0.06354 0.16841 0.34795
-0.57389 -0.07406 0.23914
0.65896 -0.11368 -0.08297
0.26156 0.18649 -0.02566
-0.09472 0.01648 -0.36992
-0.28497 0.26509 -0.15046
-0.25584 -0.11368 -0.23175
0.46638 0.08338 -0.30379
0.40099 0.01046 -0.26495
-0.45273 -0.08055 -0.40949
0.35481 -0.07842 -0.28457
-0.74636 0.02725 0.15755
-0.10047 -0.11368 0.18602
0.06525 -0.09713 0.32364
-0.38143 -0.15761 -0.36214
0.17459 -0.11368 -0.31379
-0.01035 0.25648 0.16333
0.39937 -0.06393 -0.24742
0.50356 0.00227 -0.24185
0.44896 0.05766 0.34833
-0.40315 0.02169 -0.40548
0.71473 0.00629 0.08760
0.50403 0.09432 -0.00514
0.95902 -0.08741 0.05072
-0.09418 0.26509 -0.05034
-0.39927 -0.11368 -0.26828
0.42676 0.10955 0.25540
-0.53594 0.13663 -0.08437
0.35801 0.13209 0.33184
-0.04715 0.20034 -0.32487
-0.45677 -0.09713 -0.28210
0.48739 0.08850 0.20818
0.60592 -0.11368 -0.07301
0.39610 -0.09713 -0.07160
-0.68888 0.06088 -0.03488
-0.48686 -0.10783 0.25065
0.53211 0.08209 0.01584
-0.79856 -0.07079 0.18370
0.32932 0.15915 0.05907
0.72120 -0.09713 0.19402
0.16753 -0.09713 0.18464
-0.37638 -0.00553 0.28275
-0.78969 -0.07477 -0.14598
0.06237 0.18640 -0.32976
0.42729 -0.09014 -0.30074
0.18657 0.20942 -0.05928
0.86081 -0.11368 0.03197
0.43367 -0.09713 0.07754
0.42214 0.12431 0.03181
-0.75255 -0.11368 -0.31035
0.62448 0.02248 0.38233
-0.62887 0.05989 -0.29797
-0.07353 -0.07988 -0.36679
-0.72454 0.03072 0.03009
0.37679 -0.12160 -0.24938
0.04279 0.02230 0.36365
0.31512 0.16142 0.11608
-0.09240 0.25496 0.22306
0.77168 -0.09713 0.34750
0.17615 -0.03052 0.38334
0.20666 -0.11368 -0.00634
0.60500 0.05884 -0.07635
-0.42645 -0.11998 -0.34360
0.65602 -0.11368 0.16753
0.65946 0.04006 -0.05783
-0.38515 0.22892 0.06435
-0.36511 0.12526 -0.40985
0.20144 -0.09713 -0.19309
-0.64410 -0.11368 -0.26462
0.62746 0.00586 -0.25830
-0.05635 -0.09300 0.34901
0.82201 -0.03510 0.07558
-0.62144 0.13973 0.24394
-0.46089 0.16201 -0.18030
0.85465 -0.11368 0.19072
-0.53730 -0.09796 0.22445
-0.47310 0.04896 -0.35049
-0.59362 -0.11368 0.02843
0.07807 -0.11368 -0.21596
-0.67583 0.19314 -0.04574
-0.23824 -0.09713 -0.25857
-0.62955 0.08593 -0.27446
-0.35893 0.03453 -0.33363
-0.34005 -0.09713 -0.05912
-0.47247 -0.15067 0.30430
-0.41911 0.21178 0.24010
-0.44166 -0.14876 0.21969
0.20564 -0.09713 0.29552
-0.36920 0.18853 -0.39027
-0.06773 0.26509 -0.16566
-0.55534 0.10694 -0.43545
0.25161 0.15550 -0.31878
0.50009 -0.10639 -0.29826
-0.68537 0.02362 -0.27661
0.10162 0.10184 0.37234
0.24682 0.17386 0.36384
-0.19283 -0.09713 -0.22312
0.42353 0.01503 0.38746
0.48948 0.02458 -0.27183
-0.04408 -0.11368 -0.27225
-0.52077 0.00100 0.20513
0.17748 0.19940 0.23899
0.50188 -0.05900 -0.26539
-0.13859 0.26509 -0.09553
-0.74591 -0.09713 -0.07537
0.28499 0.16306 0.29171
0.43338 0.09070 -0.29579
0.34110 0.16950 -0.19936
-0.30903 -0.10700 -0.28861
-0.44240 -0.09713 0.14030
-0.58179 0.13953 0.27142
-0.15896 -0.09713 0.32940
-0.22107 0.18029 0.31699
-0.15820 0.26509 -0.23415
-0.76449 -0.11368 -0.27698
0.93504 -0.08729 0.21101
0.79415 -0.02743 0.13177
-0.19434 -0.11368 0.04996
0.02969 -0.09713 0.04676
-0.21605 0.26509 0.05805
0.63783 0.07559 -0.11471
0.01591 0.06608 -0.35358
-0.37732 -0.01385 -0.37808
0.18192 0.05383 -0.32907
0.29387 0.06556 0.35828
-0.68597 0.08663 0.11899
-0.70199 0.05843 0.18864
0.39693 -0.07097 0.34064
-0.64207 -0.09713 -0.13068
-0.53601 -0.05142 -0.35978
0.74286 -0.11368 -0.16625
0.56604 0.00601 -0.28908
0.41946 0.08917 0.42804
0.16090 0.22315 -0.20948
-0.85760 -0.07014 0.10634
0.56522 0.06178 0.14231
-0.17649 -0.11368 -0.14518
0.47411 -0.11368 0.28174
0.38313 0.12079 0.35678
-0.62289 -0.03485 0.19376
-0.33281 -0.01614 -0.35683
-0.21502 -0.09713 0.23116
-0.43934 -0.07334 0.28940
0.82807 -0.11368 -0.08272
-0.31130 -0.09713 0.29508
-0.55882 -0.11368 -0.18248
-0.69934 -0.11368 -0.12590
-0.78763 -0.08370 -0.21224
0.80871 -0.01794 -0.13049
0.75698 -0.09713 -0.09873
-0.43190 -0.04563 -0.38531
0.50291 -0.09713 0.31281
0.62448 -0.02768 -0.26349
0.62275 -0.09713 -0.01460
0.09487 0.22598 0.17070
0.05359 0.02587 -0.34802
-0.26343 0.26509 0.01366
-0.66802 0.10205 0.24807
0.45061 -0.11368 -0.10988
-0.76869 -0.11368 0.18527
0.96585 -0.08703 -0.00207
-0.17921 -0.03328 -0.38239
-0.03879 -0.11368 -0.21370
0.43637 -0.09444 -0.26508
0.40003 -0.03667 0.37927
0.04839 -0.09713 0.14957
-0.34926 -0.09713 -0.13246
-0.19997 0.26509 -0.07020
0.22940 0.19509 -0.01096
0.28987 -0.11368 0.24883
-0.74097 -0.02966 0.23902
0.47813 -0.09713 0.24778
0.01183 0.09953 -0.35418
0.15668 -0.06386 -0.33279
0.08895 -0.11368 -0.06530
0.21272 0.20944 -0.23690
0.22432 0.10918 -0.32280
-0.52992 -0.03757 -0.43334
0.26816 -0.11368 0.11427
-0.33008 0.00836 -0.32937
0.30680 0.16238 0.15576
-0.12301 0.26254 0.20707
0.54122 -0.11368 0.16450
-0.40665 0.17063 -0.40751
-0.64771 0.19947 -0.41821
-0.09254 0.05216 0.34367
0.21434 0.19433 0.10905
-0.38706 -0.09238 -0.40168
-0.21715 0.08682 0.32527
0.09959 0.24121 -0.22085
0.44883 0.04409 0.44034
-0.65542 -0.11368 -0.34842
-0.27908 0.14509 0.31612
-0.36691 0.23557 0.00808
0.73164 -0.11368 0.04471
0.06597 -0.11368 -0.09243
-0.59746 0.11939 0.05208
-0.01587 -0.11368 0.09520
-0.67168 0.20555 -0.25514
0.37425 0.04663 0.34985
-0.69724 0.05202 0.04082
-0.00983 -0.11368 0.17287
0.67995 -0.09713 -0.17797
-0.24831 0.07427 0.32067
0.11899 -0.09713 -0.18395
0.05434 0.24744 -0.06143
0.77400 -0.07509 0.38581
0.57932 0.05405 0.18022
0.64673 -0.11368 -0.15512
0.52232 0.09854 -0.20177
-0.86954 -0.11758 0.10410
0.19968 -0.11368 0.24780
0.33885 0.13574 -0.30589
-0.11871 -0.11368 -0.13007
-0.22306 -0.11368 -0.02328
0.57277 0.06800 0.36453
-0.03301 0.07600 0.35246
-0.46327 -0.09713 -0.13321
0.31113 -0.11368 -0.23618
0.07826 -0.03182 -0.34437
-0.37130 -0.03554 0.26705
0.75506 -0.00107 -0.05838
0.55640 -0.03091 -0.25473
-0.08984 -0.09713 -0.20780
0.53173 -0.05800 0.43290
-0.74438 -0.11368 -0.36769
0.38623 -0.09723 0.30141
-0.81703 -0.11368 0.03907
0.19170 -0.09713 -0.08395
-0.48033 -0.09713 0.01642
0.02790 -0.09713 0.33636
-0.64083 0.09303 -0.08263
-0.02535 -0.03417 0.35359
-0.40016 0.20772 -0.04831
-0.22282 0.26509 0.17255
-0.69864 0.00139 0.25206
-0.31845 -0.12804 -0.39215
0.44785 0.11772 -0.02846
-0.44322 -0.09713 -0.08194
0.09166 -0.11368 0.05212
-0.01207 -0.11368 -0.00522
-0.17540 -0.11368 -0.02047
-0.66562 -0.11368 -0.10581
0.31056 0.17325 -0.05722
0.50456 -0.09713 0.16854
-0.32290 -0.11368 0.08441
0.10845 -0.11368 0.29971
0.94514 -0.08023 0.02082
0.82331 -0.11368 0.37535
0.32659 0.08893 0.39809
-0.12036 -0.11368 0.22318
-0.27026 -0.09713 0.02354
-0.82497 -0.10957 0.19443
-0.57531 0.16397 -0.44088
0.28066 -0.09713 -0.19432
-0.08631 0.24125 -0.26877
0.50942 0.07320 0.32306
0.81195 -0.04488 0.31250
0.24506 -0.09713 -0.27543
-0.31949 0.06092 0.31015
-0.07467 0.01214 0.34631
-0.19399 -0.09713 0.15300
-0.25774 -0.09713 0.17101
0.01539 0.25646 -0.01063
-0.20089 -0.01174 0.32767
-0.48492 -0.11368 -0.26373
-0.71852 0.02940 0.24782
0.85453 -0.09713 -0.03676
-0.02273 -0.11368 -0.09293
0.49248 0.11251 -0.24075
-0.15829 -0.11368 -0.07137
-0.40161 0.22898 0.17643
-0.22209 -0.11368 0.03343
-0.52646 0.13602 -0.15858
0.40717 -0.11368 0.27246
0.43875 0.10964 0.17259
-0.18052 -0.11368 0.12443
0.30279 -0.03341 0.32674
-0.57448 -0.09713 0.08412
0.65844 -0.11368 0.30686
-0.57276 -0.13866 0.25101
0.04454 -0.09713 0.19147
-0.18485 0.19000 0.30765
0.65424 -0.04808 -0.24877
-0.01408 0.26509 -0.04647
-0.15297 0.26509 0.08435
-0.13136 -0.09713 -0.06148
-0.64169 0.19314 -0.30437
-0.23986 -0.09713 0.11618
0.36847 -0.04786 0.33644
-0.01726 0.04689 0.35478
-0.66710 -0.09713 -0.05652
-0.50743 0.13191 -0.35419
0.26584 -0.08442 0.33493
-0.70867 0.01216 -0.18592
-0.45890 0.09400 0.21958
0.02299 0.20813 -0.30273
-0.39554 -0.07354 -0.37881
0.85377 -0.11368 0.28066
0.53833 -0.11368 -0.14903
0.77626 -0.09713 0.24660
0.60099 0.03540 0.35545
0.04319 0.10464 -0.34955
-0.41593 0.03591 0.31265
-0.25248 0.11585 -0.39321
0.24972 -0.11368 -0.10064
0.59157 -0.05681 -0.19592
0.70369 0.01388 0.03147
-0.57183 0.12537 -0.02441
-0.26803 0.05570 -0.39551
0.27540 -0.03858 -0.31526
-0.65553 -0.01780 0.26053
-0.41833 -0.14877 -0.43444
0.45045 0.01071 0.38418
0.17498 -0.09713 -0.05285
-0.27279 0.26168 -0.26540
0.41969 0.12069 0.11089
-0.72799 0.01883 -0.01605
0.11509 -0.09713 0.20119
0.36851 0.00691 0.37620
0.12739 -0.07947 -0.33712
0.69156 -0.11368 0.31827
0.80469 -0.03501 0.19131
-0.38466 0.18853 -0.34733
0.24484 -0.05245 0.41008
-0.38703 -0.09448 0.22488
-0.23190 0.19508 -0.36009
-0.54017 -0.09713 -0.27975
-0.74141 0.02761 0.12621
0.39629 -0.10575 0.41523
0.02357 -0.11368 -0.10857
0.31664 -0.08188 0.39188
-0.48699 -0.02760 0.24700
-0.44101 -0.06542 -0.38534
0.34314 -0.11368 0.27435
0.17039 -0.09713 0.31718
-0.31208 -0.11368 -0.09090
-0.68049 0.01628 -0.35268
0.34656 -0.06945 -0.25416
0.02382 -0.09713 0.26326
0.49934 -0.08990 -0.20689
0.53030 -0.14334 -0.20232
-0.58777 -0.03770 -0.43919
0.42247 0.10749 0.31995
0.35546 -0.03720 0.37339
-0.27163 -0.09713 -0.18366
0.42255 -0.14896 -0.28147
0.49406 -0.00770 0.35499
-0.49574 -0.09762 -0.44587
-0.30227 0.07458 -0.40057
0.42364 -0.00713 -0.21807
-0.58200 -0.11368 0.13587
-0.36619 0.20361 -0.31990
0.89066 -0.05550 -0.03724
-0.36472 0.21605 0.24168
0.08032 -0.09713 -0.12156
-0.32965 0.14923 0.30865
0.62850 -0.11368 0.05222
0.62700 0.05186 0.20991
0.12091 0.06752 0.37519
0.39284 0.13044 0.12439
0.45422 -0.15494 -0.21356
-0.75834 -0.01835 -0.02815
-0.07731 -0.09713 0.17330
0.48342 0.03588 -0.20924
-0.72833 -0.03821 -0.34758
0.88394 -0.05328 -0.12247
0.65541 -0.11368 0.12421
0.04224 -0.11368 -0.29852
0.42023 -0.12312 0.43612
-0.62156 0.11859 0.20223
0.66002 -0.03087 0.40587
-0.28878 -0.00840 -0.32327
0.09514 -0.09713 -0.03356
-0.40867 -0.09713 0.08109
-0.67732 0.08229 0.01216
0.55503 0.04112 -0.19867
0.14543 -0.11368 0.09796
-0.39624 -0.09713 -0.10599
0.26795 0.02297 0.32169
-0.76321 -0.11368 0.04335
-0.65305 0.20555 -0.18333
-0.70630 0.02856 -0.10605
-0.21517 0.23317 0.23787
-0.48494 -0.03091 -0.41662
0.50768 -0.09713 -0.07866
-0.23915 -0.10629 0.32202
-0.39631 -0.10767 -0.35434
0.06259 0.23775 0.11154
0.43649 0.13333 -0.22102
-0.71773 -0.09713 -0.39119
0.07777 0.23971 -0.03757
-0.73427 -0.09713 -0.23907
0.92476 -0.09573 -0.10567
0.86392 -0.04918 0.03488
0.54977 -0.10478 0.42738
-0.61958 -0.09713 -0.18975
-0.59424 -0.11368 -0.38684
-0.21739 0.11007 -0.38803
0.39025 -0.03796 -0.23358
0.03886 -0.02783 -0.35019
-0.33067 -0.13527 -0.42149
0.76132 -0.11368 0.08548
0.20594 0.19195 0.22199
-0.44111 0.16076 -0.33451
0.42836 -0.06078 0.39437
-0.72428 -0.11368 0.18957
0.20122 0.19031 0.29276
0.39331 -0.09713 -0.03649
0.25339 -0.04148 0.34232
0.57159 -0.08197 -0.28826
0.11215 -0.09713 0.14750
-0.26247 0.26509 -0.17627
-0.01915 -0.11368 0.30077
-0.28863 0.22872 0.23376
0.93787 -0.11368 0.07623
-0.24572 -0.09713 0.04365
-0.43835 0.00649 0.27638
-0.78664 -0.06910 0.22468
-0.65234 -0.09713 0.10175
0.67369 -0.09713 0.37624
-0.77787 -0.11368 -0.13492
-0.81936 -0.09199 -0.04585
-0.62561 0.10629 0.02975
-0.04524 0.01268 -0.36261
-0.06094 -0.11368 -0.31781
-0.61777 -0.08461 0.24252
-0.43014 -0.05458 -0.34415
0.39284 -0.05291 -0.28127
0.42927 -0.09713 0.01295
-0.31742 -0.11368 -0.21952
0.64923 0.07807 -0.08114
0.36206 -0.09506 0.37162
-0.11892 -0.09713 -0.15975
-0.86165 -0.12300 0.15007
-0.74462 -0.09713 0.02272
0.11437 -0.11368 0.17575
0.40253 -0.14154 -0.25130
-0.89482 -0.11950 0.08096
0.57076 -0.09713 0.19237
-0.08019 -0.09713 0.20699
0.75197 -0.06165 -0.19720
0.70213 -0.06143 0.39955
0.93692 -0.11368 0.15034
0.40473 0.04077 0.41022
-0.68866 0.00006 -0.39229
0.66264 0.02467 0.12310
0.51313 -0.11368 0.26984
0.40195 -0.07131 0.37878
-0.03686 -0.09713 0.11988
-0.16150 0.17548 0.33306
0.50253 -0.03093 -0.20642
0.60316 0.04167 0.23244
0.22953 0.19296 0.03850
0.35857 0.03521 -0.25503
-0.48832 -0.06402 -0.35274
-0.02864 -0.09713 0.06074
-0.50016 -0.11368 -0.08156
-0.41265 -0.11560 0.31313
0.84231 -0.03661 -0.03573
0.41024 0.12726 0.06154
-0.32511 -0.09713 0.24461
0.45556 -0.01861 0.44134
0.97403 -0.09713 -0.04958
-0.03520 0.10632 -0.36113
-0.69797 0.07415 0.25426
-0.27437 -0.09713 -0.13396
0.75199 -0.11368 0.02277
-0.46699 0.00560 -0.40613
-0.72060 -0.10263 -0.44419
0.68956 0.01206 0.15852
0.40156 0.14091 -0.29663
0.32399 -0.09713 0.01386
0.09489 0.20701 0.32322
0.83314 -0.09713 0.20498
0.03830 -0.11368 -0.05793
-0.50267 -0.09713 -0.30919
-0.28188 0.11881 -0.39755
-0.54415 -0.09713 0.10288
0.51612 0.01025 0.43141
0.24348 -0.11368 -0.21478
0.24773 0.19709 -0.28623
-0.14539 -0.00959 -0.37740
-0.56085 -0.09713 -0.30120
0.64496 -0.07857 -0.25240
0.42956 0.13816 -0.25739
-0.13768 0.12067 0.33700
0.37082 0.15485 -0.14785
0.02555 -0.09713 -0.14852
-0.64965 -0.09713 -0.01277
-0.54296 0.15001 0.18050
-0.46036 0.04301 0.27414
-0.76208 -0.08066 -0.36744
-0.52075 -0.15108 0.20513
-0.64036 0.06894 -0.23809
-0.60403 -0.09713 -0.01681
-0.33977 0.18530 -0.39082
0.28909 -0.11368 -0.02747
-0.06487 0.26509 -0.00371
0.28365 0.16715 0.23027
0.02603 -0.09713 -0.19707
0.76137 -0.01125 0.07460
0.88275 -0.09713 0.24754
0.09716 -0.11368 0.12821
-0.45441 -0.09713 0.00232
0.33329 -0.04315 0.37147
0.61664 0.04799 0.03208
-0.33205 -0.11339 0.30830
0.06858 -0.11368 0.19980
-0.06822 -0.09713 -0.26892
0.24334 -0.02227 0.40863
0.18782 -0.11368 -0.15521
0.45187 0.10842 0.10487
-0.67475 -0.11368 -0.17193
-0.09282 -0.11368 0.04004
0.52813 0.09135 -0.11699
0.52889 -0.11368 0.06510
0.54862 -0.05180 -0.24054
-0.48375 -0.10235 0.21060
-0.68614 -0.11368 0.14702
0.32653 -0.11368 -0.30248
-0.27963 0.00863 0.31604
-0.37233 -0.10226 -0.33561
-0.32874 0.10738 0.30879
0.39063 0.14407 -0.09580
-0.66636 -0.09713 0.19005
0.80921 -0.09713 0.08330
0.59354 -0.07806 -0.25439
0.61971 -0.09713 0.19192
-0.17951 -0.09713 -0.11940
0.87337 -0.11368 0.07539
-0.26550 0.26509 -0.08791
-0.40569 0.08416 -0.34054
-0.14504 -0.09713 -0.18033
0.15451 0.15693 -0.33311
-0.48407 0.07511 -0.36497
-0.63647 0.10470 0.07745
0.15664 0.20947 0.14232
-0.40126 0.18610 -0.25951
-0.43939 0.09550 -0.36522
0.27895 -0.09713 0.08569
-0.54032 -0.09713 -0.19771
0.12021 0.23345 -0.17717
0.18945 -0.11368 0.08313
0.93728 -0.09222 0.28091
0.77527 -0.11368 -0.03889
0.29241 0.00100 0.41724
-0.50547 0.15123 -0.05346
-0.37958 -0.09713 -0.02721
-0.46692 0.03253 -0.40786
0.48766 -0.11368 0.01787
0.56160 0.07402 -0.04439
-0.13883 -0.11368 -0.29634
0.60030 0.07719 0.21084
-0.00168 0.23358 -0.26788
-0.02876 -0.09713 0.32254
0.78738 -0.01664 -0.00853
-0.48673 0.02467 0.26248
-0.07885 -0.09713 -0.09167
0.73246 -0.11368 -0.03812
0.13970 0.20674 0.32153
0.23857 -0.11368 0.10516
-0.61958 -0.11368 -0.31671
0.48850 0.06950 0.41197
-0.36149 0.21942 -0.19188
-0.77101 -0.09713 0.15574
0.12649 -0.09713 -0.06803
-0.56141 0.14390 0.20613
0.78089 -0.09713 0.17852
-0.17378 -0.09713 0.17365
-0.08432 -0.09713 0.12374
-0.60598 -0.01587 0.28458
-0.62571 0.10439 -0.00041
-0.44006 -0.14326 0.29558
0.40994 -0.11368 0.13444
0.06920 0.22001 -0.27794
-0.71817 -0.09713 -0.05304
0.81381 -0.04126 0.23739
0.54584 -0.09713 -0.10218
-0.55080 -0.05972 0.25288
0.10415 -0.09713 0.23910
0.64290 -0.11368 0.40352
-0.12094 -0.09253 0.33947
0.94617 -0.11368 0.03891
-0.05283 0.24494 0.24405
-0.22024 -0.11368 -0.14922
0.46123 -0.09713 0.19927
-0.39200 0.04689 0.22554
0.00040 -0.09713 -0.22936
-0.50119 -0.05401 -0.44667
0.68033 -0.09713 0.11947
0.58455 -0.09713 0.41069
-0.50130 -0.02448 0.20801
-0.65945 0.18396 0.25018
0.72373 -0.00773 0.26877
0.58137 0.03904 -0.28681
-0.51221 -0.09713 0.06231
0.83109 -0.09713 -0.12542
0.35355 0.09669 0.40359
0.46030 0.09807 -0.24777
0.24098 -0.09713 0.05451
-0.73088 0.03329 0.08810
-0.38023 -0.09713 0.07853
0.30258 -0.09713 0.18155
-0.18702 0.05092 -0.38355
-0.54758 0.03765 0.20117
0.88533 -0.09713 -0.09693
0.64417 0.04195 -0.03386
-0.36310 0.05935 -0.33425
-0.29026 0.26509 -0.12247
-0.61399 -0.06813 0.19136
-0.26227 -0.11368 0.12197
0.47007 -0.11594 0.42633
-0.39771 -0.02852 -0.38134
-0.12771 -0.01900 0.33847
0.50788 -0.15473 -0.23244
-0.48420 -0.11368 -0.19503
-0.51149 0.16856 0.26900
0.45489 0.11759 -0.07388
0.31753 -0.11368 -0.13552
0.53898 -0.06055 -0.21524
