-0.30705 -0.03655 -0.15117
0.16583 0.87509 0.39471
-0.32103 -0.62961 0.46438
0.03834 -0.63729 -0.56979
0.36733 -0.66388 0.41639
0.56257 -0.64235 -0.26736
-0.55946 -0.66053 -0.25418
0.00097 0.87223 0.41910
-0.17199 0.20419 0.22266
0.01679 -0.63351 -0.02041
0.29277 0.06256 -0.02962
0.33708 -0.14802 -0.19736
-0.36971 -0.16266 -0.28091
0.29779 0.42491 0.25458
0.04614 -0.17985 0.21722
0.04783 0.04108 -0.43854
-0.06493 0.84225 0.30341
-0.05327 -0.47409 0.06980
-0.10490 0.05387 0.09908
-0.25331 -0.51334 -0.15350
-0.32703 0.54029 0.25238
0.13600 -0.45454 0.17479
0.00522 -0.24822 -0.16469
0.24727 0.06615 0.30031
0.15012 -0.04435 -0.07748
0.08300 0.19759 0.23217
-0.02010 -0.49831 -0.31836
0.24289 -0.44989 -0.12393
0.30533 -0.03831 -0.33473
-0.00240 0.51752 0.21350
-0.04942 -0.05067 -0.33850
0.03653 0.04119 0.19434
-0.24539 0.05106 -0.42726
0.30678 0.72590 0.29849
-0.08890 -0.00458 0.33547
-0.18175 -0.09318 0.06564
0.06792 0.04966 -0.19743
0.22888 0.05661 -0.04566
-0.29520 0.85962 0.38406
-0.26172 -0.51134 0.28266
0.29850 -0.03715 0.17424
-0.16367 0.05309 -0.13804
-0.00412 -0.10071 -0.20463
-0.05741 -0.40600 -0.08113
0.03647 -0.18801 -0.04733
0.18036 -0.04399 -0.11770
-0.21414 -0.09102 -0.34352
-0.30425 0.05997 0.04793
0.00077 -0.01236 0.34110
0.39402 -0.53396 -0.15513
-0.03997 0.34971 0.22771
-0.33023 0.32123 0.21975
-0.31106 0.07201 0.27378
-0.58594 -0.64448 -0.21002
-0.16872 -0.16770 -0.26726
-0.23240 -0.08472 -0.25905
0.00729 -0.04416 0.04671
0.35347 0.20619 0.20666
-0.02158 -0.45070 0.02800
0.29487 -0.51477 0.32596
0.26541 0.05732 -0.32458
0.14345 -0.10609 -0.39562
0.09774 0.33187 0.20620
0.15591 0.36625 0.17816
-0.16612 0.56235 0.22485
0.09677 0.70582 0.26214
-0.24755 -0.01866 0.20229
-0.06236 -0.04708 -0.16463
0.19611 -0.08917 0.10306
0.16764 -0.17273 -0.26920
-0.32947 0.75407 0.29385
-0.45378 -0.53185 -0.17718
-0.01736 -0.53446 -0.45510
0.34525 0.04690 -0.23129
-0.32308 0.06073 -0.26293
-0.00731 0.08825 0.22360
-0.02737 -0.09446 0.17091
0.20475 0.52348 0.21500
0.26287 0.05566 -0.39219
0.02194 0.04878 0.28064
0.18930 0.86260 0.32236
-0.32056 0.14217 0.24870
-0.00862 -0.10462 -0.04608
0.28826 -0.03768 -0.02709
0.20883 -0.09003 -0.22129
-0.24697 0.39041 0.18290
-0.21904 0.18986 0.22568
-0.04108 0.04217 -0.42662
0.30079 0.56815 0.27468
-0.10663 0.04872 -0.30334
-0.02801 -0.15394 -0.34111
0.10711 -0.04369 0.10488
-0.08911 -0.49501 0.03471
-0.01435 -0.06017 -0.47291
0.01974 -0.29722 -0.01704
0.32838 0.04270 0.08049
0.21338 0.10064 0.29266
0.00945 0.19778 0.23386
0.20279 0.05394 0.14363
-0.32878 -0.66334 0.36681
-0.17685 -0.51300 0.16077
-0.16019 0.73116 0.26888
-0.01566 -0.67341 -0.62444
0.01488 0.05209 -0.04093
-0.09098 -0.18028 -0.01904
0.02682 -0.48725 -0.15346
-0.20364 -0.08817 0.01062
0.11156 -0.47643 0.06243
-0.10659 -0.04960 -0.34492
0.11382 0.86858 0.33664
0.12106 -0.04790 -0.27635
0.28318 -0.65552 0.40287
-0.06612 -0.10753 0.25119
0.10071 -0.41358 -0.06508
-0.15088 0.08337 0.26368
0.16582 -0.09346 -0.12417
-0.09098 -0.22647 -0.06521
-0.22379 0.85556 0.31547
-0.12806 -0.49489 -0.06394
0.21052 0.24708 0.17359
-0.32607 0.05701 -0.11025
0.14853 0.08311 0.22710
0.09730 0.05371 0.05272
-0.33121 -0.03514 -0.35650
0.07353 0.04762 -0.30757
0.30701 -0.53669 0.39453
-0.04989 0.70239 0.26123
0.30593 -0.06346 -0.18818
0.22537 0.05513 -0.19382
-0.14834 0.87862 0.40216
-0.12772 -0.09839 -0.11124
0.04538 -0.18487 0.05993
0.24340 -0.04883 -0.46571
0.51534 -0.53662 -0.19977
-0.15803 -0.05314 -0.47624
-0.27539 -0.13572 -0.19325
-0.07293 -0.17591 0.13582
-0.10752 0.00423 0.21506
-0.10537 -0.04658 -0.17962
-0.00834 -0.04608 -0.08481
-0.00552 -0.49983 -0.00680
0.34432 0.33886 0.17908
-0.30408 -0.03606 -0.02444
-0.09098 -0.18514 -0.23013
0.15996 -0.04935 -0.47769
0.25816 -0.07398 0.05709
-0.31037 -0.57591 0.41761
-0.16364 0.05426 -0.02481
-0.11798 -0.04392 -0.01494
0.10307 0.04104 0.32659
0.06424 -0.12396 -0.34145
0.32903 0.10085 0.22625
0.07545 -0.12899 0.33706
0.09404 -0.17200 -0.18111
-0.03226 0.05342 0.10884
0.34664 -0.18163 -0.29076
0.21779 0.39934 0.18465
0.23575 -0.51911 0.24099
0.09404 -0.22418 -0.07791
0.10406 -0.10084 0.00187
-0.32042 0.23456 0.17502
-0.33547 0.43789 0.22842
-0.25672 0.05830 0.10695
0.15018 -0.01816 0.21270
0.29396 0.32200 0.22667
0.06409 0.44761 0.19611
0.13453 0.60145 0.23488
0.31040 0.84742 0.35166
-0.12758 -0.04377 0.13253
-0.05956 0.23450 0.17480
-0.16191 0.31836 0.17217
-0.12043 0.57307 0.22760
-0.22158 -0.08448 -0.13304
-0.27701 -0.17925 -0.30602
-0.33749 -0.03459 -0.41352
0.05433 -0.04791 -0.20158
0.01849 -0.51463 -0.56797
-0.29961 0.63962 0.28427
0.35194 -0.00829 -0.39691
0.13317 -0.49939 -0.11608
-0.04628 0.04972 -0.18278
0.22643 -0.04327 -0.24639
0.06135 -0.04531 0.21392
0.04608 0.88517 0.44103
0.02166 -0.51644 -0.41011
0.01409 0.75631 0.27561
-0.27339 -0.03884 -0.05271
-0.29546 0.06302 -0.06918
-0.06835 0.42148 0.18992
-0.32666 -0.03434 0.11033
-0.05328 -0.41733 0.05520
-0.20141 0.05347 -0.25240
-0.13925 -0.09679 -0.24869
0.50852 -0.64726 -0.17448
0.12477 0.05266 -0.07975
0.07355 -0.11209 0.12089
-0.29980 -0.06592 -0.25604
0.34246 0.50195 0.21199
0.32004 -0.51914 -0.12944
0.29145 -0.51981 -0.16391
-0.02107 -0.43198 -0.22527
0.35596 0.00831 -0.09273
0.20210 0.69701 0.25980
-0.00121 -0.53814 -0.08017
0.02248 0.33070 0.17313
0.25652 -0.08419 -0.37349
0.12732 -0.04595 -0.16092
-0.23693 0.09458 0.21956
-0.21128 -0.04589 -0.35802
0.25953 0.12119 0.28150
-0.20264 -0.52288 0.26677
-0.48773 -0.60062 -0.22260
0.04374 -0.10787 0.22485
0.03876 -0.21561 -0.27392
-0.01355 -0.41747 -0.16395
-0.13457 0.42295 0.19027
0.21413 -0.04170 -0.00085
0.22258 -0.08271 0.13658
0.23600 0.28611 0.17116
0.12659 0.04948 -0.29267
-0.04026 -0.15139 0.33017
0.09572 -0.10006 -0.09401
-0.12223 -0.10109 -0.35938
0.02554 0.62802 0.24170
-0.24731 0.76213 0.27716
-0.17674 0.28171 0.17135
-0.35469 0.02808 -0.23414
-0.02652 -0.09963 -0.28025
-0.35017 -0.48702 -0.14123
-0.06199 -0.10763 0.05127
0.24084 -0.07975 -0.09057
0.20862 -0.04334 0.17501
0.06853 -0.04450 0.00045
0.02485 -0.46842 -0.25105
0.15935 0.28978 0.20155
0.05847 -0.05175 -0.37929
-0.20918 -0.03290 -0.47361
-0.22983 0.07161 0.30236
-0.06960 -0.00858 0.28979
-0.08128 0.05248 -0.05120
-0.00286 -0.58734 -0.64481
0.25028 0.04963 0.17172
-0.24605 0.55688 0.22345
0.20515 -0.04523 -0.31821
0.00308 -0.32533 -0.08881
-0.03949 -0.21898 -0.25724
-0.19283 -0.43843 -0.11139
-0.31491 0.06241 -0.35874
0.24205 0.05770 0.06549
-0.12683 0.81613 0.29038
-0.02447 -0.04927 -0.26434
0.15728 0.04367 -0.44224
-0.13007 -0.10675 0.16288
-0.19101 -0.04296 0.13381
0.04874 -0.41968 0.05967
-0.24217 0.29232 0.21269
-0.19740 -0.04377 -0.15800
-0.32389 -0.52175 0.37645
0.31161 0.06273 -0.11987
-0.27319 -0.07678 -0.35758
-0.20658 0.13396 0.19939
0.24611 -0.14870 -0.28371
0.01950 -0.51400 -0.51736
0.25672 0.05677 -0.28200
-0.12804 0.04362 -0.43798
0.22812 0.18342 0.22916
0.10994 -0.09709 -0.25688
-0.02679 -0.09023 -0.39582
0.24841 0.79711 0.28576
0.48108 -0.62568 -0.24219
-0.08688 0.18555 0.23880
0.32496 -0.58247 0.44477
-0.06464 0.08531 0.29462
-0.23302 -0.04727 -0.42225
-0.02745 -0.25577 -0.12366
0.06627 -0.04235 -0.48449
0.15010 0.21517 0.17742
0.23902 0.12068 0.20536
-0.06087 -0.04451 0.15321
-0.25557 -0.03941 0.06492
0.31121 0.64579 0.25395
-0.24445 0.05706 -0.17084
-0.02773 -0.10233 -0.12480
0.32853 -0.61897 0.34805
-0.05032 -0.17985 0.21671
0.07659 -0.06679 0.32469
-0.11899 -0.44017 0.12662
0.19180 -0.50098 -0.08491
0.09404 -0.20847 -0.01527
0.04149 -0.44205 -0.05496
-0.38266 -0.53411 -0.19269
-0.31855 0.84994 0.31853
-0.11820 0.13967 0.19713
-0.04775 0.05099 -0.11330
0.12344 0.05193 0.15501
-0.02403 -0.37513 -0.01472
0.01722 -0.10759 0.03723
-0.02807 0.04563 -0.35779
-0.28040 -0.64593 0.38355
-0.16778 0.05051 0.16985
0.18726 -0.09477 -0.31713
-0.09098 -0.14965 -0.10823
-0.02996 -0.08345 0.35222
0.43607 -0.51468 -0.20767
0.19885 -0.04206 0.09283
-0.24677 0.67023 0.25275
-0.50376 -0.65657 -0.18975
-0.01602 -0.23559 -0.01781
0.32045 -0.05504 -0.26144
-0.10528 0.66279 0.25079
0.16689 0.47070 0.20182
-0.10053 -0.05434 -0.44094
-0.06583 -0.41110 0.01332
0.03295 0.84113 0.30239
-0.34853 0.01874 -0.02159
0.11495 0.04191 0.27413
0.08718 0.26435 0.17224
-0.05773 -0.18527 0.04543
-0.13652 -0.09653 -0.18681
-0.19454 -0.04282 -0.06501
0.03241 -0.40592 -0.07442
0.12672 -0.08183 0.17091
-0.19243 0.65319 0.24827
0.00947 -0.03948 0.29256
-0.21423 0.36089 0.20596
-0.10940 -0.10133 -0.02069
0.35189 -0.00515 -0.00494
-0.25777 0.05892 -0.01704
-0.02504 -0.01756 0.21609
0.07860 0.53425 0.21770
0.18327 -0.46956 0.23553
-0.19397 -0.09125 -0.08298
-0.35585 -0.00912 -0.09509
-0.02287 -0.57789 -0.59569
-0.23506 -0.07908 0.14481
-0.18191 -0.04521 -0.23172
0.24302 -0.08090 -0.20247
0.34807 0.04543 -0.32594
0.12217 0.79101 0.28437
-0.55641 -0.58072 -0.23061
0.28744 0.16712 0.18823
0.23261 0.87718 0.42007
0.00800 0.04719 -0.28973
0.13586 -0.09528 -0.21155
-0.28247 0.18653 0.20936
-0.16785 0.50588 0.21058
-0.14373 -0.04665 0.21017
0.24012 0.06434 0.25265
0.16731 0.09191 0.30202
0.57955 -0.59276 -0.20593
0.03029 -0.18227 0.14842
-0.09753 0.09220 0.22098
0.29205 -0.03787 -0.10435
0.23157 -0.52849 0.30093
-0.13132 -0.45075 0.17267
-0.21495 0.05297 -0.34408
-0.27439 0.47412 0.20268
0.03258 -0.05007 -0.30468
0.13721 -0.44130 0.12170
0.16731 0.16850 0.18753
0.09404 -0.13455 0.03418
-0.11083 0.05056 -0.20703
0.33470 0.00360 0.11505
0.17820 -0.09264 -0.04319
0.17705 0.05029 -0.36457
0.04548 0.14946 0.19343
-0.26856 -0.04129 -0.29972
0.28521 0.24104 0.22234
0.09404 -0.14858 -0.07252
-0.02247 -0.49703 -0.20446
-0.30970 0.01256 0.15919
-0.09098 -0.16564 -0.30466
0.28400 -0.03778 0.03173
-0.10688 -0.41642 -0.07523
0.17729 0.05475 0.02262
0.36345 -0.00923 -0.28657
-0.18528 -0.04582 -0.28329
-0.00716 -0.60769 -0.07741
-0.08590 0.33040 0.17309
-0.49155 -0.54217 -0.22569
0.21237 -0.04784 -0.42038
-0.33248 0.38434 0.18181
-0.15742 0.02167 0.32148
0.35112 0.40587 0.20201
-0.30384 0.41488 0.24940
-0.07558 0.87381 0.41306
-0.32532 0.02576 0.12459
0.07826 -0.10016 -0.17603
-0.37060 -0.61711 0.39939
0.07113 -0.04575 -0.08578
-0.21019 -0.16716 -0.26686
0.18084 -0.50068 0.16210
0.14155 -0.04334 0.04198
0.19648 0.05431 -0.12316
0.07474 -0.16442 -0.10976
0.29480 0.50587 0.25309
0.18188 -0.43558 -0.11633
0.09516 -0.50443 0.12089
0.28441 0.34195 0.17453
-0.02719 -0.44604 -0.01687
-0.10906 0.00737 -0.48157
0.00706 0.05319 0.03838
0.01428 0.26875 0.20891
-0.36190 -0.01271 -0.29355
0.27159 -0.03961 -0.14933
-0.22266 -0.50253 -0.09689
0.36094 -0.01995 -0.16542
0.33856 0.04076 0.00256
0.03917 -0.53016 -0.03027
-0.14534 0.04905 -0.35824
0.29237 -0.03731 0.09815
-0.10070 0.05359 0.02070
-0.26483 -0.07374 -0.18595
-0.15719 -0.04412 -0.08414
-0.00352 0.38955 0.18273
0.02971 -0.16914 0.29937
0.28167 0.06054 -0.18542
0.09727 0.26117 0.20849
-0.27909 -0.46104 -0.15469
-0.06681 -0.04367 0.08060
0.32168 -0.02018 -0.43788
0.20779 0.32889 0.21355
-0.19992 0.05558 0.05646
0.09404 -0.17315 -0.25113
-0.04922 0.04932 0.17624
0.04216 -0.04441 0.14104
-0.24888 -0.51047 0.32774
0.02546 0.05920 0.33049
-0.01470 -0.46752 -0.08608
0.04543 -0.10019 -0.24965
0.08599 -0.05552 -0.44936
-0.29366 0.26007 0.23786
-0.22609 0.04038 0.18884
-0.03500 -0.18953 -0.09912
0.01955 -0.46388 -0.35974
-0.09658 0.49705 0.20838
0.30156 0.05586 0.11296
-0.33888 0.60726 0.25917
-0.07378 -0.06854 0.31490
-0.04374 0.60298 0.23527
0.23351 0.03167 -0.45964
-0.09098 -0.12286 -0.27316
0.36667 -0.57901 0.39811
0.07707 0.05328 0.01579
0.18069 -0.09223 0.04470
0.25292 0.58251 0.23001
0.19237 0.05217 -0.29968
0.31680 0.27033 0.19282
-0.28098 0.09696 0.21855
-0.08870 -0.22189 -0.14192
0.09148 -0.48760 -0.05012
-0.32961 0.68057 0.25547
-0.23192 0.87904 0.40029
-0.01902 -0.04476 -0.00824
-0.25319 0.05631 -0.31523
0.14427 0.65306 0.24824
0.16227 0.05211 -0.20223
0.06093 -0.22357 -0.20867
-0.12119 0.22414 0.17615
0.06357 -0.43087 -0.00816
-0.10136 -0.04782 -0.25053
-0.33975 -0.03277 -0.21603
-0.12692 0.05294 -0.07151
0.02117 -0.10773 0.12225
-0.07188 -0.13418 0.19188
0.02051 0.04883 -0.21243
-0.13783 -0.47652 -0.11858
-0.29888 -0.03534 -0.45164
-0.16176 -0.04963 -0.40022
0.08124 -0.04963 -0.31597
0.04251 -0.64163 -0.63625
-0.05014 0.04840 -0.25369
-0.31321 0.06294 -0.18754
0.02537 0.05043 -0.13122
0.32460 0.79420 0.28991
-0.27452 0.32300 0.17240
0.01329 -0.05408 -0.42034
0.25670 0.19497 0.18151
-0.05255 0.54806 0.22120
-0.05259 -0.10770 0.11351
0.05574 -0.00161 0.33881
-0.28144 -0.06798 0.01642
-0.07985 -0.04578 -0.10261
-0.31410 -0.14161 -0.25937
-0.22863 -0.04298 -0.20260
-0.34783 0.16923 0.19360
-0.02889 0.01548 -0.47975
0.03690 -0.36089 -0.02692
0.07079 -0.10312 -0.39582
0.26846 -0.07694 -0.30173
-0.20427 0.03383 0.27012
0.02880 -0.25622 -0.08483
0.12086 -0.04420 -0.01999
-0.27998 0.13776 0.26982
-0.31721 0.49864 0.25151
-0.35557 0.01647 -0.15563
-0.25025 0.22591 0.17590
-0.03619 -0.29722 -0.06062
0.34652 0.15836 0.19872
0.28650 0.40242 0.18538
0.05546 0.04553 -0.37388
0.17250 0.02784 0.27810
0.26864 0.50321 0.20991
0.35280 -0.51078 -0.18247
0.04040 0.35525 0.22863
-0.09798 -0.50589 0.12870
0.03747 -0.04689 -0.13721
0.30509 0.36721 0.24455
0.25836 -0.04295 -0.36562
0.04768 -0.48897 0.05826
-0.19044 -0.04210 0.03683
-0.33851 -0.18978 -0.31284
-0.13522 0.08529 0.31832
-0.02331 -0.54909 -0.02793
0.06533 0.05338 0.11480
-0.02314 -0.20979 -0.30329
-0.14391 -0.09912 0.01357
0.35453 -0.03096 -0.22368
-0.34501 -0.00020 0.04229
0.08408 -0.01507 0.29232
0.13833 -0.04467 0.15891
0.10192 0.04509 -0.41110
-0.15616 0.85663 0.31644
0.00605 -0.10553 0.26062
0.52861 -0.57692 -0.25348
0.21011 -0.04166 0.05393
0.34314 0.28621 0.20575
0.12843 -0.05010 -0.38823
-0.10831 0.05198 0.15519
0.10435 0.11645 0.20744
0.17271 0.77809 0.28130
-0.19990 0.43694 0.19359
0.33935 -0.65038 0.45299
-0.22919 0.05645 -0.09110
0.08438 -0.04811 -0.24225
0.00573 -0.18084 0.02376
0.07463 -0.15427 0.11862
0.00909 0.21605 0.17729
-0.29575 0.57932 0.24307
-0.03832 0.29265 0.20669
-0.18858 -0.09106 0.12767
-0.19123 0.05345 -0.20016
-0.07900 -0.46309 -0.04701
-0.27498 -0.03935 0.14028
0.08037 -0.46141 -0.10002
-0.29928 -0.03698 -0.10429
0.16297 -0.04569 -0.21863
0.32759 0.69040 0.25805
-0.00238 -0.18398 0.09018
-0.49384 -0.64562 -0.25493
0.36406 -0.02141 -0.35767
-0.27826 0.81788 0.31551
0.26663 0.69787 0.26003
0.09589 0.01329 0.21312
0.00405 -0.04406 0.11253
0.12186 -0.09984 -0.32429
-0.07616 0.78437 0.28282
0.11346 0.05143 -0.14727
0.16136 0.19531 0.22835
-0.11239 0.03796 0.27761
0.25945 -0.03977 0.11601
-0.16951 -0.46825 0.22303
0.02729 -0.43620 -0.12534
0.20879 0.01302 0.20675
0.02798 -0.10130 -0.32027
0.05202 0.08637 0.27649
-0.01594 -0.53586 -0.52561
-0.09098 -0.16428 -0.16433
-0.01832 -0.48127 -0.40557
-0.10745 -0.42976 0.08053
0.02819 0.00054 -0.48559
-0.07621 -0.45766 -0.09981
-0.21921 0.59593 0.23343
0.26719 0.85058 0.31078
0.32452 0.05859 -0.37290
0.03940 -0.18272 -0.33125
0.03991 -0.04867 -0.23892
-0.34039 0.29234 0.17118
-0.29780 0.69433 0.25909
-0.31185 0.05071 -0.41156
-0.02087 -0.46282 -0.28069
-0.23904 -0.07891 0.06720
0.19307 0.61118 0.23735
0.00311 0.86376 0.32513
0.33699 0.57077 0.22698
-0.33644 -0.52394 -0.17869
0.01741 0.67828 0.25487
-0.18873 0.78838 0.28375
0.09235 -0.21884 -0.15520
-0.04347 0.22968 0.21854
-0.05183 0.12832 0.20189
0.07823 0.05268 -0.03406
-0.05252 -0.10014 -0.23938
-0.03008 0.04150 0.28175
-0.12394 -0.04323 0.07750
0.03811 -0.18987 -0.11074
-0.07229 -0.15239 0.06963
0.07471 -0.16072 -0.01422
0.03360 -0.10309 -0.10049
-0.26082 -0.16689 -0.25962
-0.07627 -0.10068 -0.16289
0.31782 0.44765 0.20869
0.07440 -0.13582 0.26586
0.19956 -0.10085 -0.38466
-0.01954 0.45785 0.19863
0.30469 0.65036 0.28484
0.05999 -0.08939 0.17091
-0.18047 -0.09495 -0.29317
0.27992 0.02500 -0.45688
-0.07196 -0.14023 -0.05480
-0.15538 -0.04772 -0.32865
0.09132 -0.09538 -0.03677
0.17529 0.05457 0.09101
0.19389 0.30221 0.17159
0.11766 -0.10375 0.11248
-0.25772 0.05776 -0.23194
-0.28740 -0.06468 0.11925
-0.07244 -0.13378 0.30509
-0.26692 0.85934 0.31863
-0.06067 0.05306 0.00817
-0.30669 0.43593 0.19335
0.28505 -0.47152 -0.11728
-0.24896 0.04229 0.27778
-0.31956 -0.61310 0.35392
-0.19403 0.10137 0.27448
-0.20486 0.24903 0.21741
0.14881 -0.04824 -0.34525
0.06368 -0.10767 0.06362
0.01778 -0.13069 0.34333
-0.22369 0.25443 0.17297
-0.23851 -0.45185 -0.10240
-0.07879 0.05856 0.32612
0.27849 0.15148 0.25084
0.31392 -0.01212 -0.03394
-0.40266 -0.51491 -0.15944
0.52766 -0.57724 -0.18757
0.27356 0.85845 0.38498
0.09993 0.16966 0.18721
0.28439 0.59871 0.25280
0.12860 -0.09953 0.06759
-0.07090 -0.04391 0.03387
0.08248 0.01552 -0.47876
-0.10469 0.34439 0.20779
0.06810 0.05141 -0.09879
-0.09483 -0.10343 -0.39582
-0.35589 -0.66894 0.41853
0.16156 0.53014 0.21667
0.04945 -0.04401 0.05785
0.07484 -0.16039 0.18286
-0.20692 0.05560 -0.04766
0.21264 -0.08765 -0.14432
-0.17746 0.01690 -0.47326
-0.04738 0.64894 0.24715
-0.25053 -0.07661 -0.08212
0.30009 0.26735 0.24247
-0.21258 -0.52447 0.21208
0.07663 -0.12447 -0.24665
0.33235 -0.03335 0.06598
-0.09248 0.24056 0.21355
0.05162 -0.24444 -0.03545
0.28513 0.09008 0.22276
0.11187 0.87002 0.41391
0.28823 0.79741 0.31736
0.29705 -0.58571 0.38668
0.00708 -0.10781 0.18128
-0.26704 -0.00786 -0.46567
0.08387 -0.44547 0.10601
-0.09943 0.05127 -0.14348
-0.06278 -0.05267 -0.39925
-0.20082 0.05042 -0.40444
-0.07219 -0.14830 0.01626
0.26297 -0.01705 0.19780
0.12963 0.00014 -0.48205
0.05406 0.49809 0.20863
-0.30200 -0.05306 0.05580
-0.31886 -0.01368 -0.19703
0.15117 -0.49595 0.11944
0.33859 -0.03281 -0.07598
0.27636 0.05959 -0.22785
0.02383 -0.45548 -0.30152
0.26115 0.27032 0.19903
0.02392 -0.49624 -0.29705
-0.03841 -0.62150 -0.63605
-0.01921 -0.51097 -0.36171
0.14631 0.05376 -0.02697
0.08615 0.63383 0.24321
-0.14095 -0.16412 -0.30252
0.03398 -0.10603 -0.00756
0.15735 -0.50223 0.20296
0.28763 0.08616 0.28014
-0.04443 -0.17196 0.28637
0.08799 -0.18605 -0.30840
0.24217 -0.07894 -0.03640
-0.51789 -0.60296 -0.17766
-0.00422 0.08588 0.28115
-0.29639 0.75396 0.30730
0.28927 -0.04169 -0.40876
0.25004 0.05749 -0.13925
-0.06389 -0.40439 -0.03886
-0.18848 -0.07209 0.17377
-0.17145 0.37988 0.18083
-0.12072 -0.07399 0.17091
-0.19487 -0.09209 -0.18911
-0.03121 -0.61769 -0.56483
-0.00478 0.82471 0.29325
-0.11458 -0.10395 0.07126
-0.31629 -0.02040 -0.30961
0.22298 0.24047 0.22233
0.21861 -0.04291 -0.17228
0.02112 0.56661 0.22596
-0.29016 0.28021 0.18786
0.30063 0.06186 0.02802
-0.21526 -0.04151 0.09048
0.13166 -0.43152 -0.11563
0.04008 -0.12772 -0.20904
-0.18143 0.01308 0.20877
-0.03532 -0.36571 -0.06685
0.09268 0.04928 -0.24818
0.05717 0.37604 0.18008
0.24206 -0.04281 -0.28876
-0.05428 -0.10574 -0.01313
-0.14821 0.05418 0.06481
-0.00394 0.04981 -0.16099
-0.26554 0.14619 0.19525
-0.02493 -0.07538 0.29524
0.02378 -0.42897 -0.21229
-0.16088 0.35668 0.21190
0.09062 -0.43981 0.03238
-0.05248 0.86870 0.33693
-0.36085 0.00327 -0.34795
-0.00792 -0.04497 0.16097
0.30105 0.02574 0.16580
0.15801 -0.45632 -0.07313
0.56248 -0.65692 -0.18735
0.26520 -0.06161 0.16496
0.16554 0.04518 0.18503
0.01127 -0.48541 -0.45075
-0.23735 -0.07859 -0.38980
0.15184 0.86780 0.43473
0.13078 -0.09701 -0.07360
-0.34441 0.04781 -0.30921
-0.08223 -0.08756 0.17091
-0.29633 0.35324 0.19717
-0.04796 -0.23517 -0.17899
0.32200 -0.47052 -0.16263
-0.00539 0.16182 0.18932
0.04228 -0.60416 -0.61547
0.28142 -0.03934 -0.20489
-0.02576 -0.31229 -0.01590
-0.05161 -0.24375 -0.03191
-0.10878 -0.09835 -0.28644
0.02518 -0.44595 -0.01404
0.19832 0.08445 0.22618
-0.16808 -0.51659 0.22115
-0.07920 -0.12779 -0.20903
0.30722 -0.14807 -0.26900
0.34556 -0.67252 0.37720
-0.35218 0.27292 0.19573
0.11617 0.39248 0.18330
0.11375 0.46312 0.19994
-0.22452 0.49665 0.20827
-0.32278 -0.20126 -0.27425
-0.06785 -0.02341 -0.48566
-0.17229 0.04601 -0.43465
-0.29689 0.20625 0.24860
-0.03048 0.34029 0.17439
-0.07842 0.16071 0.18967
-0.01491 0.05138 -0.07842
-0.00077 -0.17750 0.24138
0.32120 -0.01241 -0.19498
-0.08162 0.37736 0.18034
-0.03307 0.03974 0.33178
-0.03468 0.78489 0.28294
-0.09145 0.27857 0.17149
0.26961 0.05956 -0.08633
-0.05687 -0.04815 -0.22072
0.49181 -0.56118 -0.22463
0.01610 -0.57819 -0.56946
0.14382 0.73342 0.26949
-0.24953 -0.07643 -0.02760
0.20612 0.04964 -0.41771
-0.34624 0.22608 0.20971
0.20697 0.28645 0.21890
-0.03978 -0.50541 -0.05226
0.24428 -0.48313 0.26229
0.11841 -0.04558 -0.11733
-0.14903 -0.04503 -0.14011
-0.18385 0.87228 0.42997
-0.09636 -0.04896 -0.30406
-0.18667 0.08071 0.22873
0.06451 0.21774 0.17705
-0.25887 -0.04134 -0.24480
0.23852 -0.04158 -0.12928
-0.44056 -0.50071 -0.19999
0.06607 0.33231 0.17334
-0.02448 -0.04783 -0.18954
-0.23687 -0.49124 0.24697
-0.29918 0.51704 0.21338
0.37456 -0.60674 0.43137
-0.14736 -0.42533 -0.07279
-0.04372 -0.02170 0.34304
-0.16151 -0.10598 -0.39396
0.20589 0.82167 0.29220
0.05827 -0.23993 -0.14668
-0.12566 0.61452 0.23820
0.12502 0.09360 0.27063
-0.21102 0.05451 0.14029
0.27994 -0.07195 -0.23201
-0.30998 0.06087 -0.01681
-0.29783 0.30319 0.24202
-0.24900 -0.04108 -0.14533
-0.30300 -0.53128 0.34193
-0.02395 -0.44990 -0.12719
0.07855 -0.47674 0.01512
0.20871 -0.52256 0.20214
-0.00099 -0.57951 -0.01604
-0.22794 -0.04423 -0.30188
-0.15151 0.05365 0.11932
-0.02320 0.00000 0.28802
-0.07317 -0.11403 0.34520
0.00982 -0.23323 -0.21937
-0.02274 -0.10757 0.00225
-0.05275 0.48684 0.20584
-0.25242 0.05855 0.05925
0.27411 0.75818 0.27611
-0.31829 -0.01653 -0.25976
-0.25366 0.10936 0.28539
0.34766 0.03381 -0.04871
-0.18198 0.22310 0.17629
-0.25723 0.05581 -0.37268
0.29781 -0.02143 -0.36759
-0.13764 0.37161 0.17921
-0.53640 -0.61844 -0.26884
-0.07249 -0.15308 0.25404
-0.27428 -0.04300 -0.39807
0.34732 0.04204 -0.17932
0.20998 0.03053 0.31205
0.09626 0.04740 -0.34133
0.33907 0.43939 0.22709
0.03175 -0.40792 0.02382
-0.28594 0.05008 0.14961
-0.31727 0.12415 0.20477
0.19762 -0.04271 -0.05683
0.14158 0.84770 0.30835
-0.00301 -0.40326 -0.09961
-0.19198 -0.04238 -0.01377
-0.07347 -0.04693 0.20081
-0.06668 -0.10436 -0.05129
-0.00893 -0.18098 0.19180
0.32358 0.06119 -0.27618
0.32914 0.02839 -0.42225
-0.14386 0.09977 0.21647
0.09404 -0.10808 -0.29354
-0.17942 -0.09393 -0.03470
0.19934 -0.50086 -0.13605
-0.34585 -0.03150 -0.05142
-0.06108 -0.21931 -0.21768
0.18848 -0.04714 -0.37416
0.24964 0.65477 0.24869
-0.02133 -0.50776 -0.25841
-0.50906 -0.51857 -0.19777
-0.17605 -0.45650 0.17025
-0.11595 -0.04454 -0.05726
-0.23397 0.71458 0.26446
-0.08039 -0.09933 -0.33069
-0.14413 -0.48885 0.11379
-0.02285 -0.45349 -0.18673
0.13003 -0.09636 -0.16071
-0.24578 -0.04086 -0.09520
-0.01386 -0.49356 -0.48532
-0.30101 0.79616 0.29555
-0.19172 0.31005 0.20659
0.13939 0.25905 0.17263
-0.31918 0.36652 0.23358
0.08428 0.58148 0.22977
0.11580 0.08398 0.31477
-0.26164 -0.03952 0.11182
-0.02424 -0.18283 0.12866
-0.31410 -0.47702 -0.17192
-0.08680 -0.10081 -0.13030
-0.11602 -0.10491 0.11402
0.00186 -0.10404 -0.36868
-0.18910 0.05214 -0.30083
0.06261 0.86735 0.33371
0.09247 0.83022 0.29516
0.31013 -0.04115 0.00497
-0.33279 0.50417 0.21015
-0.17595 0.07594 0.31254
0.29686 0.13559 0.21735
-0.23434 0.33210 0.17331
-0.30632 -0.06207 -0.06206
0.01748 -0.09278 0.35300
-0.00786 -0.18783 -0.04118
0.17124 -0.09800 0.15934
-0.23069 -0.46309 -0.14668
0.22496 0.05665 0.00456
0.17720 -0.04608 -0.28468
-0.31958 0.68168 0.28416
0.29873 0.22879 0.17600
0.05754 0.78035 0.28188
0.02435 -0.49342 -0.08121
-0.08874 -0.21338 -0.18199
0.31872 -0.05007 -0.30506
0.32988 -0.03391 -0.13411
0.04592 -0.07736 0.29428
-0.54794 -0.67434 -0.19860
-0.00345 0.33189 0.20843
0.16145 0.05018 -0.33088
-0.27122 0.02372 0.18802
-0.27752 -0.60203 0.40638
-0.30386 -0.66561 0.44158
0.25789 0.24978 0.17333
-0.06007 0.04709 -0.31980
-0.34008 -0.57881 0.37827
0.07496 0.05142 0.16506
-0.33266 0.65324 0.27267
0.26385 -0.07295 0.00978
0.23453 0.84832 0.30891
0.05720 0.10373 0.21411
0.11059 -0.04218 -0.48231
0.15129 -0.09531 0.00872
-0.34266 0.04053 -0.06501
-0.05109 -0.09957 -0.31288
0.11765 -0.42996 0.07676
0.02550 -0.07407 -0.39582
-0.02090 -0.24945 -0.06958
0.09789 -0.04526 0.17029
-0.31022 0.16745 0.18879
0.28053 -0.18233 -0.29182
-0.09806 0.70936 0.26308
-0.34703 -0.17213 -0.24953
0.20151 -0.08980 -0.07630
0.29392 0.19451 0.24542
-0.19328 -0.50716 -0.13532
-0.29201 -0.54816 0.38473
0.20061 0.20284 0.17986
0.04580 0.04812 -0.26021
0.11608 0.05057 -0.20788
-0.11675 -0.05772 -0.39582
-0.02889 -0.04677 -0.12991
0.41856 -0.49295 -0.17160
0.29680 -0.06518 -0.07844
-0.00418 -0.10766 0.08204
0.04223 -0.04694 0.34748
-0.09098 -0.09635 0.02985
-0.29463 -0.03493 0.17754
0.45697 -0.52686 -0.17698
0.31280 0.84381 0.30312
0.07972 -0.04669 -0.15236
-0.19143 -0.17540 -0.30101
0.20114 0.74831 0.27346
-0.01130 0.04078 0.19477
0.04628 -0.21400 -0.00095
-0.27909 0.06084 -0.10918
0.17351 0.05403 -0.06249
0.14405 0.43036 0.19202
0.32652 0.75709 0.27566
0.16281 0.12510 0.20336
0.29130 0.53719 0.21845
-0.15312 0.18446 0.18371
0.17335 -0.05117 -0.43802
-0.35944 -0.61204 0.44377
-0.10624 0.08407 0.26748
0.22661 0.05337 -0.35149
-0.08907 0.03792 -0.45376
-0.27719 0.05449 0.24854
-0.08068 -0.46569 0.10592
0.00130 0.05275 0.00241
0.12123 -0.18121 -0.27520
0.21609 -0.01590 -0.47399
0.24157 0.34935 0.20319
0.07037 -0.41595 -0.09698
0.58549 -0.63696 -0.21794
-0.17575 0.46705 0.20092
0.20834 0.35394 0.17619
-0.09098 -0.17820 -0.06697
-0.33541 0.10385 0.25240
-0.06443 -0.13096 -0.33866
0.07102 -0.17445 0.27359
-0.02286 -0.40799 0.02863
-0.05755 -0.18644 -0.32179
0.12886 -0.49963 0.16535
-0.30618 -0.02621 0.01925
-0.26591 -0.07294 -0.12364
0.20505 -0.46565 0.19959
-0.32817 0.01384 -0.42729
0.32779 0.21534 0.17859
-0.02199 -0.56530 -0.06876
0.25928 0.05833 0.10885
-0.33971 0.33693 0.17904
0.34841 -0.01457 0.03857
0.20111 -0.08914 -0.00414
0.54786 -0.61395 -0.18260
-0.05953 -0.20109 0.01056
0.02647 -0.62813 -0.06535
-0.01341 0.26222 0.17240
0.37388 -0.48810 -0.14815
0.33833 0.24142 0.21578
-0.18467 0.05412 -0.09694
0.03243 -0.67318 -0.59819
0.27125 -0.50512 0.29201
0.32044 0.36863 0.17881
-0.15692 0.03565 0.27330
-0.34474 -0.03184 -0.12899
-0.06354 -0.18775 -0.03878
-0.30616 0.62750 0.25053
-0.14582 0.05419 0.01962
0.10824 0.05346 0.11877
0.15936 -0.09448 -0.24722
-0.01550 0.04837 -0.23595
0.48833 -0.51803 -0.22345
0.50072 -0.66452 -0.22849
-0.02919 -0.42875 -0.07589
-0.29507 0.45682 0.25538
-0.23216 0.81841 0.29107
0.09732 -0.04518 -0.06992
0.03385 -0.04620 -0.09683
0.09404 -0.12708 -0.16221
0.04230 -0.04512 -0.03430
-0.01502 -0.54383 -0.57039
-0.23571 0.17828 0.18500
0.30551 -0.61868 0.43873
0.21509 0.44324 0.19507
-0.25717 -0.03930 0.02143
-0.23041 -0.08602 -0.30409
-0.23243 0.07275 0.25150
-0.10982 -0.47086 0.06446
-0.16842 -0.09462 -0.13017
0.32597 0.09491 0.26296
-0.01322 -0.05256 -0.38437
0.07458 -0.15432 0.06897
-0.20502 -0.04300 -0.11367
-0.26174 0.86268 0.36081
-0.52283 -0.58063 -0.26043
-0.04484 -0.10378 -0.07221
-0.08166 0.05363 0.06076
-0.29921 -0.03785 -0.22605
-0.23776 0.05546 -0.27317
0.02349 -0.45171 0.02648
-0.00548 -0.05075 -0.32443
0.04228 -0.32410 -0.04396
-0.26493 0.26712 0.19057
0.15175 0.02082 0.31636
0.28546 0.06151 0.06897
-0.14673 -0.04580 -0.19516
-0.14403 0.05189 -0.17820
0.05895 0.66740 0.25201
-0.00225 0.05261 0.14138
0.20766 0.15288 0.19229
-0.51953 -0.57429 -0.20695
0.07899 -0.16951 0.02883
0.07458 0.87156 0.41650
-0.19357 0.69743 0.25991
0.02644 0.42533 0.19082
-0.07735 0.03693 0.19880
-0.57201 -0.60197 -0.19535
-0.03933 0.86895 0.43709
-0.29673 0.73072 0.27692
-0.02874 -0.10118 -0.16655
-0.24286 0.12454 0.23535
0.18586 0.05262 -0.23901
0.26743 -0.07322 -0.12419
0.09404 -0.19652 -0.21411
0.32279 -0.03546 0.12949
-0.26768 0.43220 0.19247
0.04725 -0.00104 0.28837
0.10598 -0.05001 -0.36070
-0.26366 -0.51075 -0.11115
0.11851 0.52311 0.21491
-0.07735 -0.04463 -0.02978
0.01928 -0.20893 -0.30761
-0.36805 -0.20212 -0.27653
0.19411 0.01907 -0.47106
0.35634 0.03131 -0.26995
0.02270 0.04418 -0.39613
0.03850 -0.10783 0.18230
-0.28845 0.38937 0.21940
-0.33543 0.04026 0.02612
0.35896 0.02486 -0.36083
0.28750 0.67686 0.25449
0.08085 -0.44293 -0.04637
0.02252 -0.51841 -0.36710
0.20000 0.06600 0.31021
0.17538 -0.04370 0.14085
-0.30289 0.21849 0.20349
0.28553 0.29695 0.19409
-0.15546 0.77429 0.28031
0.29822 0.05418 -0.41576
-0.29596 0.54196 0.26994
0.00418 -0.34000 -0.00605
-0.29219 -0.02617 0.12103
0.07422 0.03763 0.27776
0.23801 -0.08553 -0.33751
0.33678 0.60777 0.23646
0.12033 0.05375 0.01755
0.26853 0.43570 0.19328
-0.12966 0.22145 0.21827
-0.05586 0.08988 0.22249
-0.33100 0.03840 0.07208
-0.07196 -0.13807 0.10992
-0.12350 0.04704 -0.39395
-0.07197 -0.13746 0.15025
-0.19371 -0.47414 -0.08679
-0.17757 0.82391 0.29297
-0.35708 -0.03040 -0.25666
-0.12241 -0.09898 -0.06993
-0.30004 0.06333 -0.22848
0.25316 0.10950 0.23776
0.04700 -0.10131 -0.16596
-0.20198 0.75987 0.27656
-0.09584 -0.09922 -0.24534
-0.14821 -0.09724 -0.31680
0.07664 -0.11641 0.15280
0.33318 0.18052 0.23042
0.32243 0.60279 0.26848
0.03512 -0.48410 -0.02430
0.33156 -0.15679 -0.23739
0.30167 0.20716 0.20518
0.07021 -0.18398 0.09024
0.25477 0.05048 -0.43233
0.02577 -0.02449 0.21603
-0.10154 0.85389 0.31395
0.21045 0.57495 0.22809
-0.12084 -0.04519 -0.10712
0.35574 -0.02129 -0.04331
0.27968 -0.54358 0.36444
-0.28139 0.76647 0.27820
-0.02787 -0.12719 -0.21458
0.02194 -0.47716 -0.39579
0.07520 -0.18220 -0.04725
0.08649 -0.09993 -0.13763
0.09873 0.03854 -0.45256
-0.32015 0.83248 0.29791
-0.39333 -0.49492 -0.19590
0.02556 0.05119 -0.09051
0.01307 -0.25903 -0.12137
0.03147 -0.36578 -0.07586
-0.01359 -0.50849 -0.08637
-0.24595 0.05497 0.15458
-0.15278 -0.09861 0.10727
0.05226 -0.05371 -0.41924
-0.12775 -0.42363 -0.10915
-0.07293 -0.18255 -0.11135
0.20370 -0.51058 0.26413
0.17033 0.08645 0.26207
0.15634 0.05294 -0.11863
0.00701 -0.18911 -0.08495
0.31469 0.41523 0.18842
-0.02446 0.05340 0.06971
0.05052 0.05336 0.04614
0.21239 -0.08673 0.17522
0.12226 0.56441 0.22540
0.33637 0.30109 0.17123
0.25471 -0.03983 -0.03236
-0.19692 -0.47473 0.25052
0.05332 -0.10749 -0.06614
-0.12161 0.53433 0.21772
0.34168 0.02834 0.04044
0.29645 -0.06378 0.06234
0.06981 -0.40512 -0.04119
-0.15578 -0.45081 0.13052
0.02641 -0.41752 -0.16390
0.02545 -0.58732 -0.06686
0.22021 -0.08372 0.04989
0.28744 -0.62602 0.37647
-0.03506 0.05251 -0.02229
0.19856 -0.18206 -0.29244
0.15572 -0.04344 -0.00486
-0.33733 0.55126 0.22200
0.17784 0.25479 0.20502
-0.24794 -0.04353 -0.33618
0.26117 -0.07812 -0.26321
0.00399 -0.53814 -0.00978
-0.19409 0.05543 0.01733
0.09527 -0.00015 0.33816
-0.19568 -0.06784 -0.39175
-0.30293 -0.14545 -0.29587
-0.06365 -0.04898 -0.26938
-0.20912 0.04218 -0.44838
0.38258 -0.48619 -0.19048
0.21842 -0.08840 -0.25952
0.26297 -0.04177 -0.32214
-0.48726 -0.54910 -0.18879
0.21754 -0.44788 -0.09382
-0.02041 -0.62114 -0.02432
0.06260 -0.04920 -0.27505
0.00609 -0.43478 -0.08819
-0.03206 -0.04404 0.04834
-0.01840 -0.52040 -0.40196
0.30838 0.46271 0.25389
-0.05730 -0.05512 -0.43805
-0.24713 0.02577 -0.46207
-0.26523 -0.02263 0.16214
-0.36894 -0.15354 -0.31906
0.09404 -0.18274 -0.13855
-0.35511 -0.00930 -0.38464
-0.05246 0.27474 0.17166
-0.00150 -0.04860 -0.22123
-0.21105 0.53229 0.21721
0.02870 -0.04579 0.17776
-0.08075 0.05179 -0.09232
-0.35144 0.03477 -0.19574
0.15844 -0.10101 -0.35990
0.24246 0.47507 0.20291
0.15566 -0.09587 0.09547
-0.21255 -0.08866 -0.22567
-0.13160 0.48038 0.20423
0.32320 -0.57184 0.38972
0.06958 0.23484 0.21627
0.06732 -0.10549 -0.00777
-0.02164 -0.46635 -0.24332
0.22760 0.03706 0.27746
-0.47564 -0.50948 -0.21190
-0.13524 -0.04316 0.04034
-0.34182 0.46774 0.20466
-0.00252 -0.28701 -0.06830
-0.03344 0.07663 0.32925
0.33225 0.72286 0.27793
-0.30177 0.05457 0.11383
0.10436 -0.08427 -0.39582
0.07064 -0.49606 0.08858
-0.20140 0.04686 0.31383
0.05835 0.70961 0.26314
-0.02823 0.73327 0.26945
-0.08966 0.20222 0.17999
-0.23167 -0.04163 0.13631
0.18328 -0.04428 -0.15823
-0.20096 -0.47169 0.19539
-0.30106 -0.06437 -0.19492
-0.02875 0.05319 0.02966
-0.13890 -0.04699 -0.25886
0.04752 0.18127 0.18438
0.07740 0.08201 0.31436
0.09576 -0.04396 0.02755
0.23012 0.72240 0.26655
-0.22300 -0.08356 -0.05680
-0.16365 0.05163 -0.25904
0.23455 -0.05548 -0.39002
-0.28454 0.06051 -0.29352
-0.26407 0.79780 0.28591
-0.11162 0.02568 0.32943
-0.00056 0.02647 0.33552
-0.13254 -0.48895 0.17427
-0.11436 -0.09815 -0.15542
0.01471 -0.61679 -0.66145
0.03550 -0.15903 0.03289
-0.17296 -0.04779 -0.36237
-0.29669 -0.58113 0.36637
0.07331 -0.20539 -0.26541
-0.17910 -0.04251 0.07310
-0.14313 0.66608 0.25166
0.26076 -0.50490 0.33943
-0.11565 0.03737 0.19839
-0.33846 0.04584 -0.38339
-0.22425 -0.15604 -0.30024
0.16024 -0.06243 -0.39419
0.15051 0.05083 -0.26338
0.25258 0.38482 0.18180
0.09404 -0.13877 -0.19923
-0.28850 0.24914 0.17339
0.34313 -0.03332 -0.32718
-0.36557 -0.58182 0.40786
-0.08012 -0.10792 0.08778
-0.33758 -0.03291 -0.16982
-0.06026 0.05303 0.13403
0.17246 -0.47592 -0.12796
0.29186 0.72681 0.26772
-0.00158 -0.12278 -0.26451
0.28676 -0.06253 -0.37827
0.22110 -0.02836 0.20702
0.52724 -0.67200 -0.19545
0.05242 0.60276 0.23522
0.24521 -0.47673 -0.14993
-0.05464 -0.04452 0.29351
-0.07188 -0.09666 0.29032
0.03579 0.29581 0.17136
0.33108 0.51011 0.24523
-0.01196 -0.18774 -0.33130
0.14424 0.05415 0.04617
-0.26435 -0.13721 -0.23733
-0.29410 0.34008 0.23814
0.18018 0.42158 0.18993
0.03914 -0.53814 -0.06273
0.34667 0.04113 -0.14216
0.35835 0.00134 -0.13508
-0.10157 -0.43358 0.05259
-0.07145 -0.11888 -0.09321
-0.14385 -0.04504 0.16989
-0.01064 -0.10328 -0.09192
0.27272 -0.07216 -0.18210
0.28176 -0.07333 -0.33447
-0.33698 0.20572 0.17985
-0.16948 -0.09802 0.16099
0.20081 0.10576 0.25632
-0.10049 0.04923 -0.26688
0.03040 0.04966 -0.17469
0.24480 -0.04011 0.06650
-0.28216 -0.52550 0.31201
0.13767 0.14858 0.19372
0.07462 -0.15021 0.21835
-0.27448 0.05975 -0.19913
0.30015 -0.06479 -0.15177
0.11261 -0.04718 -0.21854
0.27807 0.05183 0.27070
0.38156 -0.63181 0.40520
0.13941 0.02848 0.20481
-0.11033 0.88255 0.42133
-0.52622 -0.67410 -0.24627
0.29667 0.11931 0.26708
-0.25916 0.63721 0.24409
-0.30234 0.30115 0.19983
0.29171 0.39421 0.22354
0.14378 -0.48978 -0.06820
0.02106 -0.04783 -0.18620
-0.15444 0.14477 0.19512
-0.23801 -0.04283 0.17408
0.25489 -0.04092 -0.18190
0.28462 0.63436 0.25915
0.27172 -0.02574 -0.46393
-0.09098 -0.12774 -0.16285
0.09508 -0.10376 0.05362
0.07396 -0.10704 0.28836
0.24301 0.29698 0.20533
-0.03190 0.42366 0.19043
-0.34146 -0.03160 0.06059
0.54767 -0.66972 -0.24836
0.17823 0.35021 0.21538
-0.01116 -0.04543 -0.04843
0.56372 -0.58752 -0.23828
0.31976 -0.02511 -0.28122
-0.31951 -0.50326 -0.13056
-0.35753 0.02267 -0.28980
0.27993 -0.06712 0.12813
-0.24290 0.05773 -0.05759
-0.00906 -0.10774 0.14262
-0.01598 0.62550 0.24104
-0.01913 0.30603 0.17173
-0.02626 0.04693 -0.30690
0.14783 0.05374 0.11454
-0.07741 -0.04380 0.11518
0.03736 -0.41331 -0.02760
0.14652 0.32353 0.20275
0.08811 -0.09168 0.03294
0.00542 0.79022 0.28418
-0.25012 -0.07505 0.11234
-0.35511 -0.64083 0.37660
-0.26041 -0.04319 -0.46455
0.12824 -0.04837 -0.31576
-0.21783 -0.08392 0.09576
-0.15570 -0.04371 -0.04825
0.30671 0.69062 0.29161
-0.01540 -0.26774 -0.03378
-0.22204 0.05652 -0.01460
0.22231 0.86833 0.33604
-0.15629 0.05038 -0.31516
0.04808 -0.10720 0.02547
-0.27045 -0.52686 0.35623
0.04223 -0.15236 0.32896
0.04684 -0.10772 0.09944
-0.35105 -0.47880 -0.17604
-0.00875 -0.04725 0.20461
0.06638 -0.15932 -0.33230
-0.04111 -0.18440 0.07508
-0.31144 -0.46705 -0.13774
0.08035 0.14059 0.19677
0.13890 -0.04681 -0.24549
-0.28133 -0.45890 -0.11917
0.02703 -0.09973 -0.28017
0.08066 -0.23384 -0.11966
-0.16974 -0.05182 -0.44268
-0.01707 -0.04389 0.08059
0.09404 -0.12505 -0.11924
0.05664 0.05194 -0.06229
0.03216 -0.10736 -0.39342
-0.06919 0.75065 0.27409
-0.27022 -0.07598 -0.30715
-0.09093 0.60738 0.23638
-0.12816 0.05352 -0.02530
0.10484 -0.44954 0.13365
0.08348 0.05098 -0.13729
0.35170 0.36942 0.19475
0.01556 0.48792 0.20611
-0.32083 0.08852 0.22403
-0.05896 -0.00739 0.21601
0.11867 -0.05327 -0.43600
-0.33827 0.40332 0.22150
0.26130 -0.04098 -0.24118
0.34220 0.01086 0.07113
0.30630 -0.01266 0.03816
-0.35256 -0.13615 -0.26513
0.11392 -0.46519 -0.11025
0.06047 0.05432 0.32819
-0.19694 0.19173 0.18219
0.16627 -0.06191 0.17171
0.24190 0.33093 0.17316
-0.07788 -0.42534 0.07909
-0.29120 0.24954 0.20406
-0.13853 -0.15041 -0.27666
0.08820 -0.09702 -0.33412
-0.27187 0.72653 0.26765
0.10569 0.42516 0.19078
-0.33202 0.05451 -0.14478
0.10184 0.04548 0.18684
-0.01598 0.66416 0.25115
-0.35117 -0.02856 -0.01685
-0.57262 -0.62956 -0.26401
0.02631 -0.05154 -0.36538
0.20403 0.11955 0.20588
-0.07215 0.01829 -0.47730
0.33504 0.38377 0.22383
-0.18122 0.05971 0.26545
0.29495 0.06146 -0.34281
0.22717 -0.04453 -0.34534
-0.12949 -0.03367 -0.48151
0.10322 0.32484 0.17240
-0.29865 0.06252 -0.32540
-0.33090 -0.03440 -0.28697
0.30416 -0.03649 -0.05998
0.17084 -0.45634 0.17573
0.19646 0.05383 -0.17434
-0.32872 0.72503 0.27467
0.19929 0.87057 0.42765
0.07512 -0.17261 0.15031
0.13209 -0.04753 0.20858
0.34185 -0.03299 -0.25595
-0.17125 -0.02554 0.21130
-0.29305 -0.06378 0.08507
-0.38045 -0.48405 -0.15779
-0.28068 0.55749 0.22360
-0.01514 0.58408 0.23043
-0.14341 0.01056 -0.47845
-0.05195 0.32479 0.20686
-0.30615 0.46293 0.21500
0.07401 -0.13202 -0.03348
-0.34607 0.14581 0.21894
0.50660 -0.60581 -0.25428
-0.03302 -0.17627 0.25408
0.29076 0.47749 0.20351
0.15184 -0.17695 -0.29957
0.02228 -0.27716 -0.04496
-0.31274 -0.59945 0.39258
-0.28148 0.30323 0.21173
-0.04145 -0.10087 0.27480
0.26644 -0.53847 0.28500
0.32041 0.06116 -0.16962
0.27706 0.05328 0.15050
-0.03899 -0.47034 -0.03804
0.49377 -0.61837 -0.18570
0.26884 0.29607 0.17134
-0.08221 -0.43944 0.02487
-0.06696 0.45482 0.19788
-0.34976 -0.03195 -0.32783
-0.20275 -0.09861 -0.37838
0.13860 0.05926 0.32149
-0.32773 0.28718 0.21809
0.07349 -0.10902 0.19249
-0.23375 0.42836 0.19155
-0.23888 0.24824 0.20291
0.16712 -0.09322 -0.07546
0.13576 0.68500 0.25663
-0.01979 -0.46768 -0.33333
0.02423 -0.08176 0.17091
-0.28988 0.16847 0.25890
-0.27972 0.08006 0.28444
-0.09098 -0.15103 -0.23095
0.13938 -0.04364 0.11574
0.00096 0.07856 0.31700
-0.29912 0.83172 0.33445
0.01916 0.04642 -0.32183
-0.12976 0.30735 0.17178
-0.49475 -0.60672 -0.25522
0.29049 0.78695 0.28342
-0.04751 0.39433 0.18366
0.46435 -0.53127 -0.21625
0.30850 0.31821 0.17233
0.18302 -0.14932 -0.28824
0.34525 0.04042 -0.09413
0.29268 0.56632 0.24186
0.07229 0.29473 0.17132
-0.16627 0.04873 -0.40146
0.04025 -0.10778 0.14970
-0.22238 -0.04118 0.02570
0.13571 -0.09700 -0.04016
-0.28027 0.66995 0.27082
-0.02942 -0.32676 -0.07555
0.07400 0.35501 0.22519
0.00822 0.01230 0.28659
0.02810 0.29941 0.20630
-0.03926 -0.42411 -0.03944
0.09404 -0.13906 0.00283
-0.20775 -0.00784 0.20854
0.34261 0.53345 0.22371
0.05292 -0.18595 0.02291
-0.28189 -0.06812 -0.03081
0.23148 -0.17951 -0.29840
0.32112 -0.03294 -0.22195
-0.25830 0.05909 0.02626
-0.09098 -0.19172 0.01115
-0.05439 0.00948 0.33720
0.20865 0.05583 0.06487
-0.01195 -0.50271 -0.52393
0.25681 -0.04483 -0.41595
0.02580 0.05337 0.06490
-0.31906 -0.03455 -0.07599
0.16605 -0.04368 -0.04609
-0.13686 0.33478 0.20441
-0.30502 -0.17813 -0.26443
-0.28716 0.49148 0.23897
0.36131 -0.00687 -0.20175
-0.23328 -0.04545 -0.38297
0.17343 -0.09469 0.12673
0.00445 -0.42617 0.01702
-0.01437 0.13177 0.20032
0.16594 -0.09332 -0.19757
0.03336 -0.22397 -0.24225
0.32779 0.21717 0.22677
-0.27281 0.05984 -0.14175
-0.01953 -0.10745 0.03383
-0.31438 -0.02015 0.15684
0.22083 0.05567 -0.10075
0.00655 -0.22147 -0.26892
0.10300 0.67438 0.25384
0.14084 -0.04603 -0.19405
-0.12231 0.17276 0.18638
-0.21418 0.62757 0.24158
0.02771 0.53072 0.21682
-0.11763 -0.04700 -0.22181
0.00412 -0.12638 -0.22369
-0.15991 0.05372 -0.07102
0.32013 -0.15476 -0.29861
-0.33581 0.01048 0.09730
-0.22969 -0.04358 -0.25995
0.09191 -0.09840 -0.22932
-0.09098 -0.15029 -0.02987
-0.17185 -0.09386 -0.16565
-0.16385 0.05205 -0.22614
-0.14382 0.24778 0.17352
0.28783 0.06150 -0.15319
0.18952 0.66770 0.25208
-0.05639 -0.20424 -0.29428
-0.06522 -0.16512 0.31133
-0.28767 0.61016 0.26355
0.13993 0.04629 -0.41459
0.32613 0.81669 0.31387
-0.06258 -0.10759 0.01806
-0.00981 -0.36851 -0.08710
0.00730 -0.15841 0.32062
-0.07297 -0.49576 0.09577
-0.04890 -0.22215 -0.00759
0.26447 -0.02472 0.16612
0.28013 0.84303 0.34030
0.31712 0.06022 -0.05119
-0.28438 -0.51635 -0.16291
0.20307 0.78964 0.28405
-0.18427 0.58857 0.23156
-0.20062 -0.04868 -0.41902
0.22457 -0.04296 -0.20431
0.17723 0.25815 0.17270
-0.26190 0.87134 0.41021
-0.04876 -0.05904 -0.46916
0.04137 -0.47805 -0.05561
0.00414 -0.43673 -0.24517
-0.04045 -0.12336 -0.25847
0.19975 -0.09325 -0.28729
0.27629 -0.04046 -0.29266
0.01888 -0.54096 -0.54913
-0.22282 0.22196 0.22448
0.05903 -0.00913 -0.48652
0.13605 0.81935 0.29139
0.10311 -0.41906 -0.10699
-0.04357 0.20675 0.17904
-0.07514 -0.09940 -0.29133
0.20061 -0.45252 -0.13644
-0.17498 0.34826 0.17544
-0.06637 0.04920 -0.22581
-0.07319 -0.47856 0.01200
0.21801 0.05336 -0.32041
0.02870 -0.10866 0.06667
-0.04088 -0.04733 0.20701
-0.12856 -0.04812 -0.30482
0.05973 -0.10667 0.35413
0.11139 -0.11015 0.17091
-0.07273 -0.16913 0.10152
0.08258 0.80080 0.28663
0.21825 -0.48924 0.28333
0.32504 -0.03730 -0.41087
0.07551 0.04831 -0.27533
0.02169 -0.10415 -0.06163
0.30740 0.06350 -0.22063
0.06671 -0.17749 0.24194
0.02111 -0.17527 0.26475
-0.26181 -0.07190 0.16101
-0.06522 -0.04435 0.00230
-0.17459 -0.04566 0.18545
-0.30222 -0.04811 -0.36076
0.03151 -0.33375 -0.07579
0.12886 -0.48671 0.08735
0.31803 -0.01439 -0.31766
0.30489 -0.60187 0.36482
0.06234 -0.03846 0.29396
-0.27733 0.05200 -0.42735
0.23667 0.02615 0.19831
0.28834 -0.03854 0.13967
0.05019 -0.10564 -0.36711
-0.02900 -0.39560 -0.07616
0.00949 -0.02531 -0.48689
-0.23098 0.03525 0.31112
0.04284 -0.45271 0.05180
-0.11233 0.05220 -0.09985
0.34336 0.03882 -0.38935
-0.24157 -0.48674 0.28061
0.23783 -0.08461 -0.29742
0.16871 -0.04297 0.08268
-0.02121 -0.22998 -0.22366
-0.30077 0.38681 0.18219
0.02664 -0.44925 -0.16219
0.34517 -0.64811 0.35691
-0.09562 0.00955 0.29056
0.21629 -0.08720 -0.17582
-0.15993 0.69198 0.25847
0.00316 0.04532 -0.36273
-0.10607 -0.45283 -0.10893
0.08772 0.35512 0.17634
0.08169 -0.01473 0.21610
-0.22013 0.05488 -0.21272
-0.34926 -0.01824 0.01290
-0.16413 0.41234 0.18774
-0.25540 -0.03969 -0.02687
0.08653 0.85651 0.31633
-0.19572 0.05122 -0.37338
-0.32537 0.17103 0.23712
-0.03875 -0.61389 -0.60552
0.27209 0.86922 0.35550
-0.03397 -0.64911 -0.65025
0.03119 -0.48230 -0.10973
0.17734 0.21928 0.21596
0.10414 0.73526 0.26998
0.29461 -0.06488 0.02008
-0.36971 -0.19187 -0.31065
-0.09945 -0.47003 0.13064
0.25182 0.05659 -0.24711
0.05096 0.55736 0.22359
-0.09098 -0.11165 -0.06135
-0.09063 -0.10309 -0.19353
-0.06324 -0.10774 0.14582
-0.07267 -0.16417 0.18302
0.09583 -0.04474 -0.03871
0.03698 -0.18399 0.09001
0.08477 0.49262 0.20727
-0.30388 -0.00457 -0.44989
0.26976 -0.45763 -0.14726
-0.10447 0.05090 -0.17428
0.33376 0.31407 0.21623
-0.27983 0.19914 0.18093
0.29243 0.06160 -0.27782
0.05110 -0.04730 -0.16528
0.32953 0.56622 0.25692
0.22663 0.05582 0.12360
0.28269 -0.62485 0.40845
-0.00802 0.05080 -0.10882
-0.00090 -0.26297 -0.09146
-0.04202 -0.04969 -0.29180
-0.09314 -0.11350 0.15759
0.07429 -0.24188 -0.05663
0.08490 -0.04370 0.08306
0.28540 0.18554 0.21323
-0.16338 -0.09504 -0.08720
0.01736 -0.54935 -0.58099
-0.27990 -0.06906 -0.08876
0.12754 0.35382 0.17617
0.15956 -0.00786 -0.48055
-0.34858 0.19538 0.21319
0.04734 0.05242 -0.03171
0.06423 -0.10745 -0.10191
-0.17803 -0.44800 -0.08134
0.25992 -0.07461 -0.06674
0.22145 0.66714 0.25194
0.31688 0.28864 0.22754
-0.27160 -0.03949 -0.12427
-0.21457 0.05486 -0.17992
0.17346 0.72490 0.26722
0.09195 -0.47399 0.11665
-0.34152 0.48330 0.23116
-0.09663 -0.02463 0.21593
-0.36017 0.00030 -0.25608
-0.15190 0.03422 -0.46056
-0.22725 -0.00794 -0.47214
-0.01731 -0.50135 -0.45571
-0.12804 -0.04955 -0.36703
-0.14956 -0.09644 -0.27771
0.11206 -0.04368 0.05366
-0.15120 -0.04619 -0.22992
0.30319 0.22472 0.24365
-0.19509 -0.04619 -0.33190
-0.32521 0.59203 0.23626
-0.22504 0.33230 0.20257
0.09768 -0.01042 -0.48494
-0.07111 -0.08398 -0.39582
-0.27268 -0.14358 -0.29121
0.29419 -0.59451 0.42371
-0.02213 -0.10770 0.11661
0.00540 -0.10755 -0.01904
0.06389 -0.04647 -0.12178
-0.01814 0.48751 0.20600
-0.11329 0.78945 0.28400
-0.35353 -0.60597 0.37427
0.21106 -0.04299 -0.14263
0.51621 -0.59489 -0.20970
0.14183 0.28945 0.17114
0.04601 -0.10632 0.25525
-0.24287 -0.18363 -0.27775
0.34300 -0.03196 0.00661
0.04443 0.07956 0.31798
0.01672 -0.18048 0.20916
-0.11513 0.04792 -0.35428
-0.02315 -0.18617 0.01556
0.09404 -0.15011 -0.22753
0.28280 -0.03787 0.07082
-0.06188 -0.04581 0.34722
-0.01812 0.18873 0.18281
0.23469 -0.08050 0.00523
0.01995 0.59609 0.23351
-0.15535 0.60800 0.23653
-0.31371 0.57858 0.26763
0.31131 -0.06271 -0.21813
-0.12593 0.86508 0.32830
0.35555 0.02878 -0.20544
-0.01176 -0.13727 0.34018
0.29621 0.42169 0.21132
0.08770 -0.42617 0.07857
0.05645 -0.10218 -0.13445
-0.00240 0.00271 0.21568
0.20073 -0.06879 -0.39161
-0.06143 0.30376 0.17165
0.02469 -0.10088 -0.19509
-0.29028 -0.64400 0.42517
-0.07968 0.07031 0.27247
-0.08801 -0.04751 -0.21541
0.55033 -0.57609 -0.21362
0.30516 -0.06267 -0.02990
0.18660 0.04056 -0.45111
0.24637 0.86768 0.37541
0.30060 0.50926 0.21143
0.00073 0.35156 0.17587
0.27071 0.82326 0.30515
0.32784 0.06001 -0.30881
-0.15135 0.01584 0.21007
0.05239 -0.10067 -0.21456
-0.28200 -0.07099 -0.23216
0.09404 -0.17368 0.00506
-0.01195 -0.46840 -0.37902
0.13524 0.76461 0.27780
-0.05602 0.03531 -0.45831
-0.34452 0.43358 0.19997
-0.21243 0.29040 0.21724
0.28711 0.75997 0.30324
0.08444 -0.04742 -0.20172
0.09208 0.05066 -0.16846
-0.01663 -0.05403 -0.41741
-0.09098 -0.13563 -0.07767
0.07021 -0.12737 -0.21357
-0.28730 -0.04018 -0.32317
0.29081 -0.06476 0.09182
-0.00400 -0.45264 -0.31241
-0.21874 0.78951 0.28402
-0.16475 0.09471 0.28777
-0.13411 0.86755 0.43178
0.05605 0.26954 0.17189
-0.12839 -0.44684 -0.06407
0.00528 -0.09074 0.28666
-0.21016 -0.04163 0.06096
0.03163 0.09037 0.22216
-0.14281 -0.07248 -0.39548
-0.34586 0.52532 0.23454
0.03367 -0.23372 -0.20127
0.03509 -0.12549 -0.34809
0.13722 0.02116 0.29019
0.21520 0.05370 -0.28041
-0.03983 -0.01301 -0.48693
-0.01882 0.05097 0.16768
-0.07476 0.63733 0.24412
-0.09106 0.08256 0.31321
0.46815 -0.50581 -0.19497
0.11868 0.02554 -0.47055
0.08682 -0.10755 0.09454
0.30939 0.14784 0.19435
-0.08095 -0.20303 -0.25178
-0.33381 -0.60378 0.45674
-0.07001 0.34748 0.21376
0.15598 -0.42847 -0.09869
-0.15813 -0.45851 0.19396
0.25630 0.24479 0.21637
-0.02330 -0.10028 -0.23383
0.18582 -0.45219 -0.08279
0.24109 -0.07829 0.16960
0.11209 -0.48918 0.14323
0.13444 0.05143 -0.18462
-0.00053 0.04923 -0.19158
0.23670 -0.04068 0.09707
0.29279 -0.47501 -0.16430
0.34543 0.44478 0.19870
-0.10828 0.36479 0.17788
-0.00037 -0.39043 -0.00575
0.24374 0.05681 -0.17073
-0.26433 0.83338 0.29638
-0.27766 -0.06870 0.04565
0.29467 0.06271 -0.07114
-0.28138 -0.61676 0.37946
-0.31179 0.73077 0.29730
0.09404 -0.11255 -0.06053
0.35268 0.00875 -0.03419
0.14781 -0.05109 -0.42346
-0.02616 -0.61122 -0.66070
-0.20594 0.56935 0.22664
-0.07222 0.05060 -0.15448
-0.04383 -0.10082 -0.19170
-0.29342 -0.00565 0.17865
0.22054 0.21159 0.21792
0.08818 -0.05298 -0.42029
-0.11130 0.05385 0.07053
-0.52628 -0.64039 -0.18040
0.30321 0.19975 0.18133
-0.11249 -0.48893 -0.11090
-0.03645 -0.04502 -0.03170
-0.19113 0.87883 0.40244
0.26305 0.54438 0.22027
0.01032 -0.18163 0.16987
-0.17237 -0.04422 -0.12263
-0.54267 -0.58987 -0.18576
-0.07682 0.66889 0.25240
-0.12363 -0.10662 -0.39284
0.13365 0.04879 -0.33946
-0.09098 -0.12472 -0.32112
-0.31348 0.77403 0.28004
0.06418 -0.46073 -0.03059
-0.09098 -0.15009 -0.18968
-0.27620 -0.50064 0.32801
-0.13921 -0.45043 0.10672
0.29438 -0.49878 -0.12054
0.14477 -0.46924 0.11023
-0.09098 -0.12985 0.02831
0.07462 -0.13094 0.30467
-0.28836 0.12495 0.20369
0.05431 0.02112 -0.47527
0.17697 0.05230 0.15656
-0.04526 0.07881 0.27418
0.09306 -0.04413 0.13012
0.10900 0.18634 0.23781
-0.01301 -0.59061 -0.57173
0.27927 0.24870 0.19294
-0.00071 -0.10049 -0.32304
-0.49360 -0.60942 -0.19171
-0.34622 0.24689 0.17837
0.03795 0.39706 0.18420
0.04815 0.05030 -0.14878
0.28939 0.48632 0.23278
0.31940 0.12203 0.20587
-0.09098 -0.21598 -0.09192
-0.35854 -0.67100 0.39004
0.11409 0.64006 0.24483
-0.30607 0.40605 0.20413
0.57119 -0.62878 -0.19018
-0.16645 -0.15370 -0.29755
-0.00969 -0.42276 -0.00765
0.01046 -0.10009 -0.25185
-0.36835 -0.50971 -0.18835
-0.22773 0.05700 0.04488
0.19485 0.03542 0.19570
0.30055 0.03603 -0.44042
-0.30258 0.54133 0.23240
0.18685 -0.09872 -0.35766
-0.26783 -0.07093 0.07367
-0.32337 0.35334 0.18793
-0.03263 -0.53814 -0.05262
-0.35728 0.00937 -0.18406
-0.03071 0.37169 0.17923
-0.04032 0.85506 0.31501
-0.03283 -0.04447 0.14705
-0.01496 0.23057 0.21867
0.15070 0.56659 0.22596
0.18667 0.84043 0.30177
-0.22201 -0.44604 -0.12556
0.33973 0.62846 0.25572
0.12421 0.25196 0.20922
-0.34545 0.04304 -0.16921
0.07628 -0.41514 0.01182
-0.12101 0.08942 0.29116
0.02338 0.08468 0.28780
-0.30770 -0.03668 -0.18464
-0.19961 -0.00285 -0.47617
0.02611 -0.44698 -0.19048
0.00222 0.04780 -0.26195
-0.26433 0.49987 0.20908
-0.02616 -0.16728 0.30756
0.53588 -0.64109 -0.17871
0.28330 0.06116 -0.11928
0.23055 0.20570 0.17926
-0.10889 -0.18316 -0.29140
-0.18520 -0.51602 0.24373
0.24938 -0.00910 -0.46914
0.34283 -0.01641 0.08614
-0.17745 -0.04273 0.10893
0.07170 -0.23409 -0.01836
0.34091 -0.03283 -0.18074
-0.15298 -0.18490 -0.28331
0.05711 -0.04548 -0.05841
0.17168 -0.04304 0.01849
-0.09098 -0.20410 -0.20860
-0.25728 0.05859 -0.08190
0.06149 -0.10259 -0.32318
0.29749 -0.03183 -0.45410
-0.26539 0.14809 0.22342
-0.35553 -0.03047 -0.19145
-0.02128 -0.44315 -0.26049
-0.34429 0.00737 -0.40510
0.26281 -0.16301 -0.30215
0.03649 0.81602 0.29035
0.55140 -0.59013 -0.26345
-0.09871 -0.04360 0.03819
-0.30926 -0.50470 -0.17045
-0.31296 -0.04895 -0.33478
0.28813 -0.07038 -0.28273
-0.34080 -0.01747 0.08490
-0.31494 -0.19935 -0.30093
0.34627 0.04719 -0.29192
0.31333 -0.15681 -0.21608
0.09404 -0.17910 -0.28170
0.03631 -0.66944 -0.62569
-0.09575 -0.02118 -0.48450
0.15790 0.39366 0.18353
-0.02184 0.86866 0.33682
0.09964 -0.11026 0.13810
0.03853 -0.12508 -0.23892
0.03842 -0.04003 -0.48550
-0.08209 0.04724 -0.33702
0.34832 -0.03231 -0.29974
-0.10590 -0.46142 -0.05631
-0.11314 -0.14861 -0.28808
0.06359 0.75402 0.27499
0.32493 0.76454 0.30248
0.17629 0.05458 -0.00524
0.11992 0.04993 -0.25404
-0.04637 -0.25041 -0.08086
-0.07662 -0.15423 -0.32936
0.50038 -0.57539 -0.19291
0.11817 -0.09714 -0.13552
0.14910 -0.09811 -0.32980
0.27839 0.15642 0.21802
-0.11797 0.31434 0.20361
0.11507 0.05389 0.07412
0.20415 -0.08806 0.02350
-0.32931 -0.01536 0.13046
-0.00743 0.02864 -0.46800
0.03120 -0.46250 -0.07627
0.01829 -0.18339 0.11054
-0.51950 -0.65324 -0.26332
-0.05761 0.05340 0.04690
0.19420 -0.09182 -0.19193
0.19542 0.05481 0.11005
-0.33036 0.05678 -0.20841
-0.05551 0.04616 -0.35429
-0.07730 0.05297 -0.01393
-0.09051 -0.10396 0.00327
0.31086 0.00015 0.16231
-0.19049 0.24922 0.17338
0.31180 -0.03643 -0.18512
-0.34359 -0.51386 -0.13893
-0.14900 -0.04299 0.06590
0.32523 -0.62867 0.46251
-0.08996 -0.05175 -0.39319
0.04252 -0.50495 -0.04966
0.17243 -0.47737 0.15000
-0.32103 0.06146 -0.30408
-0.07913 0.54101 0.21940
0.43230 -0.51662 -0.16842
-0.29624 0.60625 0.23607
-0.01615 -0.18868 -0.07004
-0.07295 -0.42986 -0.04412
-0.27949 0.06052 -0.17207
-0.30035 -0.02837 0.06785
0.05216 0.63475 0.24345
0.31804 0.01025 -0.43971
0.01134 0.22296 0.22295
0.12866 0.23220 0.17502
0.20482 -0.08857 -0.03767
0.01507 -0.45722 -0.33165
-0.00231 -0.18479 0.06271
-0.14670 0.02259 0.29517
-0.17588 -0.09595 -0.32022
0.24591 0.82776 0.29431
-0.11647 0.40289 0.18549
-0.02903 -0.05130 -0.35682
0.14366 -0.04481 -0.10670
-0.35783 -0.01189 -0.14244
0.06943 -0.04385 0.34697
0.27330 0.06040 0.02715
0.10463 0.19598 0.18130
0.31952 0.24642 0.17362
0.18402 0.04987 -0.39103
-0.07595 0.05043 0.17047
-0.23798 0.51976 0.21406
0.34102 0.27458 0.17608
-0.25572 -0.47224 -0.10838
0.14170 0.87138 0.40697
-0.02265 -0.12133 0.16944
0.30040 0.81736 0.30324
-0.09098 -0.16433 -0.27739
-0.06153 -0.18695 -0.01158
-0.05912 -0.18916 -0.08638
-0.28681 0.32817 0.20208
0.00028 -0.10571 -0.39582
-0.28016 -0.14198 -0.25900
-0.33966 0.02590 0.04888
0.01929 -0.18739 -0.02622
0.33663 -0.03284 -0.02776
0.14047 0.47702 0.20340
0.51042 -0.59999 -0.17452
0.29651 0.06241 -0.25094
-0.15732 -0.09732 0.05452
-0.09211 -0.44574 0.12098
0.20325 -0.49716 0.19430
-0.32936 0.26791 0.18145
0.18170 -0.04477 -0.19903
0.09716 0.00851 0.29499
0.31496 0.03203 0.14342
0.19617 0.05472 -0.07733
-0.31865 -0.03441 -0.00016
-0.03715 -0.43934 -0.09948
-0.32356 0.80594 0.30183
-0.11677 0.20019 0.22892
-0.04885 0.20527 0.22884
0.15072 0.05308 -0.09218
-0.33521 0.03265 -0.40811
-0.29483 -0.04158 -0.41557
-0.26609 -0.07205 -0.00671
0.02243 -0.48968 -0.37187
0.37133 -0.61085 0.39162
0.17348 -0.50600 0.22426
-0.21364 0.08077 0.22868
-0.30575 -0.03759 -0.27788
0.34394 0.12083 0.23643
0.17961 0.14567 0.19475
-0.21128 0.05595 0.08086
-0.33304 0.04761 -0.01274
-0.13422 0.75832 0.27614
0.10836 -0.15817 -0.26998
0.36038 0.02185 -0.32205
-0.32294 0.65105 0.24771
