0.31021 0.19742 0.15607
0.44381 -0.28519 -0.34190
0.62014 -0.47853 0.15470
-0.22179 0.48296 -0.01538
-0.37564 -0.50058 0.51621
-0.48702 -0.48783 -0.42519
-0.25370 -0.06840 -0.39374
-0.52494 -0.27154 0.15603
0.23132 -0.50322 0.59925
0.00389 0.99997 -0.00690
0.06727 -0.50441 -0.65166
-0.07938 -0.02572 0.42897
0.15792 0.19968 -0.31825
0.17784 0.56114 -0.08069
-0.41301 0.03035 -0.05770
-0.36871 0.07966 0.13602
0.35650 -0.18005 0.35847
0.01820 0.42006 0.24418
0.27291 -0.48655 0.57198
0.11076 -0.15827 -0.49877
0.47782 -0.10201 0.00160
-0.01884 -0.39248 0.59224
-0.20974 0.25264 -0.25083
-0.49016 -0.22638 -0.19900
-0.63419 -0.49088 -0.09544
0.31266 -0.49239 -0.57408
0.62017 -0.49808 -0.20739
-0.33143 -0.22186 0.40117
0.39208 0.00053 -0.19037
-0.20164 -0.37693 -0.56645
-0.03903 0.69178 0.12021
0.21480 0.01122 0.36345
-0.15749 0.18916 0.30657
-0.05233 0.71333 -0.11996
-0.61520 -0.48869 0.18068
0.53599 -0.50362 0.35800
0.01119 0.46094 -0.24082
0.44776 -0.49834 -0.47950
0.12852 -0.01926 -0.42893
0.28326 0.32121 -0.09818
-0.08880 0.10547 -0.38316
0.15034 -0.25305 0.51415
0.20315 0.47835 0.09884
-0.35977 -0.24904 -0.40593
0.54593 -0.27740 -0.09038
-0.13575 -0.21755 0.50020
0.10765 0.75855 -0.00370
-0.00184 -0.23627 -0.54224
-0.16673 0.39691 0.19240
-0.31207 0.27117 0.02231
0.08144 0.19835 0.32963
-0.47532 -0.10190 0.00339
-0.36882 -0.04705 -0.26432
0.39849 -0.02277 0.19187
0.50429 -0.26961 0.21086
-0.05132 0.60048 0.15743
-0.48731 -0.39758 0.34496
0.39761 -0.38286 0.43756
-0.30817 -0.02400 0.30912
0.32392 -0.11292 -0.36741
0.27197 -0.28000 -0.49133
-0.45166 -0.11789 0.15868
0.17589 0.32513 0.22707
0.26463 0.14531 -0.26811
-0.54701 -0.28511 -0.07897
-0.29462 -0.32234 0.47959
-0.14364 0.64829 0.04142
-0.32261 -0.41844 -0.52971
0.36263 0.15876 -0.05229
0.58521 -0.50508 -0.28950
0.29841 -0.13738 0.38329
-0.10192 -0.50578 -0.64713
0.47778 -0.10090 -0.04072
-0.20729 -0.20915 -0.48440
-0.28703 0.13448 -0.24532
0.03080 0.08688 0.38711
0.12656 0.34449 -0.26354
-0.55071 -0.40897 -0.26166
-0.03841 0.30396 -0.30556
-0.04031 -0.05495 -0.46158
-0.16885 0.43898 -0.18078
0.47990 -0.32874 -0.32795
0.64202 -0.47854 -0.04230
-0.44717 -0.05762 -0.10019
-0.20080 -0.46465 0.58934
-0.07269 0.82719 0.00611
0.12302 -0.36480 -0.58665
-0.57870 -0.40118 0.17150
-0.56445 -0.50404 0.30886
0.01337 0.61978 -0.17221
-0.31462 -0.13454 -0.37968
-0.38390 0.10164 -0.03956
0.25212 -0.36634 0.52477
0.53154 -0.24202 0.07662
-0.52030 -0.21665 -0.04736
0.27613 0.34207 0.07043
-0.30357 0.23319 -0.13513
0.09517 -0.07141 0.44473
-0.27612 0.21422 0.18829
0.10984 0.62800 0.11287
0.11869 -0.10403 0.45480
0.40477 -0.11406 -0.27420
0.02732 0.27090 0.30756
-0.44844 -0.31823 -0.35345
-0.20773 -0.09952 0.42009
0.20588 0.14835 0.30091
-0.27791 0.07277 -0.29438
0.32471 0.20066 -0.13167
-0.16246 0.54576 0.10245
0.07497 -0.50444 0.63694
0.50257 -0.23892 -0.19651
0.26306 0.39494 -0.03342
0.32825 0.03913 0.24869
-0.39631 -0.17266 -0.31899
-0.60429 -0.40182 0.00105
-0.44348 -0.22632 0.28287
-0.08876 -0.49617 0.63076
-0.15393 0.06201 0.36593
0.24139 0.01936 -0.35593
-0.40379 -0.04720 0.18959
-0.03026 -0.37208 -0.60151
0.07322 0.11131 -0.38596
-0.01079 -0.13670 0.48278
0.40575 0.05178 0.06823
0.36284 -0.30679 -0.44171
0.22597 0.29397 -0.21496
0.47143 -0.14871 0.14950
-0.12311 -0.21932 -0.51861
-0.25946 0.37161 -0.08272
0.15141 0.62233 0.06150
-0.39598 -0.06639 -0.23999
0.02930 0.86247 0.04696
0.19249 0.44103 -0.15669
0.12641 0.48480 -0.19266
0.26666 -0.24348 0.45984
-0.25530 0.34667 0.10817
0.02220 0.85344 -0.06916
0.55112 -0.40210 0.24838
0.44967 -0.30784 0.33483
-0.26895 0.08552 0.28276
-0.13948 0.56205 -0.13622
-0.15894 -0.35849 0.55611
-0.43673 -0.01509 -0.01035
0.36690 0.06173 -0.18224
-0.15607 -0.03973 -0.42807
-0.53157 -0.43481 -0.32195
0.05720 0.51921 0.19412
0.18800 -0.43630 -0.59769
0.21039 -0.36148 0.54192
-0.35697 0.12882 -0.11937
0.00183 -0.25411 0.53446
-0.40549 -0.31225 0.38554
-0.09126 -0.15130 0.48201
0.34633 -0.18954 -0.39185
0.08170 0.73419 -0.09305
-0.64275 -0.50342 0.06069
0.42292 0.02983 -0.02888
-0.10599 0.51771 0.17168
0.56112 -0.37936 -0.21350
0.59420 -0.38064 0.04301
0.42285 -0.15858 -0.28236
-0.23820 0.33986 -0.16146
-0.48037 -0.50134 0.42250
-0.17769 0.17547 -0.31613
-0.12816 0.70096 -0.01234
0.21765 0.00163 -0.38184
0.23075 -0.12543 -0.43923
0.07564 0.00375 -0.43207
0.29998 -0.36156 -0.51443
0.06561 0.22254 -0.33872
0.38717 -0.49590 0.50961
0.05452 0.70217 0.11108
0.43997 -0.19610 0.26512
-0.10998 0.38260 -0.24964
-0.58083 -0.38419 -0.14790
-0.58007 -0.50114 -0.29659
0.56603 -0.35181 0.14439
-0.54128 -0.26572 0.04888
-0.40120 -0.39559 -0.45325
0.39239 -0.09724 0.25912
-0.22841 0.45329 -0.06555
0.50713 -0.45445 -0.37941
0.46003 -0.11275 -0.15964
-0.08426 0.13710 0.35702
-0.23295 -0.48119 -0.60121
0.28993 -0.03794 0.33472
0.16267 -0.26399 -0.52823
-0.22644 -0.19994 0.45913
-0.41312 -0.22220 0.31632
0.15094 0.64296 -0.05530
-0.25808 -0.30808 -0.50755
0.08347 -0.33547 0.56183
-0.18383 0.28702 0.23799
-0.20137 0.47777 0.09073
-0.06347 0.36293 0.26147
-0.00530 -0.15088 -0.50576
-0.19324 0.06256 -0.36233
0.23533 0.35315 0.14653
-0.33860 0.18152 0.09338
-0.09980 0.24132 -0.32126
0.34683 0.11646 0.15916
-0.61646 -0.50282 -0.19879
0.23545 0.46226 -0.00579
0.30102 0.04240 -0.29344
-0.17434 0.58377 -0.05045
-0.51639 -0.27981 -0.19396
-0.09388 0.28002 0.28826
0.28323 0.17280 -0.22759
-0.51260 -0.33942 0.25292
0.63039 -0.49554 -0.15041
0.20034 -0.15689 0.44976
-0.40117 -0.40205 0.44670
-0.39013 -0.12085 0.27606
0.24717 0.25117 0.20587
0.32463 0.25703 -0.01484
0.59206 -0.38696 -0.09944
0.33331 0.22782 0.02970
0.17317 -0.22205 -0.50526
-0.32569 -0.39192 0.49427
0.42613 -0.39211 -0.43437
-0.29829 -0.20313 -0.43179
0.25362 0.18819 -0.25261
0.32676 0.00225 -0.28955
-0.06299 0.51809 -0.20741
0.15911 0.24057 0.28084
-0.37224 0.04215 -0.18611
0.11035 0.41452 0.22122
-0.48448 -0.14912 0.08297
-0.39247 0.01898 -0.15959
-0.48614 -0.15010 -0.10997
0.13243 0.09370 0.36279
0.31672 -0.38999 0.50586
-0.13218 -0.13535 -0.48043
0.25104 -0.27265 0.48093
0.11786 -0.41774 -0.60990
0.58105 -0.49890 0.28757
0.46721 -0.41658 0.39111
0.10217 0.57761 -0.16102
0.37350 -0.27627 0.39810
0.08995 0.39682 -0.25298
0.13928 -0.42818 0.59239
0.19276 0.55453 0.02783
-0.45965 -0.41464 -0.40953
-0.15677 -0.42964 -0.60430
0.18338 0.10459 -0.35192
0.50529 -0.18251 -0.08643
-0.13448 0.59976 0.09976
0.33449 -0.24209 -0.42767
0.46936 -0.40177 -0.38928
0.25625 0.38644 0.06940
-0.23415 -0.29727 0.50076
-0.34077 0.20221 -0.03746
-0.03098 -0.50558 -0.65954
-0.29747 -0.10329 0.36285
-0.05170 0.00840 0.41670
-0.04904 0.78862 0.06965
-0.08930 -0.29559 0.54433
0.19577 0.51471 -0.08935
0.40963 -0.30720 -0.39736
0.11422 0.01135 0.40532
-0.14996 -0.08229 0.43327
0.13230 0.53931 0.14369
-0.59478 -0.40396 -0.11795
-0.08317 0.74263 0.06555
-0.38865 -0.49328 -0.51848
-0.22401 -0.01129 0.36611
-0.29987 -0.03634 -0.33707
-0.44626 -0.26464 -0.31647
0.36440 0.14797 0.06724
0.55729 -0.28597 -0.00109
0.43890 -0.49156 0.46380
-0.29679 -0.50563 0.57309
-0.23132 0.17245 0.26474
0.00310 0.04056 -0.42258
-0.39713 0.06976 0.03753
-0.23521 0.29872 0.18065
-0.01756 0.17048 -0.36738
0.44065 -0.02720 0.05810
-0.43090 -0.03097 0.09493
0.33294 -0.30120 0.44607
0.20578 -0.34559 -0.54979
-0.32841 0.11512 0.18646
0.64405 -0.49980 0.05966
-0.01326 0.77013 -0.10691
0.36576 -0.43882 -0.50882
-0.07848 -0.29291 -0.55853
-0.03234 0.91829 -0.02092
-0.00802 0.49908 0.20920
0.53103 -0.26597 0.13287
-0.25155 -0.37921 0.53184
-0.43970 -0.30433 0.33946
0.06321 -0.19538 0.50437
-0.11942 -0.40583 -0.60051
0.10084 0.25421 -0.31414
0.51095 -0.18265 0.01993
-0.18998 -0.30096 -0.53592
0.06004 0.58395 0.16447
0.00264 0.65755 -0.15689
0.20500 -0.04099 0.39273
0.00306 0.38686 -0.27343
0.07310 0.77434 -0.07650
0.05252 0.78060 0.07489
0.23295 0.36023 -0.16240
0.18955 0.42275 0.15982
-0.32429 -0.28268 0.43803
-0.10604 0.73749 -0.04525
-0.00013 -0.28814 -0.56443
0.33810 -0.12207 0.34143
-0.29957 -0.28765 -0.47805
-0.27824 0.35004 0.01930
0.06795 -0.09246 -0.47418
-0.43922 -0.15050 -0.24117
-0.01789 0.17792 0.34665
-0.56274 -0.43294 0.24031
0.42930 -0.02197 -0.12078
-0.39239 0.01961 0.14620
-0.22684 -0.14249 -0.44373
0.35837 -0.09905 -0.31949
-0.11519 0.65626 -0.10044
-0.42913 -0.01065 -0.07523
0.26567 0.08759 0.28478
0.58199 -0.33758 -0.02933
-0.55625 -0.33111 0.12561
0.28556 0.27969 0.12276
-0.14768 -0.15726 0.46833
-0.59892 -0.41913 0.10108
0.25708 -0.40560 -0.55851
-0.49043 -0.32569 0.28654
0.50055 -0.30206 -0.26497
-0.47947 -0.20117 0.18358
-0.29127 0.30033 -0.08475
0.08467 0.65601 -0.13222
-0.23689 0.42571 0.06688
0.44130 -0.03680 -0.08930
0.28601 0.24018 -0.17455
0.19959 0.37862 -0.18989
0.06368 -0.35539 -0.58780
0.26003 -0.19938 -0.45746
-0.38067 -0.36935 0.44394
0.41807 -0.33903 0.39586
-0.35868 0.01616 0.22203
-0.10256 0.02130 -0.41740
0.52630 -0.33915 0.23761
0.46414 -0.08836 0.09060
0.52061 -0.42992 0.32485
-0.39690 -0.13400 -0.28925
-0.29533 0.25239 0.11802
0.27335 0.16582 0.23233
0.34629 -0.02857 0.27358
-0.17504 0.35027 -0.22526
-0.10718 -0.41622 0.59471
0.01594 0.34226 0.27847
-0.21530 0.03645 0.34720
-0.08208 -0.12347 -0.48408
0.50670 -0.18876 0.09833
0.02486 -0.01348 0.43188
0.54053 -0.30323 -0.18038
-0.35871 0.14096 0.07957
0.39514 -0.05192 -0.23709
0.52919 -0.39787 -0.30081
0.39141 0.07591 -0.09377
0.18299 -0.43048 0.58569
-0.07453 0.44986 -0.23433
0.26211 -0.11216 -0.41031
0.07598 0.82986 0.00729
-0.18413 0.50397 -0.11590
-0.02367 -0.32194 0.56143
-0.22637 0.00328 -0.37495
-0.57236 -0.33148 -0.01768
-0.07811 0.60630 -0.15861
-0.10405 0.32322 0.26482
-0.16308 0.11124 -0.35335
0.38622 -0.50539 -0.52936
0.23155 -0.50607 -0.61368
0.14998 -0.30149 0.53531
0.01311 0.54145 -0.20597
0.17938 -0.12860 -0.46033
-0.31561 0.18542 -0.16199
0.42528 -0.09777 0.21236
-0.00392 -0.05991 0.45031
0.60224 -0.41594 0.12465
0.10700 0.31987 0.26758
0.20014 0.21920 0.26604
-0.00929 -0.50539 0.64170
-0.27424 0.19001 -0.22206
0.02220 0.64248 0.14658
0.45994 -0.22920 -0.27811
0.49622 -0.37795 0.32080
0.04593 -0.42915 0.60926
0.03228 -0.43299 -0.62397
-0.34841 -0.14230 0.34013
-0.39679 -0.32706 -0.41856
-0.62168 -0.44055 0.00907
-0.33455 0.11601 -0.19129
0.25856 0.07680 -0.31381
0.37507 0.10639 0.09425
-0.53997 -0.50530 -0.36266
-0.20780 0.50982 0.02401
0.08940 -0.27842 -0.55239
-0.04000 -0.18120 -0.51664
0.06188 0.49235 -0.21959
-0.50145 -0.34602 -0.29855
-0.43637 -0.09454 -0.18140
0.35170 0.13852 -0.13687
-0.51262 -0.22290 0.10571
-0.54837 -0.43067 0.31533
-0.12901 0.49757 -0.18139
-0.36647 -0.04983 0.25686
-0.51223 -0.19437 0.03734
0.16132 0.55988 0.09758
-0.27464 -0.15885 0.40795
0.40979 -0.23023 0.33373
0.26874 0.03499 0.31166
0.57573 -0.34370 0.07217
-0.25256 0.28133 -0.18472
-0.57522 -0.35194 0.06947
-0.24970 0.41573 -0.02723
0.62001 -0.43904 0.03546
0.19542 -0.07937 0.41535
0.33753 0.20666 -0.07631
-0.49722 -0.31017 -0.27779
-0.29751 -0.43993 0.53916
-0.29924 -0.36180 -0.51379
-0.10545 -0.07842 -0.46033
0.17697 0.29751 -0.25535
-0.16770 0.46083 0.15291
-0.37096 0.13192 0.03237
-0.05230 0.20827 -0.34480
0.13090 0.05923 -0.39222
-0.20209 0.12413 0.31053
0.48196 -0.27588 0.26484
0.02351 0.93218 0.01494
-0.10724 -0.38060 0.57937
-0.15386 -0.01328 0.40033
0.31454 0.09771 0.22447
-0.16609 -0.30607 0.52957
-0.51652 -0.48704 0.36986
-0.46813 -0.42476 0.40736
-0.26611 -0.22588 0.44903
0.16977 0.26476 -0.27755
0.23196 -0.22769 -0.48643
-0.29996 0.03769 0.27772
0.57132 -0.35726 -0.14377
-0.14873 0.28311 -0.27868
0.10101 0.17492 -0.35028
-0.46517 -0.15786 -0.18171
0.08029 -0.10671 0.46273
0.52138 -0.23509 -0.12509
0.27191 -0.17689 0.42587
0.33263 0.04749 -0.25235
-0.05797 0.45143 0.22306
-0.50408 -0.20465 -0.13353
-0.05683 -0.21569 0.51276
0.15247 0.52900 -0.14567
0.32090 0.25030 0.06074
-0.53235 -0.34301 -0.22938
0.58060 -0.42779 0.19964
-0.33023 -0.10049 -0.34752
0.10970 0.70936 0.05948
0.17104 0.61194 -0.01915
-0.33243 0.01355 -0.27095
-0.09372 0.20420 0.32293
-0.22002 0.41984 -0.12759
-0.06208 -0.44617 -0.62818
0.19602 0.06262 0.34787
0.48271 -0.20682 0.19140
0.29060 -0.03876 -0.35191
-0.20686 0.42223 0.13199
-0.28522 0.13648 0.22934
-0.42624 -0.45951 -0.46803
0.05188 0.33361 -0.29209
0.39414 0.02900 0.13892
-0.52971 -0.40379 0.28158
0.43286 -0.05955 -0.16390
0.04844 0.89649 -0.00594
0.42718 -0.03211 0.12482
0.26957 0.36421 -0.07246
-0.23960 0.06716 -0.32965
-0.44725 -0.39624 0.39183
0.04748 0.14616 0.35835
0.14925 0.17280 0.31752
0.29733 0.31934 -0.00951
-0.15577 -0.42795 0.58898
-0.12856 -0.33074 -0.56619
-0.62771 -0.49199 0.11782
-0.10683 0.55527 0.15141
-0.11939 0.43524 0.20549
-0.01675 0.73296 0.10770
0.02866 0.70868 -0.13259
0.10093 0.23924 0.30839
0.06788 -0.20562 -0.52293
0.60223 -0.43051 -0.14943
0.03205 0.27295 -0.31995
0.24561 -0.42453 0.55535
0.39454 -0.23692 -0.36842
0.49851 -0.50619 -0.42424
-0.44247 -0.15643 0.21755
-0.39386 -0.22803 -0.36390
0.21219 -0.21623 0.47233
0.14725 0.42633 -0.20869
0.00396 0.10597 -0.39433
0.03547 -0.30779 0.55823
0.31947 -0.21879 0.41123
-0.17595 -0.10083 -0.44773
0.12639 0.70574 -0.04060
0.08655 -0.25959 0.52823
0.38799 0.10937 -0.03042
-0.58577 -0.46783 -0.23918
0.52937 -0.30864 0.19092
-0.10659 0.17000 -0.35186
0.21345 0.15579 -0.30404
-0.04167 0.83664 -0.06477
0.14826 -0.18865 0.48645
0.01672 -0.04915 -0.46002
0.35480 -0.14902 -0.35712
0.14085 0.67899 0.00851
0.61384 -0.41283 -0.03979
-0.31239 0.26972 -0.02950
-0.10312 0.05120 0.38937
-0.15971 -0.26155 -0.53056
-0.47186 -0.10642 -0.05836
0.23510 0.39486 -0.12670
0.14584 0.61942 -0.09015
0.47865 -0.18264 -0.19066
-0.29713 -0.49536 -0.57800
0.16838 -0.48880 0.61367
-0.14863 0.64595 -0.04309
0.25775 0.30426 -0.17013
0.30877 0.26998 -0.08297
0.19185 0.34840 0.20065
-0.36695 -0.18509 0.34659
0.33284 0.12189 -0.19423
-0.30827 0.18733 0.15635
-0.16962 -0.50636 -0.63546
-0.03305 0.23778 0.31954
-0.41820 -0.04552 -0.16982
0.25844 -0.05182 -0.38127
0.26159 -0.08073 0.38246
-0.54198 -0.28203 0.08525
-0.64653 -0.50186 -0.00861
0.55740 -0.43596 -0.27898
-0.37481 -0.25033 0.38077
0.39760 0.08316 0.00692
0.17508 0.01830 -0.39482
-0.47941 -0.24961 -0.25764
-0.42980 -0.49231 0.47393
-0.15013 0.34160 0.23301
-0.20974 0.36904 0.16407
-0.03965 0.87290 0.03046
0.32997 -0.46964 0.53739
0.17814 0.47405 -0.15175
-0.08235 -0.09486 0.45849
0.59794 -0.49220 0.23278
0.34863 -0.36004 -0.47956
-0.14254 0.05034 -0.39174
0.44385 -0.44217 0.43198
-0.06097 -0.26770 0.53480
-0.50029 -0.16707 -0.03198
0.54106 -0.25080 -0.05226
0.10612 -0.22630 -0.52848
-0.48333 -0.27777 0.25312
0.54847 -0.50514 -0.36396
0.30577 -0.30671 -0.48164
-0.37701 -0.43976 -0.49827
0.10948 0.47737 0.19188
-0.54611 -0.34602 0.18772
0.45909 -0.45680 -0.43825
-0.32139 0.07074 -0.24394
0.49753 -0.50338 0.41273
-0.38303 -0.01398 -0.21930
0.12901 -0.47361 -0.63298
-0.56672 -0.33643 -0.10628
-0.00104 0.04819 0.40400
-0.45899 -0.08952 0.08029
0.45213 -0.15896 -0.22351
0.18323 -0.05539 -0.42550
-0.05969 0.35960 -0.27757
-0.44441 -0.21300 -0.28050
-0.02679 0.11595 0.37257
0.29095 -0.14324 -0.40639
-0.42007 -0.09552 0.20373
0.35750 0.06105 0.19055
0.31375 -0.43045 -0.54087
0.03312 -0.37345 0.58725
-0.08704 0.64915 0.11610
-0.50657 -0.28838 0.21402
0.04476 0.45239 0.22542
-0.23186 0.16267 -0.28266
-0.05907 -0.44365 0.61075
-0.28581 0.30829 0.07958
-0.25437 -0.41437 -0.55959
0.55707 -0.30174 0.07891
-0.19732 0.53307 -0.04825
-0.33861 -0.07200 0.30487
0.15343 -0.31857 -0.55652
-0.50042 -0.45259 -0.37972
0.21069 0.51451 -0.03501
0.42888 -0.10880 -0.22246
0.33378 0.19665 0.09446
-0.23502 0.23049 0.22643
0.37143 -0.43676 0.48970
-0.04899 0.51963 0.19519
0.38739 -0.13541 0.29479
0.38611 -0.15734 -0.32534
-0.09690 0.77078 0.00816
-0.47906 -0.16552 0.14827
0.62008 -0.44852 -0.09263
0.52619 -0.20915 -0.03361
-0.47684 -0.37553 -0.35575
-0.57605 -0.33455 0.02172
-0.45258 -0.05518 -0.02658
-0.24262 -0.50357 0.59188
-0.64023 -0.49502 -0.04688
-0.18236 0.56308 0.03671
0.36094 0.16827 0.00707
-0.09429 -0.16221 -0.49880
0.22525 0.40906 0.11909
-0.43882 -0.45792 0.44306
-0.57442 -0.41352 -0.20226
0.04285 0.08403 -0.40037
0.02132 0.94274 -0.02581
-0.34707 -0.36953 -0.48406
0.06925 0.30758 0.28419
-0.60335 -0.45165 -0.17062
0.23965 0.30480 0.17650
-0.10753 0.68524 0.07483
-0.59307 -0.49522 0.23849
0.16844 0.48598 0.14267
-0.06590 -0.23090 -0.53373
-0.22656 -0.15159 0.43701
0.15315 -0.37045 0.56480
-0.25761 -0.06132 0.36878
-0.11263 0.72013 0.03498
-0.61272 -0.43235 -0.05277
-0.34775 -0.19152 -0.38379
0.57800 -0.43474 -0.23355
0.27536 0.21192 0.19498
0.45371 -0.15577 0.20702
0.04908 0.03140 0.40806
0.42210 0.02215 0.02722
-0.39462 0.05435 -0.10937
0.19468 -0.39524 -0.57650
0.06399 0.83096 -0.04956
0.30233 0.10447 -0.25044
-0.05270 0.87268 -0.02222
0.48411 -0.15222 -0.13174
0.12381 -0.08149 -0.45906
-0.37344 -0.43912 0.48555
0.27576 -0.32699 0.49512
0.00792 0.55861 0.18496
0.24258 0.43305 -0.05543
-0.27390 0.30692 -0.12415
0.64157 -0.49766 -0.09214
0.45094 -0.34538 -0.37359
-0.21409 0.11756 -0.32283
0.40898 -0.35458 -0.42976
-0.18701 -0.26377 0.50264
0.44190 -0.08969 0.15659
0.35130 -0.35618 0.46147
-0.14048 0.40657 -0.22273
0.09399 -0.38909 0.58334
-0.10443 0.56933 -0.16182
0.52173 -0.33202 -0.24995
-0.26746 -0.21797 -0.46053
-0.20184 0.21931 0.26085
0.15622 -0.11737 0.45162
-0.14464 0.24856 0.28413
0.44312 -0.01719 -0.03048
-0.23427 0.07653 0.31292
0.54867 -0.46705 -0.32929
-0.31970 0.24370 -0.07392
-0.23726 -0.42697 0.55886
-0.06755 0.75843 -0.08687
-0.05172 0.00194 -0.43479
0.40636 0.02857 -0.12602
0.48610 -0.13308 0.05978
-0.31040 0.25058 0.08267
0.20848 -0.29526 -0.52583
-0.24945 0.23604 -0.22303
-0.01387 0.82741 0.06728
0.38946 -0.39570 -0.46963
0.07416 -0.05043 -0.45553
-0.28899 0.32018 -0.04855
-0.16799 0.61071 0.00045
-0.40318 0.03633 0.08586
-0.61944 -0.45250 0.06713
-0.31415 0.08113 0.23181
0.10065 0.05205 0.38998
-0.02960 -0.09997 -0.48308
0.01312 0.32729 -0.29821
0.30146 -0.07997 -0.36588
-0.19494 0.38614 -0.18849
-0.03611 0.64891 0.14085
0.19245 -0.28990 0.51640
0.59129 -0.42089 -0.18772
-0.42791 -0.16141 0.25384
-0.01624 -0.17346 0.49814
0.04590 -0.14951 0.48744
0.35782 -0.04638 -0.28499
0.31994 0.16499 -0.17812
0.05801 0.40767 0.24257
0.10054 0.53396 0.16925
-0.55444 -0.28342 0.01400
0.25053 -0.12849 0.41293
-0.43938 -0.07447 0.14094
0.19310 0.27047 0.24324
-0.05027 0.26834 -0.31899
-0.33096 -0.17080 0.37475
0.10947 0.14269 0.34894
-0.04841 0.56990 -0.18794
0.56604 -0.45010 0.26760
0.56928 -0.32903 -0.08554
0.40527 -0.46197 -0.49327
0.62465 -0.46244 0.09750
0.30572 -0.19657 -0.42398
-0.20246 -0.26962 -0.51527
-0.09149 -0.02949 -0.44148
0.55768 -0.31511 0.12129
0.39052 -0.17334 0.31868
0.23928 0.43687 0.05276
-0.58984 -0.38100 -0.06146
-0.33023 0.23117 -0.01536
0.01503 -0.10659 0.47207
-0.18599 -0.21063 0.47874
0.20575 -0.17956 -0.47399
-0.53044 -0.27140 -0.14483
0.23878 0.24461 -0.23264
0.03551 0.41535 -0.25832
0.21596 0.45409 -0.10762
-0.36464 0.04211 0.18290
-0.25632 0.30468 0.14864
-0.40582 -0.27433 -0.38146
0.07286 0.52778 -0.19941
0.22215 0.48384 0.03986
0.13206 0.66048 -0.07801
0.51256 -0.37212 -0.31035
0.50329 -0.35429 0.29302
-0.47139 -0.23657 0.23688
0.22539 0.46738 -0.06810
-0.42157 -0.03798 0.14208
-0.05525 0.28506 0.29723
-0.46554 -0.45012 0.40599
0.37624 -0.26860 -0.41138
-0.20966 -0.44143 -0.59324
-0.34648 0.18556 0.03867
-0.20802 0.29526 -0.22841
-0.61662 -0.45304 -0.11002
-0.15334 0.60819 0.06132
-0.12198 0.45055 -0.21189
0.48828 -0.13778 -0.07234
-0.28805 -0.16555 -0.41933
0.45452 -0.07844 -0.11723
0.10041 -0.15702 0.48111
-0.36244 0.15554 -0.01952
-0.00582 -0.44248 0.61491
0.55898 -0.36867 0.18488
0.15379 0.39255 0.20785
0.46150 -0.34724 0.34741
-0.33695 0.15602 0.12662
0.20344 0.20572 -0.28490
-0.29191 0.01316 -0.31601
0.09374 -0.45579 0.61244
-0.46941 -0.12527 0.10955
-0.55537 -0.34177 -0.16462
-0.33121 -0.35099 0.46897
0.09466 0.30148 -0.29480
-0.19379 0.21752 -0.28388
0.30183 -0.08304 0.35000
-0.47511 -0.33925 0.32056
0.15771 0.14469 -0.34343
0.14570 0.04318 0.38052
-0.30002 -0.05945 0.33810
0.03236 0.16964 -0.36442
-0.26710 0.00430 0.32776
-0.30627 0.15202 0.19387
-0.12020 0.32315 -0.27302
0.03072 0.19570 0.33972
0.26313 0.39152 0.02594
-0.34108 -0.29435 -0.44698
0.09889 0.44327 -0.22852
-0.39261 -0.16711 0.30399
-0.35138 0.17009 -0.07420
0.36774 0.01838 0.20784
0.03494 0.79322 -0.09202
0.00146 0.78686 0.08608
-0.09687 0.69781 -0.09553
-0.44121 -0.03344 0.04251
0.10276 -0.21619 0.50647
-0.44346 -0.36562 -0.39599
-0.41678 0.03401 0.00322
-0.13337 -0.27372 0.52672
0.02694 -0.22406 0.52325
0.01083 0.89851 -0.05239
0.09204 0.77066 0.03857
0.32467 -0.05381 0.31448
0.04470 -0.15107 -0.50146
-0.05738 -0.35415 0.57235
0.33033 -0.38430 -0.50508
0.48700 -0.25782 -0.24910
-0.13582 0.22303 -0.31313
-0.28324 0.22895 -0.18010
-0.36064 -0.12337 -0.33307
-0.21877 -0.34424 0.52781
0.29248 0.00602 -0.32713
0.37694 -0.03542 0.23493
0.16593 0.29303 0.25283
0.01449 0.22493 0.32925
-0.21378 -0.07236 -0.41662
-0.25738 0.18597 0.22949
0.41969 0.01862 -0.07491
-0.22092 0.47505 0.03551
-0.49343 -0.14474 0.02131
-0.56956 -0.33337 -0.05883
0.36092 -0.00535 -0.25390
-0.09533 0.47477 0.19880
-0.59968 -0.44402 0.15833
0.04130 0.58770 -0.18354
0.50473 -0.41838 -0.35820
-0.19340 0.32929 0.20915
0.01768 -0.10315 -0.48319
-0.02078 0.90876 0.02652
-0.51675 -0.44413 0.34094
0.06821 -0.43031 -0.61967
0.54051 -0.25218 0.02424
0.35879 -0.09296 0.30387
-0.08015 -0.36457 -0.58945
0.33501 0.16075 0.13609
-0.15250 0.15340 0.32472
0.48928 -0.31068 0.28040
0.38959 0.06689 0.10391
0.13418 0.29277 -0.28439
0.08205 -0.02961 0.42883
-0.04219 0.12765 -0.38170
0.05891 0.61224 -0.16593
0.28803 0.28066 -0.12912
-0.52333 -0.23814 -0.11830
-0.11513 -0.44417 -0.61797
0.04877 -0.24585 -0.54193
-0.46292 -0.12140 -0.14218
0.42284 0.00599 0.08898
0.26352 0.12919 0.26329
0.30217 0.16126 0.19459
-0.06744 0.15618 -0.36483
0.43960 -0.26940 0.32046
-0.18723 -0.40443 0.56678
-0.18005 0.29663 -0.25110
0.16626 0.13184 0.32897
-0.53925 -0.37670 0.23361
-0.52968 -0.22991 0.02615
0.13114 -0.03048 0.42056
-0.60219 -0.40679 0.05199
0.19843 0.51877 0.06224
0.46019 -0.06961 0.04355
0.02123 -0.00032 -0.43859
-0.48887 -0.44864 0.37719
-0.08718 0.78344 -0.03941
-0.56489 -0.45412 -0.27934
0.00900 -0.33434 -0.58353
0.13310 0.59253 -0.12635
-0.51151 -0.39449 -0.32043
0.30276 0.01021 0.29700
0.23719 0.04149 0.33448
-0.36756 0.09194 -0.13653
0.30921 0.23690 0.11145
-0.03117 0.07145 -0.40813
-0.14608 0.62392 -0.07770
-0.25608 0.12248 -0.28485
0.41375 -0.28710 0.37039
-0.18567 0.01678 0.37502
0.46488 -0.06637 -0.02584
-0.04352 -0.09894 0.46365
-0.22864 -0.33711 -0.53502
-0.26655 -0.46460 0.56537
0.13546 0.10772 -0.36842
-0.27177 0.36443 -0.02756
0.14078 -0.06495 0.43388
-0.47396 -0.11220 0.05138
-0.42861 -0.50342 -0.49064
-0.44942 -0.34915 0.35779
-0.16743 0.00817 -0.40010
-0.42312 -0.36603 0.40042
-0.34212 0.06444 0.20854
-0.41179 -0.26549 0.34681
-0.54317 -0.26687 -0.03314
0.10878 0.69243 -0.08865
0.46768 -0.26684 -0.29972
-0.03360 0.32648 0.28129
-0.04154 0.66832 -0.14627
0.48635 -0.15358 0.11465
0.10629 0.68000 0.08631
0.37405 0.12093 -0.08098
0.10460 0.36093 0.24927
0.23664 0.21841 0.23587
0.01086 0.23376 -0.33869
-0.42496 -0.02425 -0.12460
-0.37674 -0.09096 -0.28584
0.10071 0.58981 0.14191
-0.27358 -0.35168 0.50970
-0.02787 -0.02165 0.43173
0.27034 -0.33558 -0.52158
-0.36626 -0.09018 0.28405
0.10670 0.62228 -0.13445
-0.25517 0.12157 0.27469
-0.33481 0.14831 -0.15578
-0.58941 -0.45275 0.20322
-0.09414 0.39195 0.23705
-0.16732 0.47453 -0.16192
0.41107 -0.04226 -0.19311
0.19145 -0.09876 -0.44231
-0.25582 -0.11693 -0.41812
0.09015 0.79208 -0.03284
0.17907 -0.00877 0.38956
-0.06893 0.05299 -0.40952
0.30779 -0.26513 0.44697
0.37303 0.09565 -0.13464
0.22236 -0.46181 -0.59682
0.21298 -0.03762 -0.40568
0.05471 -0.29978 -0.56463
0.28867 0.05397 0.28432
0.00194 0.38136 0.26077
-0.20031 -0.03848 0.39492
0.05221 0.04297 -0.41724
-0.35590 -0.32434 0.43771
0.34978 0.19770 -0.02889
-0.35080 0.11249 0.14110
-0.39589 -0.08076 0.24063
0.16705 -0.17811 -0.48742
-0.24543 -0.18427 -0.45484
-0.42102 -0.11181 -0.23822
-0.26089 -0.37782 -0.53925
0.58507 -0.40517 0.15901
0.51193 -0.22261 0.13096
-0.29178 -0.08606 -0.37169
-0.24346 -0.09537 0.39653
-0.50230 -0.18858 0.07940
0.42327 -0.13423 0.24268
-0.18975 0.55841 -0.01012
0.10399 0.03648 -0.41241
-0.37774 0.09739 0.07925
-0.07126 -0.39484 0.58866
-0.34678 -0.05788 -0.30387
0.10359 -0.31150 0.54785
0.37341 0.06817 0.14673
-0.50365 -0.37350 0.30674
0.60297 -0.40834 0.07896
0.02137 -0.37298 -0.59908
-0.29397 -0.21332 0.42293
-0.12490 0.47370 0.18148
0.27126 0.25170 0.17108
0.21676 0.11260 -0.32434
0.30485 0.29097 0.04399
0.50806 -0.16815 -0.01838
0.27443 -0.46559 -0.57959
0.45124 -0.37342 0.38163
0.13028 0.39441 -0.23730
0.21545 0.29164 0.21264
0.25787 0.35601 -0.11731
0.04436 -0.46632 -0.63727
0.05303 -0.06329 0.44862
0.27476 -0.23708 -0.46688
-0.49022 -0.15177 -0.07169
-0.16114 -0.12626 0.44927
-0.12676 0.63701 0.08410
-0.03749 -0.33146 -0.58254
0.29782 0.30551 -0.05729
0.55342 -0.46430 0.30371
-0.26082 -0.02580 -0.36392
0.26746 -0.00494 0.33510
-0.10954 0.15671 0.33885
-0.17722 -0.13574 -0.46366
-0.19167 0.52909 0.05943
0.18001 -0.33550 0.54378
-0.08092 0.65941 -0.13110
0.36231 0.02301 -0.23142
0.05382 0.45364 -0.24020
-0.49900 -0.24278 0.18396
0.33457 -0.05507 -0.31851
-0.37589 -0.35730 -0.45303
-0.35191 0.03753 -0.22520
-0.21071 0.33551 -0.20361
0.06204 0.66000 0.12754
0.01191 -0.49167 -0.65103
-0.19857 0.41468 -0.16207
0.51203 -0.28186 -0.21981
0.19767 -0.24510 0.49276
0.12660 -0.49299 0.62286
0.43786 -0.24444 -0.32180
-0.35341 -0.49270 -0.54771
0.64372 -0.48730 0.00204
-0.46364 -0.27938 0.29426
0.27509 0.31130 0.11186
-0.17256 -0.32840 -0.55703
-0.11938 -0.03084 0.42091
0.22863 -0.37768 -0.55612
0.12344 0.27937 0.27909
-0.23925 0.37864 -0.12938
-0.26367 0.36986 0.05298
0.03295 0.74652 -0.11407
-0.32089 0.00346 0.27563
-0.24091 0.43927 0.01049
0.33754 0.08181 -0.22359
0.36537 -0.39769 0.47291
0.20177 0.04363 -0.37097
-0.06561 0.09386 0.37867
-0.54932 -0.29981 -0.12480
-0.17841 -0.17453 -0.48147
0.54845 -0.39002 -0.25153
0.38504 0.10469 0.04449
0.49047 -0.18878 0.14748
-0.14260 0.35179 -0.24902
0.21002 0.33756 -0.20486
-0.08254 0.77871 0.04004
0.60714 -0.40224 0.00150
-0.00731 0.29707 0.29626
0.04896 0.64772 -0.15335
-0.20351 0.46051 -0.12074
-0.09565 0.28140 -0.30422
-0.29658 0.31066 -0.00867
-0.42750 0.00478 0.02582
-0.55421 -0.38658 -0.22398
0.23594 -0.07762 -0.41055
-0.03480 -0.26260 -0.55301
0.05610 0.62129 0.14863
-0.50929 -0.23749 -0.16040
-0.02064 0.35132 -0.28806
0.15952 0.63376 0.01766
0.13807 -0.13038 -0.47619
0.60295 -0.47329 0.19533
0.50561 -0.21318 -0.16044
-0.03855 0.45984 -0.23762
0.21015 -0.25901 -0.50867
-0.47305 -0.31866 -0.31864
0.18853 0.57224 -0.01100
0.64036 -0.50151 0.11021
0.37989 -0.22757 0.36546
-0.04960 -0.05738 0.44522
-0.14341 0.30554 0.25661
-0.39091 -0.33841 0.42038
0.04509 -0.26023 0.53581
0.17281 0.59214 -0.05807
0.28219 -0.41441 0.53351
0.46602 -0.47679 0.43278
-0.23024 0.38868 0.11928
0.56417 -0.30966 0.03682
0.20762 -0.40013 0.56151
-0.16760 0.54228 -0.11087
-0.06865 0.55485 0.17195
-0.35077 -0.26336 0.40937
0.22487 -0.31139 0.51146
0.33537 -0.42771 0.51488
-0.18108 0.08764 0.34434
-0.41897 -0.23482 -0.33314
-0.17537 0.25626 -0.27763
-0.19003 -0.15363 0.45125
-0.58883 -0.36901 -0.01412
-0.33827 -0.10672 0.32847
0.03639 0.13011 -0.38109
0.59740 -0.47326 -0.23103
-0.10029 0.59348 0.13598
0.38995 0.06304 -0.13146
0.23257 0.16296 0.27034
0.29939 -0.29388 0.46844
-0.50326 -0.28362 -0.23478
-0.54095 -0.47408 0.32886
0.20860 0.25334 -0.25633
-0.25726 0.40098 0.01243
-0.26037 0.02636 -0.33508
-0.02777 0.53722 -0.20581
-0.05727 0.04505 0.40043
0.21075 0.43955 0.11699
-0.23645 0.41679 -0.08925
-0.29924 0.16161 -0.20760
0.53869 -0.33001 -0.21153
-0.42835 -0.41830 0.42909
-0.04931 -0.14352 0.48234
0.44615 -0.03139 0.01589
-0.09663 -0.24743 0.52294
0.42739 -0.19378 -0.30045
-0.05361 0.82332 0.04692
0.37701 0.13017 0.01091
-0.31967 -0.01334 -0.30757
-0.01430 0.62318 0.15520
0.18741 -0.47580 -0.61594
-0.21971 -0.04376 -0.40032
-0.29132 -0.38950 0.51708
0.18059 0.50604 -0.12748
-0.00519 -0.40191 -0.61387
0.11253 -0.31527 -0.56624
-0.11486 -0.28626 -0.54922
0.07043 0.09646 0.37596
-0.51606 -0.19904 -0.00918
-0.11078 -0.18467 0.49428
0.54894 -0.29763 -0.12332
0.15545 0.56422 -0.11861
0.35382 -0.00091 0.24214
0.04890 0.81688 0.05821
0.22756 0.06893 -0.33965
-0.32995 0.03018 0.24698
-0.00171 -0.44121 -0.63049
0.45935 -0.06941 -0.06748
-0.31157 0.04717 -0.27558
0.25886 -0.15628 -0.43570
-0.29659 0.09285 -0.26281
0.15641 0.43776 0.18033
0.45772 -0.13476 -0.18695
0.11935 -0.27625 0.52971
-0.48336 -0.12681 -0.02731
-0.06873 -0.48314 -0.64312
-0.44482 -0.19681 0.25350
0.40433 -0.44539 0.46694
-0.01352 0.59116 -0.18483
-0.54792 -0.43425 0.27345
0.02246 0.50027 -0.22289
0.37735 -0.18351 -0.35326
-0.00759 0.70763 -0.13513
-0.26986 0.24918 0.17242
-0.49502 -0.18827 0.11999
0.37586 -0.34354 -0.45184
0.04026 0.37086 0.26173
-0.41840 -0.12258 0.23482
-0.07342 0.23320 0.31708
-0.47438 -0.41528 0.37219
-0.55996 -0.47082 0.28475
0.47724 -0.20995 -0.22141
0.59661 -0.37771 -0.05074
-0.39684 0.06672 -0.06345
-0.38661 0.06769 0.10235
-0.38092 0.09165 -0.10021
0.13826 0.33493 0.24589
-0.37539 -0.18157 -0.35504
0.12362 0.72162 -0.00440
-0.00325 0.80725 -0.09249
0.20792 0.52516 -0.00084
0.35209 -0.24398 0.39797
0.00684 0.19988 -0.35363
-0.12292 0.62253 -0.11463
-0.46008 -0.15925 0.18262
-0.42393 -0.16657 -0.27501
0.52902 -0.37025 0.26821
0.30791 -0.35147 0.49173
0.40577 0.06396 -0.04183
-0.05692 0.17280 0.34544
-0.21736 0.26414 0.22502
-0.23041 -0.24998 -0.49295
0.46669 -0.21768 0.24311
0.43827 -0.36483 -0.40168
0.17472 0.20403 0.29086
-0.45601 -0.48493 -0.45730
-0.29220 -0.32449 -0.49942
0.02185 0.72956 0.10871
-0.32987 -0.45977 -0.54589
-0.58392 -0.38220 0.09488
-0.33683 0.08384 -0.21211
-0.06762 -0.32585 -0.57479
-0.02593 -0.46855 -0.64430
-0.29001 -0.27300 0.45697
-0.47059 -0.19522 -0.21367
-0.40496 -0.46080 0.47483
0.02678 0.68139 0.12882
0.19631 0.10516 0.32760
0.58082 -0.34772 0.03384
0.30987 0.15002 -0.21103
-0.44068 -0.43007 -0.43943
-0.48131 -0.41129 -0.37611
-0.01083 -0.21379 0.51598
0.23435 -0.45699 0.57596
-0.17808 0.42427 0.16494
-0.44813 -0.08110 -0.13225
-0.13831 -0.33121 0.55117
0.35210 -0.46716 -0.53324
-0.53369 -0.37320 -0.26354
0.08131 0.72235 0.08396
-0.11957 0.00548 0.40425
0.30092 0.20381 -0.17951
0.05794 0.86611 -0.02819
-0.11457 0.13082 -0.36668
-0.17966 0.48415 0.12308
-0.32864 0.23253 0.02378
-0.56165 -0.39765 0.20682
-0.32344 0.20915 -0.11072
0.19204 0.55304 -0.04558
0.13758 0.24321 -0.30578
-0.44066 -0.12428 -0.20690
-0.10414 0.52520 -0.18487
0.47934 -0.39701 0.35916
-0.15247 0.52070 0.13109
-0.28009 -0.46088 -0.56962
0.07078 -0.29608 0.54691
-0.12669 0.25936 -0.30019
0.35892 0.09547 -0.16510
-0.12697 0.67125 -0.07081
0.11909 -0.35018 0.56196
-0.16444 -0.46719 0.60374
0.25316 0.39667 -0.08536
0.07642 0.15641 -0.36626
-0.07244 0.69392 0.10288
-0.08636 0.48918 -0.21020
-0.14379 0.66525 -0.00949
0.51233 -0.24836 0.16213
0.27187 0.03911 -0.32423
0.58136 -0.45315 0.22935
-0.12026 0.12571 0.34910
0.33941 -0.20551 0.38706
-0.41939 -0.18681 0.28522
-0.11739 0.22862 0.30316
-0.51446 -0.48876 -0.38672
-0.05576 -0.41113 -0.61403
-0.05230 -0.14373 -0.49815
-0.29888 0.22173 0.14155
0.52905 -0.23702 -0.08634
-0.10555 0.42291 -0.23262
-0.27026 -0.26446 -0.48123
0.10513 -0.19091 -0.51332
0.36772 -0.30721 0.42027
-0.52365 -0.23401 0.07055
0.32370 -0.49811 0.55378
0.34812 0.16135 0.09934
-0.00729 0.08233 0.38875
0.10533 -0.50190 -0.64725
0.26720 0.31824 -0.13565
0.00717 -0.34796 0.57534
-0.00980 0.14382 0.36205
-0.39637 0.07830 -0.01190
0.13180 -0.28764 -0.55028
-0.18650 0.03380 -0.37909
0.23174 -0.09104 0.40395
-0.21809 0.33279 0.17832
-0.16554 -0.37353 -0.57831
-0.01319 0.94246 0.01418
0.09258 -0.11887 -0.48340
-0.20921 0.47965 -0.08523
0.29322 0.29488 0.08267
-0.21566 -0.24793 0.48497
0.17072 0.38559 -0.21359
0.40776 -0.27465 -0.37785
-0.50679 -0.19536 -0.09680
0.26260 0.26335 -0.19172
0.61242 -0.46833 -0.18514
0.11002 0.73909 0.02877
-0.37337 -0.14440 0.31177
-0.41878 -0.37484 -0.42688
0.08791 0.33680 -0.28113
-0.20419 0.52478 -0.01068
0.38114 -0.35256 0.43440
0.35153 0.18069 0.05336
-0.35835 -0.00094 -0.24477
-0.37910 0.12030 -0.00263
0.06595 0.25343 0.30836
-0.59438 -0.38157 0.03393
0.41701 -0.07400 -0.21258
0.53498 -0.41514 0.29329
-0.46266 -0.07711 0.02876
-0.32139 0.21410 0.10101
-0.55546 -0.30104 0.05573
0.58793 -0.37554 0.08944
0.30586 0.07042 -0.26896
-0.24781 0.38385 0.08648
-0.41050 0.03666 0.04348
0.53322 -0.26828 -0.13998
-0.63083 -0.49067 -0.13272
-0.37484 -0.28264 -0.41211
0.20759 0.36926 0.17408
0.54534 -0.31779 0.15856
0.03214 0.36595 -0.27989
-0.18416 -0.06636 0.41353
-0.07457 -0.32648 0.55892
-0.52680 -0.25704 0.10964
-0.02602 0.23373 -0.33834
-0.37397 -0.21898 0.36084
-0.09418 -0.45239 0.61143
0.00364 0.45144 0.23074
0.29165 0.09439 0.25918
-0.63160 -0.46677 0.03334
-0.22024 -0.40939 -0.57315
-0.15252 -0.39058 0.57310
-0.36054 0.07997 -0.17080
-0.11619 -0.37186 -0.58628
0.28069 0.20313 -0.21036
-0.27160 -0.41370 0.54029
0.18056 -0.18096 0.47037
0.43199 -0.14140 -0.24889
0.17355 0.60011 0.02296
-0.14848 0.37567 0.21632
-0.19989 -0.29891 0.51399
0.43302 -0.44135 -0.45903
-0.41835 -0.07574 -0.20730
0.50784 -0.44616 0.35521
0.26285 -0.01032 -0.35644
-0.35123 -0.00888 0.24769
0.45054 -0.18284 -0.25119
-0.11802 0.35326 0.24602
0.05069 -0.02092 -0.44488
0.15216 0.49480 -0.16888
0.13403 -0.14104 0.46822
0.05922 0.86123 0.01512
0.41496 -0.05486 0.18689
-0.08515 0.02030 0.40864
-0.54044 -0.47647 -0.34044
0.16044 -0.39499 -0.58886
0.41722 -0.01747 -0.15472
0.52587 -0.21944 0.03041
0.07146 0.48753 0.20479
-0.10809 -0.24861 -0.53401
0.19813 -0.47281 0.60033
0.27594 0.11197 -0.27689
-0.06261 0.72831 0.09174
-0.33214 0.20892 0.06227
0.09980 0.07745 -0.39522
-0.25210 -0.17690 0.43319
0.38662 -0.06498 0.24322
0.17729 0.41462 -0.19245
0.23197 -0.32239 -0.52966
-0.03443 -0.48254 0.62965
-0.12921 -0.11037 0.45364
0.47452 -0.10294 0.04380
0.56407 -0.46758 -0.29679
0.25309 -0.21138 0.45097
0.29823 -0.27135 -0.46840
0.10346 0.12493 -0.37221
0.54546 -0.27119 0.06118
-0.36501 0.14201 -0.05666
-0.11050 0.60003 -0.13954
-0.29174 -0.24467 -0.46054
0.33371 0.10123 0.19446
0.14022 -0.46361 0.60766
-0.23170 0.03311 -0.35535
-0.45507 -0.48987 0.44501
-0.30556 -0.47278 0.55073
-0.27861 0.33427 0.05620
0.32849 0.23974 -0.04582
-0.23349 0.27263 -0.21845
-0.52679 -0.33726 0.22027
-0.01262 0.01172 -0.43638
-0.12361 -0.01829 -0.43094
-0.52826 -0.41588 0.33068
-0.61258 -0.46249 0.13078
-0.22993 0.30411 -0.19998
-0.44319 -0.03888 -0.05351
-0.24579 -0.26855 0.48341
0.28911 -0.20761 0.43043
-0.19875 0.15637 0.29598
-0.34103 0.17280 -0.10801
0.17825 0.16564 -0.32353
-0.04965 0.63582 -0.15790
0.24286 0.38023 0.11394
-0.20348 0.15142 -0.31277
0.53320 -0.47280 -0.36059
0.09763 -0.42383 0.59783
0.07059 0.27234 -0.31684
0.00570 0.07348 -0.40817
-0.47148 -0.31163 0.30644
0.12683 0.65265 0.07744
-0.05742 0.79086 -0.07720
0.29168 0.32297 0.03705
-0.32425 -0.12962 0.35788
-0.34400 0.20217 -0.00079
0.05856 0.06560 0.39150
0.58531 -0.39697 -0.16252
0.23963 -0.17461 0.43984
0.31409 -0.02695 -0.32415
-0.05322 -0.18340 0.49917
-0.04191 0.48882 0.21064
-0.59980 -0.40819 -0.08143
0.20815 0.40963 -0.15899
-0.47873 -0.28064 -0.28209
0.22710 0.43699 0.08605
0.12367 0.54993 -0.16046
-0.49116 -0.24998 -0.22584
-0.17716 -0.47551 -0.62069
-0.28222 0.17345 0.20824
0.31407 0.27595 0.01264
-0.12194 -0.18323 -0.50309
-0.13519 -0.49929 -0.63845
-0.29014 0.26531 -0.13176
-0.23033 -0.29255 -0.51314
0.54584 -0.25647 -0.01549
0.16602 0.51546 0.12409
-0.42836 -0.26990 -0.34597
0.54125 -0.34772 0.20730
-0.38439 -0.28549 0.39283
0.30118 0.22873 0.14376
0.38178 0.03010 0.17147
0.20903 -0.14666 -0.45778
-0.26386 0.34470 -0.10437
0.34338 -0.32441 -0.46457
-0.41768 -0.01075 0.11998
0.31843 -0.32510 0.47163
-0.02418 -0.29005 0.54765
0.52948 -0.37358 -0.27554
-0.56927 -0.38594 -0.18182
0.28881 0.13759 -0.24443
-0.43576 -0.33266 -0.38234
0.40237 0.06601 0.03677
0.18813 -0.12150 0.43870
-0.10792 -0.47477 -0.63257
0.39873 -0.07966 -0.25754
0.14668 0.66623 -0.02317
-0.01481 0.85824 -0.06825
0.38702 -0.19835 0.34239
-0.43946 -0.27125 0.31767
-0.09128 -0.21011 0.50734
-0.33796 -0.26011 -0.43042
-0.14712 0.17212 -0.33196
0.48366 -0.38626 -0.36187
-0.02590 -0.02624 -0.45161
-0.24133 0.10129 -0.30910
-0.18921 0.36456 0.19153
-0.27881 0.29467 0.11055
0.56898 -0.31465 -0.05164
-0.10882 0.21008 -0.33185
0.55535 -0.38692 0.21773
-0.48160 -0.18681 -0.17290
0.40605 0.03525 0.09838
0.26236 -0.03260 0.35486
-0.20066 0.09093 -0.34544
0.09336 0.74194 0.05845
0.57917 -0.35550 -0.09483
0.33209 -0.27167 -0.44485
-0.08826 0.72906 -0.08445
0.35895 -0.47596 0.52212
-0.58742 -0.44494 -0.20595
-0.42915 -0.08420 0.17276
-0.15445 0.02965 0.38052
-0.12396 0.39898 0.22128
0.51593 -0.47754 0.36714
0.12969 0.49495 0.17072
-0.24018 0.04479 0.32541
-0.29661 -0.14549 0.38555
-0.25017 0.17833 -0.25853
-0.21729 0.37378 -0.16593
0.38633 -0.12226 -0.30166
0.30577 0.26259 0.08869
0.23360 -0.05884 0.38785
0.47227 -0.17105 0.17520
0.26196 0.29233 0.15399
-0.38578 -0.03488 0.21574
-0.42347 -0.20841 -0.30697
0.15079 -0.42322 -0.60527
0.59348 -0.37233 0.01032
-0.32587 -0.31983 0.45638
-0.03952 0.75328 0.09195
0.36512 -0.12341 0.31760
-0.21617 -0.07147 0.40313
-0.60307 -0.42783 -0.14059
0.46749 -0.10771 -0.11601
-0.05109 0.39019 -0.26576
0.29983 -0.22953 -0.44537
-0.15801 0.50554 -0.15203
0.14199 0.66193 0.03774
-0.24831 0.24854 0.19853
0.06232 0.71784 -0.11548
0.20129 -0.50602 0.61458
0.16791 0.23179 -0.29612
0.57392 -0.34635 0.10583
-0.25094 0.40204 0.04563
-0.51111 -0.43137 -0.34859
-0.12552 0.68916 0.03878
0.16048 0.06691 -0.37794
-0.45447 -0.19581 -0.25328
-0.31887 -0.09000 0.34043
0.39700 0.02237 -0.15763
0.15652 -0.40289 0.57833
0.49760 -0.18306 -0.13147
0.52489 -0.44545 -0.35223
-0.08981 -0.41785 -0.61096
-0.63248 -0.47226 -0.02344
0.48755 -0.25041 0.23275
-0.28010 0.25769 -0.16308
-0.50356 -0.42088 0.36370
0.34206 0.18305 -0.10898
-0.24818 -0.13776 0.41543
-0.37831 -0.41101 -0.48107
0.04701 -0.48621 0.63392
0.47493 -0.48949 -0.44120
-0.00482 -0.07196 -0.47173
0.58213 -0.47836 0.25886
-0.21327 -0.11366 -0.43641
-0.44916 -0.05952 0.06187
-0.47618 -0.12339 -0.09249
0.63132 -0.46925 0.05487
0.43633 -0.24123 0.30405
0.35055 0.13190 0.12960
-0.57068 -0.35206 -0.13548
-0.09521 0.35882 -0.26778
-0.16012 0.07189 -0.37335
0.10177 0.17280 0.33718
-0.09790 0.06558 -0.39893
-0.17447 0.55593 0.06908
0.18057 0.03940 0.36606
0.23363 0.32318 -0.18632
0.62248 -0.44096 -0.06032
0.52805 -0.27270 -0.17615
-0.21037 0.18880 -0.28606
-0.51477 -0.31406 -0.24135
0.01162 0.57119 -0.19329
-0.42141 -0.00305 0.07973
0.03606 0.67908 -0.14373
0.26217 -0.49169 -0.59597
0.13266 0.02010 -0.40944
0.26080 0.19780 0.22633
-0.09535 -0.19923 -0.51474
0.28006 -0.09289 -0.38764
-0.39952 -0.10155 -0.26124
0.42427 -0.39049 0.41947
-0.30719 0.26900 0.05535
0.23514 0.16820 -0.28234
-0.01064 0.52928 0.19596
-0.06431 0.84233 -0.02837
-0.36089 0.16299 0.01266
0.41941 0.00741 -0.10423
-0.26519 -0.03535 0.34987
0.47134 -0.44015 -0.41254
0.17476 -0.03861 0.40569
0.56603 -0.35826 -0.17624
-0.46456 -0.37792 0.35895
0.01962 -0.17139 -0.51241
0.18184 0.53970 0.08155
0.46077 -0.11871 0.14116
0.45166 -0.05834 0.08551
0.44087 -0.11684 0.19347
0.28409 0.34887 -0.00358
0.40695 -0.41306 0.44663
0.05854 -0.35315 0.57392
-0.46132 -0.25273 0.27489
-0.40321 -0.43708 -0.47479
-0.32279 -0.20102 -0.41005
0.55965 -0.32750 -0.13637
-0.05012 0.09853 -0.39299
0.30748 0.12732 0.21240
-0.46635 -0.08820 -0.03172
-0.05608 -0.08443 -0.47165
0.23988 0.40595 0.08988
0.40710 -0.01691 0.16090
-0.49491 -0.16161 0.05465
-0.17640 -0.17842 0.46753
0.14866 0.58968 0.09337
0.23976 0.09181 0.30415
-0.14629 -0.09065 -0.45674
0.07890 0.56518 -0.18013
-0.10429 -0.05462 0.43726
0.28048 0.26802 -0.15816
0.10907 0.65864 -0.11087
-0.38976 -0.19344 0.32497
-0.12467 0.69731 -0.04446
0.30744 0.06404 0.25977
-0.20613 -0.15998 -0.46166
-0.35251 -0.44099 -0.51951
0.05602 -0.45803 0.62006
0.00537 0.97053 0.00663
0.22362 -0.28188 0.49807
0.02173 -0.12938 -0.49414
-0.35073 -0.20599 0.37934
0.07071 0.42667 -0.24636
-0.50497 -0.17011 0.00646
0.00578 0.11823 0.37444
0.04351 0.82450 -0.07278
0.43055 0.00823 -0.00075
0.07957 0.13414 0.35793
-0.33290 -0.16121 -0.37929
0.44224 -0.09592 -0.18071
0.22938 0.22508 -0.25658
-0.26795 -0.31815 0.49607
0.60829 -0.43139 -0.11722
0.10110 0.51276 -0.19574
0.00216 0.74050 -0.12121
-0.57172 -0.36359 0.11812
0.34504 -0.49265 -0.55153
0.29709 -0.40311 -0.53821
-0.38307 0.09796 0.04758
-0.12421 0.27309 0.28037
-0.29024 -0.13847 -0.40233
0.13872 0.12642 0.34437
0.10366 -0.18642 0.49334
0.49335 -0.15473 0.08346
0.04925 -0.06808 -0.46532
0.18555 -0.02172 -0.40928
-0.30628 0.27232 -0.07864
-0.60403 -0.47246 -0.19485
-0.23921 -0.47339 0.57934
-0.00261 0.85521 0.05629
0.35975 -0.38905 -0.48696
0.22012 -0.13910 0.43212
0.12152 0.59877 0.11943
0.37091 0.09274 0.12280
0.33897 0.06168 0.21653
-0.20825 0.06577 0.33679
0.51140 -0.29696 0.22562
0.57326 -0.32546 0.01068
0.16111 -0.21617 0.49611
0.10651 0.44375 0.20917
-0.32980 -0.38388 -0.50658
0.42814 -0.16233 0.25675
0.33132 -0.17632 0.37749
0.49957 -0.16018 0.03928
-0.19789 -0.36219 0.54361
-0.22512 0.41546 0.10305
-0.34710 -0.42559 0.49691
-0.19770 0.45136 0.12346
0.03014 -0.28070 -0.55857
-0.12773 0.19745 0.31363
0.06814 0.36123 -0.27718
0.03001 0.76579 0.09148
0.63131 -0.48553 -0.12041
-0.28148 0.04416 -0.30741
-0.16725 0.32507 -0.24591
0.51377 -0.33901 0.26662
0.26121 0.23250 -0.21398
0.25646 -0.29980 -0.51043
-0.05696 0.84667 0.02592
0.23807 -0.27329 -0.50502
0.02240 0.89140 0.03648
-0.28328 -0.42256 -0.55000
-0.07701 -0.05415 -0.45477
0.03517 0.87856 -0.05031
-0.25239 0.14952 0.25978
0.50686 -0.34511 -0.29513
0.30095 -0.46553 0.54897
-0.40231 -0.04732 -0.21572
-0.35988 -0.11177 0.30608
-0.00934 0.93411 -0.03549
-0.41884 0.00204 -0.10844
0.26052 0.40353 -0.00327
0.49918 -0.24421 0.19305
-0.57617 -0.38462 0.14490
0.31446 -0.13612 -0.38619
0.02275 0.83358 0.06323
-0.16137 0.61355 0.03105
-0.17167 0.24505 0.26849
0.47730 -0.32297 0.30671
-0.36557 0.10791 0.11407
-0.25704 -0.34766 -0.52677
0.39402 -0.43354 -0.48627
0.45169 -0.08743 0.12689
-0.42435 0.01139 -0.02157
-0.55838 -0.34689 0.15257
-0.47439 -0.21925 -0.23334
-0.22792 0.20659 0.24924
-0.21883 0.45047 -0.09542
0.05075 -0.17942 -0.51315
0.45982 -0.28765 0.30525
0.50772 -0.39434 -0.33858
-0.00664 0.49121 -0.22934
0.06902 0.80205 -0.06287
-0.02266 0.36313 0.26647
-0.02019 0.02507 0.41228
-0.06436 0.33109 -0.28917
0.51534 -0.49868 -0.39916
0.63189 -0.45414 -0.02590
0.05429 -0.02348 0.43105
0.04739 0.32889 0.27876
0.32128 0.13952 0.18357
0.09662 0.27455 0.29376
-0.33307 0.13102 0.16033
0.20690 0.32148 0.20309
-0.44809 -0.03788 0.00718
0.37880 -0.00046 -0.21988
0.14006 -0.16352 -0.49059
-0.29919 0.06374 0.26126
0.32421 -0.25081 0.42518
0.18369 0.38226 0.18853
0.15407 0.07177 0.36309
0.32861 0.17544 -0.14892
0.40747 0.04685 -0.07447
-0.09869 0.74743 0.03716
-0.51840 -0.36590 0.26737
0.59499 -0.36941 -0.02123
-0.02397 0.46267 0.22348
0.05416 0.21231 0.32835
0.21535 0.27758 -0.23857
-0.40545 0.01790 0.11854
-0.16650 -0.24119 0.49980
0.05440 0.84255 0.03882
-0.12125 -0.08234 0.44374
0.00173 0.66653 0.13793
0.09959 -0.46555 -0.63209
0.15332 0.27066 0.26930
0.01560 -0.15033 0.49096
0.18210 -0.31880 -0.54619
-0.22694 -0.04382 0.38110
0.08890 0.47897 -0.21586
0.22525 0.48750 -0.01916
0.33933 0.20760 0.06026
0.03228 -0.39929 -0.60946
0.14816 -0.34273 0.55360
0.39754 -0.18497 -0.33015
0.48530 -0.14294 -0.10203
0.09844 -0.33941 -0.57787
-0.28774 -0.39005 -0.53253
-0.53550 -0.44817 0.31423
0.34017 -0.42929 -0.52176
0.52217 -0.20535 0.00344
0.30765 -0.02618 0.31328
0.41263 0.00644 0.11643
0.10888 -0.04743 0.43187
-0.08578 0.17754 0.33799
-0.28412 0.33655 -0.02368
0.06008 -0.38694 0.58837
-0.19643 0.53747 0.02017
-0.17824 0.21573 0.27925
-0.60300 -0.48629 0.20813
0.00300 0.75213 0.10118
-0.04963 0.43354 -0.24713
-0.48603 -0.35054 -0.32395
-0.38338 -0.41602 0.46648
-0.21177 0.09674 0.31810
-0.06813 0.33534 0.27237
-0.02686 -0.12799 -0.49577
0.37356 0.14358 -0.01569
0.64687 -0.50008 0.02899
-0.60123 -0.40440 -0.04656
0.57745 -0.39162 -0.19094
-0.08540 0.50440 0.18889
0.33214 -0.36711 0.48365
-0.02861 0.06241 0.39546
0.44015 -0.41854 -0.43530
0.30262 0.17740 -0.20140
0.22225 -0.43459 -0.58443
-0.38132 0.00996 -0.20154
-0.48673 -0.24524 0.21278
-0.52420 -0.23097 -0.07324
-0.63735 -0.47756 0.00605
-0.07850 0.53954 -0.19002
-0.08094 0.00413 -0.42869
0.17269 0.45109 0.15921
-0.45385 -0.09687 0.12761
0.32500 -0.00765 0.28832
0.34522 0.20061 0.02740
-0.29556 -0.24888 0.44045
0.60009 -0.45125 0.17556
-0.07953 0.41712 0.23088
0.24188 0.10822 -0.30904
0.61740 -0.44158 0.07765
0.30664 0.29741 -0.02722
-0.21394 -0.43885 0.57277
-0.31715 0.13863 -0.19922
0.09675 0.54182 -0.18357
0.08340 -0.31025 -0.56663
0.40485 -0.37890 -0.45005
0.13544 -0.25378 -0.53349
-0.54208 -0.25615 0.02065
-0.12520 0.54677 -0.15704
0.42808 -0.05168 0.14688
-0.29123 -0.06013 -0.35763
-0.29257 0.20186 -0.18703
-0.56547 -0.31018 0.00842
-0.26277 -0.00005 -0.34786
-0.18478 -0.11524 0.43563
0.61889 -0.42775 -0.00723
0.34531 -0.32751 0.45043
-0.27517 0.35124 -0.05360
0.12300 0.18834 -0.33614
-0.09313 0.62216 0.12597
0.21868 0.07303 0.33235
-0.07816 0.63397 -0.14548
-0.62531 -0.47647 0.09304
-0.30604 0.12559 -0.22483
-0.26887 0.15599 -0.25517
-0.32872 -0.03920 0.29476
0.55272 -0.34373 0.17081
0.53759 -0.44015 -0.32574
0.58400 -0.35492 -0.06596
0.37575 -0.20691 -0.37078
0.41621 0.04200 -0.00312
-0.02214 0.26413 -0.32578
0.24735 0.17757 0.24976
0.27512 0.37264 -0.01804
0.23447 0.45735 -0.04134
-0.55260 -0.30868 0.09086
0.36979 0.14114 0.03934
0.29321 -0.33208 -0.50373
0.29677 0.18989 0.18089
0.48887 -0.12771 -0.04411
-0.28178 -0.07411 0.35855
-0.24803 0.41237 -0.06284
0.09512 0.50221 0.18681
0.06648 0.17653 0.34177
-0.61783 -0.46799 -0.15137
-0.58917 -0.38268 0.06626
0.07800 0.03711 0.40048
0.18451 -0.36367 0.55502
-0.18647 0.46103 -0.14468
-0.32491 0.18247 0.12557
0.43098 0.00471 -0.04526
-0.52226 -0.34655 -0.26151
0.24565 -0.34723 -0.53602
0.23057 -0.39074 0.54637
0.04539 0.20409 -0.34844
0.32370 0.23914 -0.07445
0.48244 -0.27245 -0.27376
0.02942 0.91335 -0.03577
-0.24218 0.39246 -0.10403
0.21638 0.26472 0.22693
0.35076 -0.49679 0.54055
-0.17770 0.13478 0.32204
0.39678 -0.32092 0.40357
0.10136 0.07853 0.37832
-0.10347 0.71101 0.06246
-0.22064 0.13553 0.29156
0.20284 -0.07644 -0.42797
-0.19265 0.31967 -0.22764
0.03590 -0.34772 -0.58693
0.26972 -0.11602 0.39540
0.06859 -0.22165 0.51487
0.14413 0.36941 -0.24069
0.31129 0.03052 0.27847
-0.31932 0.24366 0.04915
-0.01938 0.56581 0.17946
0.35605 0.05867 -0.20864
-0.00226 0.51970 -0.21669
-0.15233 -0.28648 -0.54272
0.31683 -0.19193 0.39840
-0.56437 -0.42137 -0.23969
-0.37515 -0.15820 -0.33840
0.20160 0.24363 0.25114
0.37568 0.10708 -0.10601
0.08856 0.79234 0.02095
-0.23487 0.27382 0.19768
-0.08966 0.79049 -0.01176
-0.29065 0.28332 -0.10777
-0.33644 0.20658 -0.06540
-0.37209 -0.01013 0.21997
-0.37025 0.05484 0.15792
0.55549 -0.28964 -0.06636
0.18571 0.55171 0.05589
0.11465 0.11661 0.35939
-0.04395 0.54756 0.18428
-0.32221 -0.41592 0.50928
-0.08907 0.19164 -0.34557
-0.04396 0.13628 0.36230
-0.33751 0.03206 -0.24986
0.15230 -0.09118 0.44105
-0.10157 0.30545 -0.29008
0.48850 -0.23952 -0.22730
0.26512 -0.29693 0.48586
0.09924 -0.37833 -0.59456
0.61318 -0.43864 0.11139
-0.15222 -0.17138 -0.49218
0.37800 -0.01338 0.21694
-0.25915 -0.48671 -0.59161
0.03619 0.57230 0.17469
-0.27931 0.11712 0.24931
0.15656 0.00841 0.39192
-0.48375 -0.43070 0.39388
0.02824 0.79467 0.07922
0.46034 -0.20890 -0.25662
-0.32159 -0.05176 -0.32748
0.48046 -0.16485 -0.16872
-0.15928 0.48683 0.14559
-0.07733 0.26015 -0.31779
-0.57647 -0.35325 -0.07771
0.17885 -0.15664 -0.47332
-0.08993 0.11119 0.36678
-0.32493 0.09500 0.20969
-0.48991 -0.13681 -0.00172
0.02161 -0.06998 0.45689
0.07038 0.46199 0.21672
0.02094 0.17212 0.35171
-0.14003 0.44197 0.18751
0.41692 -0.25886 -0.35638
-0.05512 0.23379 -0.33318
-0.04311 0.71578 0.10777
0.12044 0.32040 -0.27678
0.15253 0.35361 0.23040
-0.44438 -0.13888 0.19562
0.21362 0.49249 -0.07282
-0.52944 -0.30410 -0.18856
-0.20519 0.19374 0.27189
0.02264 -0.49798 0.64131
0.11430 0.38268 0.23445
0.12731 0.06426 0.37911
-0.30209 -0.19234 0.40626
-0.05988 0.65704 0.12848
0.42541 -0.46715 0.46144
0.47612 -0.37089 0.34422
0.37748 -0.14858 0.31878
-0.20802 -0.47022 -0.60763
-0.48978 -0.16998 -0.12932
0.09710 -0.07479 -0.46402
0.12800 0.13316 -0.35952
-0.14758 0.45472 -0.18981
-0.55431 -0.41750 0.29491
-0.53540 -0.29433 -0.15997
0.02505 0.53767 0.19174
0.22757 -0.16821 -0.46086
-0.36956 -0.20530 -0.37322
0.02568 0.39500 0.25378
0.13076 0.19359 0.31629
-0.16791 0.30973 0.23725
0.56394 -0.43013 0.24832
0.10179 -0.44014 -0.62096
-0.28511 -0.29570 0.47229
-0.56037 -0.31770 -0.08671
0.47671 -0.11515 0.07885
-0.08523 0.39362 -0.25596
0.30993 0.28092 -0.04934
-0.02194 0.64496 -0.15991
-0.39771 0.02804 -0.13385
-0.31788 0.16184 0.16162
0.05185 0.28064 0.29899
0.21444 0.50614 0.01828
-0.18953 0.27027 -0.25791
-0.38268 0.05662 0.12945
0.25307 0.41157 0.04216
-0.11722 -0.35726 0.56844
-0.17659 0.58634 -0.02304
-0.03937 0.81298 -0.07883
-0.23363 -0.09151 -0.41643
-0.28640 -0.03108 0.33277
0.60533 -0.41555 -0.09485
-0.11886 0.72337 0.00075
0.36463 -0.04318 0.25831
0.51988 -0.39259 0.29798
-0.10989 0.70425 -0.07213
0.08200 0.41731 0.23311
-0.07979 -0.37109 0.57768
0.51900 -0.20305 -0.05939
-0.21423 0.24167 0.24046
-0.26657 0.32168 0.10937
0.33795 0.14519 -0.15960
0.63069 -0.46153 0.02406
-0.44638 -0.06313 0.08658
-0.35407 0.06568 -0.20107
0.06987 -0.41912 0.60067
-0.22688 -0.12200 0.42209
0.42884 -0.27956 0.34341
0.25213 0.33297 -0.15302
0.39355 0.00414 0.17172
-0.46965 -0.47043 -0.43698
-0.27093 -0.48965 0.57521
0.19357 0.35850 -0.21050
-0.35222 0.13104 0.11923
0.20023 0.32306 -0.22567
-0.21654 0.47377 0.06224
0.22818 0.37990 0.13672
-0.27470 -0.17950 -0.43834
-0.07334 0.26557 0.30233
0.07892 -0.14088 0.47786
-0.41663 -0.39322 0.42631
-0.55021 -0.28707 -0.05217
-0.11756 -0.43949 0.60382
-0.37712 -0.30981 -0.42540
-0.13703 -0.45973 -0.62089
-0.46522 -0.12643 0.13622
0.24705 0.28007 0.18444
0.22589 -0.03154 0.37852
0.57116 -0.40413 -0.21713
-0.28166 0.32507 -0.08010
-0.23680 0.22457 -0.24385
0.22536 0.04098 -0.35584
0.07376 0.07511 -0.40151
0.06896 -0.45729 -0.63122
-0.26623 -0.09995 0.38298
-0.15175 -0.03736 0.41209
0.44978 -0.04468 0.03985
0.17063 0.56990 0.07447
0.28074 0.18776 0.20538
-0.52073 -0.25360 0.13556
-0.26030 0.38460 -0.05923
0.37854 -0.25530 0.38212
-0.48411 -0.16379 0.12135
-0.02216 0.11169 -0.39218
0.06209 -0.37989 -0.59849
-0.17163 -0.45090 -0.61095
0.43011 -0.34059 -0.39522
-0.40920 -0.16538 0.28306
0.10000 0.71814 -0.08195
-0.18892 0.53332 -0.07365
-0.30163 0.01461 0.29113
-0.23946 -0.33302 0.51515
-0.07564 0.70415 -0.11047
0.28703 0.26090 0.14170
-0.31988 -0.30273 -0.46945
-0.19175 -0.07917 -0.43011
-0.62948 -0.47108 -0.05188
0.46534 -0.49984 0.44626
-0.08094 0.79906 0.02281
0.13610 0.25641 0.28406
-0.26425 -0.25814 0.46723
0.30594 -0.42487 0.52739
0.35160 0.15883 -0.11469
0.12677 0.42221 -0.22520
-0.15667 0.21483 0.29483
-0.31630 -0.34864 -0.49816
0.03020 0.44341 -0.24670
0.26274 0.31662 0.13470
0.57088 -0.40344 0.19582
-0.47570 -0.36160 0.33478
-0.06792 0.73248 -0.10109
0.43134 -0.00107 0.03596
0.20059 0.54264 -0.02278
-0.49381 -0.47250 0.38723
-0.32857 -0.19564 0.38944
0.46481 -0.17980 0.20667
-0.15128 0.30643 -0.26645
-0.02133 0.14358 -0.37844
-0.06695 0.48170 0.20597
-0.50653 -0.30686 0.23288
-0.09863 0.76765 -0.02163
-0.34070 -0.02124 0.26850
-0.43603 -0.03199 0.06833
-0.21425 -0.27169 0.49633
-0.40876 -0.02131 -0.16539
-0.04457 0.69142 -0.13394
-0.09916 -0.31873 0.55343
-0.15998 0.52515 -0.13455
-0.23385 -0.43156 -0.57729
0.23912 0.44677 0.02836
-0.28494 0.22950 0.16358
0.14308 0.42465 0.19886
-0.22995 0.45141 0.04272
-0.40400 -0.35308 -0.42709
-0.46045 -0.34160 -0.35378
-0.39799 -0.05797 0.21299
-0.33028 0.22495 -0.04534
0.02146 0.70528 0.11935
-0.59677 -0.42880 0.13717
-0.31820 -0.36609 0.48599
0.14332 0.30544 0.25749
0.22035 -0.43516 0.57216
0.34762 -0.02255 -0.28123
0.28871 0.31627 0.06825
0.11066 0.59659 -0.14514
-0.55488 -0.35741 -0.18558
-0.25085 -0.24115 -0.47924
0.48715 -0.35048 0.31322
0.22046 0.20583 0.25649
-0.21115 0.31231 0.20026
0.47536 -0.21048 0.21617
0.46760 -0.45467 0.41903
-0.02353 -0.24960 0.53029
0.10628 0.56587 0.15065
-0.24337 0.42413 0.03401
0.07653 0.53932 0.17791
-0.34717 -0.04747 0.27830
-0.35335 0.10320 -0.16142
-0.20188 -0.01510 0.38361
-0.28084 0.25244 0.14907
0.35946 -0.17906 -0.37161
0.12964 0.63651 -0.10111
-0.06395 0.85135 -0.00404
0.63491 -0.47194 -0.06637
-0.31835 0.23145 -0.09674
-0.14693 0.09381 -0.36912
0.37535 -0.10936 0.29250
0.10521 0.09972 -0.38309
-0.05482 -0.36630 -0.59467
-0.26144 -0.12325 0.39854
0.04191 0.23265 -0.33644
