0.02717 -0.28877 0.32681
0.31425 -0.29377 -0.05048
-0.61238 0.27662 -0.33636
0.69667 0.37718 0.36790
0.32171 -0.14582 -0.46849
-0.11991 0.08759 0.57478
-0.39161 0.11856 -0.25076
0.33845 0.57179 -0.35011
-0.41383 -0.62290 -0.24274
-0.39697 0.46984 0.31361
0.49924 0.07159 0.22300
0.26317 0.38981 0.27970
0.68299 -0.31530 0.39078
-0.54493 -0.29465 0.18445
-0.07114 0.61738 -0.65241
-0.08200 -0.50021 0.47137
-0.22223 -0.14848 -0.57314
0.44432 -0.55336 -0.02070
-0.61939 0.31364 0.26283
0.03757 0.18400 -0.43472
0.55745 0.42669 -0.14623
0.18232 0.49802 0.53968
0.04899 -0.55291 -0.06571
-0.30899 -0.46013 0.18759
-0.33142 0.02528 0.23803
0.03058 -0.58874 -0.47230
-0.04423 -0.29088 -0.37234
-0.64161 -0.06540 -0.03842
-0.59676 0.57071 -0.10398
0.22127 0.00539 0.24480
-0.43953 0.54137 -0.40181
0.48645 -0.36666 0.05697
0.27926 0.33823 -0.56867
-0.29064 0.53693 0.54561
0.22073 -0.17237 0.48426
0.33996 0.19250 -0.14833
-0.31319 0.29193 -0.61022
-0.35376 -0.28611 -0.17207
0.43963 0.59471 0.03434
0.52646 -0.01110 -0.19204
0.25532 -0.62310 0.31997
-0.06409 0.46655 0.43910
0.84721 -0.02240 0.38043
-0.44346 0.03793 0.42919
-0.50085 -0.54356 -0.10146
-0.46885 -0.61938 0.05069
0.00205 0.20078 -0.65149
0.44121 0.42454 0.15439
-0.49037 -0.24011 -0.35554
-0.54539 0.43962 -0.04068
0.28605 -0.44900 0.13126
0.35879 -0.43405 -0.34772
0.01022 0.51832 -0.53410
-0.01036 -0.53876 0.19784
-0.48838 0.28295 0.04185
-0.25397 0.38484 -0.45769
-0.69161 0.33462 -0.00530
-0.45862 0.55700 0.44669
0.23256 -0.03270 -0.28181
0.28714 0.19784 -0.26226
0.23700 0.15255 0.51473
0.07935 -0.16898 -0.58372
0.23809 -0.52068 -0.24543
-0.17886 -0.21540 0.52462
-0.38659 -0.47308 0.34166
0.46964 0.18513 -0.36211
0.30677 -0.06657 0.09783
-0.03984 0.12769 0.37082
-0.21284 -0.56018 -0.35106
0.40530 0.63510 0.34086
-0.22257 -0.48732 -0.47727
-0.41661 -0.05421 0.03110
0.45730 0.51590 -0.38473
-0.56844 0.52076 -0.41565
-0.05930 0.62257 0.57266
0.22195 0.09675 0.25859
-0.17297 -0.16659 -0.35969
-0.37341 0.26345 0.51051
-0.01082 0.39348 0.59128
0.46539 -0.45245 0.24146
-0.26731 -0.54472 -0.05791
-0.62009 0.14737 0.21642
-0.44430 0.02679 -0.48736
-0.62210 0.63299 0.16419
0.75186 0.11663 0.51938
0.56297 0.18946 0.01565
-0.22790 -0.21737 0.28347
-0.21589 0.14396 -0.40338
0.17537 0.56510 -0.61272
0.38789 0.33270 0.40966
0.41083 -0.17044 0.32110
0.16504 -0.41162 0.45776
0.14687 -0.55422 -0.04265
-0.33358 0.55902 -0.60253
0.47916 -0.40265 -0.09360
0.52710 0.63086 -0.18246
0.46580 -0.14828 0.24361
0.18865 0.61632 0.42198
0.18996 -0.29083 -0.28885
0.36484 0.32975 0.07731
-0.22167 -0.66791 0.33635
0.20447 0.06068 -0.57837
-0.52467 0.01636 -0.39828
-0.29426 0.27035 0.32722
0.18614 0.39206 -0.42381
0.38371 0.48325 -0.20285
-0.05794 0.36413 -0.67052
-0.39948 -0.26385 0.39770
-0.38144 -0.37674 -0.01813
-0.34698 -0.31543 0.42473
-0.60709 -0.00940 -0.24536
-0.46521 0.38114 -0.26983
-0.03727 0.01457 0.57401
-0.30243 0.29124 0.54313
0.28651 -0.49722 -0.17064
-0.01897 -0.59332 0.35032
0.16254 -0.24267 0.27235
0.52860 -0.15813 -0.06145
-0.43709 0.26185 0.17637
-0.06460 -0.02082 0.35227
0.64123 -0.20847 0.38154
-0.25166 0.06939 -0.60414
0.54701 0.55360 0.06961
-0.04967 -0.33443 -0.56025
-0.43527 0.37378 0.47201
0.59088 0.30638 0.34453
-0.66701 0.47152 -0.23467
-0.58900 -0.24495 -0.12707
-0.49393 0.41650 -0.50500
-0.30291 0.52095 0.40035
0.02210 -0.58343 -0.36243
0.02986 -0.05036 -0.39345
0.25047 -0.65167 -0.28132
-0.34089 -0.06540 -0.25473
0.32013 -0.51367 -0.07212
0.17107 -0.39739 -0.49800
-0.49015 0.26540 -0.06829
0.15525 0.23408 0.55166
-0.56173 -0.07312 0.26598
-0.67573 0.42197 0.13241
0.06402 -0.56896 -0.39118
-0.09478 0.39392 0.59551
0.47136 -0.34295 0.35868
-0.36777 -0.59563 -0.09434
-0.04232 -0.04073 -0.40506
-0.51604 -0.49005 0.11065
-0.27435 -0.49244 0.41687
0.29472 0.53859 -0.54973
0.38954 0.08243 0.39032
0.37620 -0.62908 0.14137
-0.48909 -0.42666 -0.26333
0.46349 -0.25334 -0.25568
-0.35352 -0.16023 -0.50905
0.16319 -0.46441 0.27546
-0.21778 0.61241 0.55628
0.36305 0.52363 0.19735
0.11292 0.30226 0.36243
-0.15883 -0.42519 0.30607
-0.57143 -0.36456 -0.01846
-0.66490 0.16883 -0.14246
0.80205 0.18158 0.35200
-0.35576 -0.22483 0.14500
-0.59547 0.56261 0.29281
-0.57976 0.59584 -0.23939
-0.32648 -0.07283 0.49204
-0.19026 0.56459 -0.55398
0.30777 -0.14712 -0.12464
0.33117 0.11094 0.08313
-0.27672 -0.44280 -0.26065
-0.13121 -0.67713 -0.38257
-0.39131 0.62181 0.48211
0.74123 -0.14466 0.51565
0.17475 -0.54426 0.17842
0.25766 0.38357 -0.36245
-0.50348 0.21656 -0.47236
0.03635 -0.19046 0.53735
0.00651 -0.50036 -0.36007
-0.50687 0.32453 -0.01660
-0.12120 0.31399 0.39747
-0.35728 -0.57779 0.10257
0.45819 0.67280 0.15378
0.09144 0.64786 0.47942
0.41487 0.22909 -0.44066
0.16423 0.11226 -0.36719
-0.36687 -0.38511 -0.42907
0.42677 -0.01159 -0.38723
0.26598 -0.25192 0.16710
0.38520 0.35592 -0.02228
0.50239 0.29169 0.24236
0.16488 0.35537 -0.62371
0.49578 0.52037 0.24019
-0.08765 0.01318 -0.62836
-0.07693 0.32799 -0.48079
-0.18975 0.47630 -0.65750
-0.38104 -0.64838 0.22764
0.21533 -0.58556 -0.41024
-0.10985 -0.54423 0.03310
0.35452 0.41708 0.30169
0.09319 0.46223 0.40646
0.58497 0.41860 0.25280
-0.43140 0.11569 0.10211
-0.59341 -0.18932 -0.18444
0.19786 0.57576 -0.49055
0.32226 -0.39507 0.36407
-0.10263 -0.35390 0.50771
-0.14709 0.26403 -0.65381
-0.52553 0.16721 0.37187
0.39866 -0.55644 -0.21517
-0.50251 -0.12767 0.32859
0.56481 0.39474 0.02315
-0.17323 -0.07952 0.32318
0.54518 0.18617 -0.19440
-0.15176 -0.34151 0.30971
-0.28747 -0.63201 -0.36874
0.41747 0.65900 -0.37094
-0.19063 0.12619 0.34653
0.30676 0.12915 0.14403
0.17553 -0.03679 0.52073
-0.49894 0.43766 0.15489
0.01234 -0.35900 -0.55111
-0.39404 -0.22801 0.00345
-0.13874 -0.34784 -0.35016
0.33197 -0.49450 0.21183
-0.08295 -0.55567 -0.19064
0.12370 -0.40351 -0.32767
-0.11893 -0.50809 -0.50086
-0.03763 -0.12143 -0.39352
0.35248 -0.27765 -0.41104
-0.63729 0.01287 0.11976
0.55058 0.60821 -0.01795
0.68890 0.23479 0.36847
-0.19722 -0.53431 0.19417
0.18115 0.20493 -0.60605
-0.68572 0.50712 0.07180
-0.25629 -0.01393 -0.34551
0.50305 -0.24182 0.10059
-0.51698 0.56917 -0.46880
0.55208 0.00657 -0.00380
0.08189 -0.61047 0.34095
-0.48679 0.59584 0.29574
-0.46932 -0.62273 -0.06699
0.80159 -0.05515 0.53126
0.06083 -0.54549 0.45107
0.07480 -0.10656 0.32368
0.50782 0.34873 -0.30753
-0.42728 0.03114 -0.12302
0.33442 0.27443 -0.20313
-0.57180 0.54059 0.07070
-0.06559 -0.16176 -0.59855
0.03665 0.57633 0.57437
-0.30702 0.09074 0.52323
-0.66898 0.14811 0.02993
0.83085 0.21847 0.46551
-0.37938 0.32326 -0.35088
0.35208 0.50541 0.43376
0.39106 0.07003 -0.45090
-0.56914 0.59242 -0.39547
0.01279 0.61588 -0.64376
0.32391 0.02740 -0.12804
-0.05162 0.12422 -0.43490
0.80505 -0.17920 0.38342
0.49518 0.41880 0.36549
0.21599 -0.26484 -0.51251
0.14306 -0.57525 0.41370
-0.53473 0.48993 -0.20830
0.02019 0.17824 0.58162
0.44627 0.60025 -0.10095
-0.60215 -0.19341 0.08108
0.28536 0.31829 0.48967
-0.19381 -0.06640 0.54581
-0.48683 -0.36939 0.26140
-0.13722 -0.24555 0.32229
-0.30129 -0.59407 -0.22913
0.03704 -0.44875 0.32622
0.05614 0.05901 -0.62570
0.27584 -0.55193 0.07104
-0.17256 0.47544 -0.51797
-0.54106 0.39889 0.37756
0.31233 0.39338 0.21908
0.37223 -0.41131 0.17346
0.18461 -0.12240 -0.31048
-0.13484 0.61465 0.48813
-0.68087 0.32466 -0.14709
-0.29855 -0.21711 -0.26864
0.52998 -0.03906 0.10580
-0.66768 0.27396 0.13103
-0.24453 0.15450 -0.62064
0.30655 -0.04659 0.44512
-0.39854 -0.09460 -0.49297
0.08689 0.10005 0.34049
-0.31769 0.54781 -0.49805
0.08207 0.44376 -0.65379
0.02261 -0.32194 0.51573
-0.20139 0.20832 0.57326
-0.39360 0.11881 -0.54333
0.06218 -0.56146 -0.23642
-0.45613 0.12409 -0.01050
0.06654 -0.67272 -0.40186
0.39104 0.44814 -0.48051
-0.68834 0.55945 -0.09052
-0.24151 -0.33589 -0.51840
0.33094 -0.65063 -0.17415
0.17035 -0.31251 0.47923
0.54031 -0.41114 0.33584
-0.26853 -0.59982 0.25001
0.30687 -0.32153 0.05967
-0.37772 -0.62504 0.05724
0.21925 -0.10662 -0.54442
-0.26586 0.43085 -0.63701
-0.49309 0.31035 -0.13029
0.73084 0.28694 0.48733
0.56012 -0.32359 0.27189
0.27532 0.24761 0.22448
-0.39180 -0.14029 -0.13516
0.40582 0.46855 -0.08010
-0.22096 0.59527 -0.63922
0.28087 0.66555 0.38922
0.44738 -0.31655 0.21937
0.07900 -0.23109 -0.35805
0.43791 -0.39236 -0.24284
0.43237 -0.13997 -0.34854
-0.34124 0.15036 0.25865
0.32167 -0.26243 0.39683
0.06861 -0.54692 0.06876
-0.34845 -0.50988 -0.39268
0.06325 0.37326 -0.47745
-0.33063 0.38062 0.33296
-0.60463 0.13221 -0.31043
0.56409 0.29868 -0.09052
0.44652 -0.47769 0.12986
0.25038 0.52012 0.33338
0.28263 -0.36975 -0.44149
0.19037 0.23824 -0.37545
0.27793 -0.35865 -0.17896
0.38910 0.44785 0.08300
-0.20791 -0.54078 0.05453
0.88000 0.08067 0.45573
0.50301 -0.28296 -0.10425
0.27350 -0.48166 -0.41058
0.19596 -0.56024 -0.14251
0.73955 -0.02802 0.42344
0.32568 -0.11297 -0.02213
0.43648 -0.02373 0.31655
0.36017 -0.64285 -0.05408
-0.50514 -0.13278 -0.37595
-0.36529 -0.08476 0.16498
0.12644 0.42502 0.56472
0.44394 0.22272 0.33536
-0.10806 0.52903 0.58794
-0.33065 0.19195 -0.34684
0.00785 0.58670 0.46878
0.32467 0.17322 -0.51943
0.55213 0.50067 -0.16347
-0.37368 0.42845 -0.59454
-0.18304 -0.59156 0.41485
0.53479 0.17241 0.15891
-0.41053 0.52283 0.48832
-0.00961 0.26149 0.38867
0.29913 0.46499 0.47605
0.36167 0.21768 -0.02032
0.38412 0.60428 -0.46024
-0.65556 0.06463 -0.09947
-0.02990 -0.43166 0.33348
-0.30121 -0.12961 0.23724
0.49762 0.05440 -0.28509
-0.69838 0.43860 -0.07232
0.14056 0.35708 0.56109
0.42938 0.62628 -0.23404
-0.65193 0.14827 0.13640
-0.33048 -0.57907 0.33767
-0.30604 -0.31515 0.20208
-0.09968 -0.53175 0.29742
0.23510 -0.49429 0.39778
0.31868 -0.40303 -0.00170
-0.58776 -0.17725 0.15044
-0.37767 0.21446 -0.57000
0.50933 0.57696 0.19146
-0.34355 -0.48568 -0.15445
0.78402 0.29030 0.35234
-0.40476 -0.14961 0.42255
-0.63938 0.52564 -0.29441
-0.10066 -0.56032 -0.29633
0.42592 0.34523 -0.43489
-0.39917 0.10377 0.47442
0.12473 -0.05837 0.30795
0.53595 0.43160 0.16214
0.13644 0.10019 0.55016
-0.17266 -0.60218 -0.44736
-0.36753 -0.43752 0.07093
0.01127 -0.42404 0.49317
-0.27528 -0.27716 -0.52104
0.33852 0.60621 0.28017
-0.50063 0.27195 0.41416
0.63695 -0.25242 0.47364
0.24255 0.61152 0.49431
-0.50324 -0.25266 0.28536
0.19219 -0.56945 -0.33579
0.21186 -0.43132 -0.26669
-0.19256 0.22175 -0.43289
-0.65428 0.62967 0.02326
0.33661 -0.13930 0.40959
-0.41312 0.44846 -0.37396
0.17456 0.20730 0.31095
-0.03060 -0.54916 -0.02861
-0.15515 0.02684 -0.40156
-0.23008 -0.31647 0.48531
0.25015 -0.21664 -0.23035
-0.37316 -0.47663 0.00889
-0.56891 0.04929 0.28797
-0.05812 -0.64391 0.40815
-0.42011 0.23654 -0.26204
0.68180 -0.27679 0.30300
0.53465 -0.09010 -0.08327
-0.12581 -0.21444 -0.58116
0.55521 0.28796 0.08460
-0.36699 -0.66612 -0.14392
-0.32222 0.40845 0.53769
-0.52380 -0.41263 0.15264
-0.59499 0.23973 0.28939
-0.45414 0.18709 -0.15754
-0.37872 -0.32889 -0.07470
-0.03823 -0.17938 0.33883
0.10561 0.08285 -0.39098
0.40620 0.60097 0.16084
-0.62560 0.38616 -0.32539
0.33687 0.19702 0.44772
0.21240 -0.41366 0.23665
-0.44094 -0.51900 0.24662
-0.16767 -0.55028 -0.12232
-0.61979 -0.11279 0.06975
0.27527 0.05973 -0.24321
0.47258 -0.44230 0.03906
-0.30733 -0.20047 0.47771
-0.03964 0.47499 -0.67070
-0.38280 -0.06224 -0.18856
-0.10914 0.13766 -0.64463
0.07254 -0.53826 0.25065
-0.28608 -0.04554 -0.57068
0.06046 -0.05048 -0.60839
0.04741 -0.47497 -0.51180
0.24865 -0.12236 0.19638
-0.19200 -0.56399 0.29927
-0.55117 0.38369 -0.43642
-0.53599 -0.41246 -0.16652
0.11597 -0.35372 0.29791
0.50055 -0.11871 -0.22006
-0.00276 0.06129 -0.41742
-0.36874 -0.40294 -0.10215
0.49365 0.60434 -0.29160
0.07287 0.60215 -0.56350
0.18646 -0.58625 0.28154
0.54376 0.07975 0.08924
-0.56691 -0.12855 -0.27763
-0.55654 0.17956 -0.39875
-0.26877 0.63891 0.47290
-0.63018 0.43554 0.24961
0.31003 -0.58108 -0.33441
0.07236 -0.03824 0.55436
0.34505 -0.56722 0.26193
-0.65299 0.25045 -0.23518
0.51395 0.47598 -0.28628
0.13146 0.48283 -0.48208
-0.33861 0.05675 -0.29616
0.31258 -0.19909 0.04321
0.55650 0.18396 -0.12358
0.43341 0.51717 0.34050
-0.23522 -0.67021 -0.31970
-0.33408 -0.39026 0.41085
0.36360 -0.04830 0.40253
0.13100 -0.01836 -0.36153
-0.10909 -0.47790 -0.35355
0.28630 0.45060 -0.56410
-0.44840 -0.59496 0.16891
0.32945 -0.48950 0.32154
-0.45256 -0.35611 -0.35477
-0.62791 0.61980 -0.17923
0.34536 0.10014 -0.03242
-0.22597 0.39122 0.39093
-0.23453 -0.39743 0.26481
0.03178 -0.00453 0.34548
0.38571 -0.32965 0.31093
-0.42972 0.56939 -0.54162
0.17965 0.40363 0.35063
0.28917 -0.00799 0.14815
0.54716 0.05182 -0.11343
0.42165 -0.44155 0.33598
0.25580 -0.55957 0.20527
-0.20771 0.24394 0.36273
0.28520 0.02033 -0.52967
0.31851 0.36646 -0.27628
-0.37829 0.53964 0.35962
0.28828 0.49758 -0.37788
-0.44178 0.29538 -0.53460
-0.58468 0.01770 -0.30827
-0.38027 0.01055 0.16852
0.06051 0.31530 -0.65284
-0.20640 0.46517 0.57828
0.01651 -0.38113 -0.36095
-0.53924 -0.43168 -0.11019
-0.14106 0.02418 0.34672
0.48229 0.38313 0.28952
0.45631 0.15681 0.31465
-0.61696 -0.15843 -0.07339
-0.36828 -0.32593 0.08579
-0.13164 -0.60653 0.33565
-0.22636 -0.55469 -0.24395
0.75541 0.07460 0.40739
0.40862 -0.34263 -0.31698
-0.19445 0.34433 0.58083
-0.06859 -0.44512 -0.52628
-0.23336 -0.29731 -0.31005
-0.62353 -0.07290 -0.15079
0.02924 -0.22390 -0.58003
-0.49384 0.34755 0.09630
-0.51758 0.53874 0.20884
-0.34646 0.36612 -0.39497
-0.06842 -0.21963 0.53944
0.22676 -0.34728 0.21527
0.33416 -0.00210 -0.02478
-0.55369 0.52095 0.35659
-0.20908 0.49095 0.42817
0.35714 0.29253 -0.50335
-0.43091 -0.42638 -0.34682
-0.63531 0.08089 -0.21836
-0.21726 -0.41945 0.46300
-0.50537 -0.32745 -0.29951
-0.65563 0.07014 0.04186
-0.51970 0.56593 -0.32536
-0.04504 0.28894 0.59390
0.14368 -0.49491 -0.47981
0.15319 -0.56276 -0.21678
-0.09468 -0.14725 0.54852
0.19173 0.65092 -0.56360
0.35224 -0.02336 -0.46816
-0.41358 -0.08088 -0.07347
0.33069 -0.55469 0.00696
-0.04428 -0.65624 -0.43876
0.34219 0.22134 0.09293
0.19433 -0.62686 0.36361
0.52047 -0.13563 0.09457
0.25542 0.12007 -0.56389
-0.02468 -0.62566 -0.37546
-0.00380 -0.54519 0.06763
0.13331 0.61524 0.53942
-0.00475 0.36360 0.40766
0.49379 0.67109 -0.00091
0.25579 -0.34053 0.42837
0.13792 -0.17398 0.51702
-0.47889 -0.53393 -0.19328
-0.54315 -0.25271 -0.26102
-0.64498 0.53881 0.20111
-0.27265 -0.06043 0.27060
0.56316 0.34221 0.25267
-0.45077 0.64898 0.39577
-0.38394 0.22726 0.23388
0.29202 0.07096 0.46993
-0.53774 0.44346 -0.11628
-0.16337 0.37806 -0.48698
0.62370 0.31244 0.44373
0.37774 0.36733 -0.12991
-0.42102 -0.21598 -0.44457
-0.59522 -0.26679 -0.01157
0.41068 -0.59562 -0.13261
0.62008 -0.36023 0.28919
0.40793 -0.61428 0.05903
0.28585 0.62039 -0.44781
-0.13981 -0.12026 -0.59870
-0.32759 0.01267 -0.56509
0.30825 -0.43037 -0.10495
0.56478 0.52552 -0.02959
-0.12389 0.18252 0.37225
0.25660 -0.12275 -0.23379
0.68787 0.27831 0.30952
0.13646 0.04761 0.31397
0.41335 0.66937 0.24363
-0.31797 -0.54091 -0.00467
-0.56485 -0.35056 0.06742
0.55810 -0.31400 0.43430
-0.44388 0.11511 -0.12991
0.11790 -0.27166 -0.55479
0.33635 0.62231 0.42170
-0.28253 -0.53423 0.15209
-0.02557 0.26853 -0.46432
0.47861 0.42493 -0.36282
-0.68723 0.23989 -0.03994
0.25765 0.55990 0.49505
0.40173 0.36513 0.24673
-0.49795 -0.02156 0.36640
-0.30968 -0.68526 -0.27362
-0.02530 0.64788 0.50385
0.47222 -0.07517 -0.30925
-0.39218 -0.14242 0.08181
-0.45467 0.19828 0.09246
0.15989 -0.62934 -0.33111
0.25042 0.24815 0.51329
0.49264 -0.05179 0.20909
0.41122 -0.24236 -0.34702
-0.38530 -0.56339 -0.32479
0.21324 0.40058 0.53135
0.00046 -0.21612 -0.37645
-0.20790 0.03752 0.55701
0.04154 -0.56400 -0.29981
-0.28703 -0.54903 -0.15752
0.44901 -0.46674 -0.16318
-0.25350 0.28539 -0.42638
0.87020 0.00936 0.46874
0.34112 -0.39524 0.26612
-0.49006 0.39773 -0.22578
0.39949 0.42571 0.39182
-0.46403 0.37704 0.19011
-0.35040 0.47135 -0.43667
0.10249 0.54927 0.43017
-0.24973 -0.14450 -0.32318
-0.24394 -0.37327 -0.29259
-0.43107 0.02377 0.02993
0.45048 0.31519 0.33046
-0.47311 0.46514 0.44318
-0.29787 -0.67090 0.28011
0.74488 -0.23994 0.43865
0.42762 0.46089 0.24600
0.63145 0.40801 0.33323
-0.15750 -0.30161 -0.55691
-0.59145 0.01472 0.23546
0.21899 0.30054 0.29653
0.12843 -0.58915 -0.44873
0.11900 0.31655 -0.43588
0.00430 -0.53450 0.29366
0.74111 -0.11826 0.36746
-0.11391 -0.55745 -0.24353
-0.17071 -0.40801 -0.52326
0.82105 -0.12849 0.46669
-0.55981 -0.36131 -0.12174
0.49877 -0.22841 -0.17610
-0.10996 0.24595 0.58873
-0.46299 0.47396 0.24041
-0.42835 -0.34611 0.34953
0.10609 0.20586 -0.41566
0.51846 -0.24033 0.00215
-0.05002 0.57654 -0.57057
-0.47575 0.12345 0.41720
-0.28779 -0.42459 -0.47143
0.52724 0.63804 0.07936
-0.53101 -0.49511 -0.02793
-0.43419 0.46584 -0.54904
-0.10619 -0.53554 0.21536
0.18476 -0.55034 0.05736
0.34983 0.26766 0.44037
0.53032 0.28855 -0.24423
-0.16966 -0.27526 -0.34674
0.05003 0.51255 -0.65537
0.68956 -0.13530 0.42380
0.50123 0.13505 -0.29537
-0.40885 -0.05379 0.43963
-0.17788 -0.15279 0.31237
-0.56400 0.63474 0.25272
0.50094 -0.33401 -0.03394
-0.54930 -0.31780 -0.20457
-0.23980 0.24108 -0.63277
0.37103 0.29945 -0.07099
0.24989 -0.55580 -0.02259
-0.26101 0.07547 0.30570
-0.18256 -0.47460 -0.32562
-0.27323 -0.58420 0.37869
-0.15425 0.64186 0.55834
0.07522 0.28165 0.57977
0.10753 -0.09778 -0.36110
0.50300 0.19175 0.23500
-0.04872 0.44633 -0.51690
0.16133 0.47114 -0.62632
-0.29571 -0.21950 0.22961
0.42942 -0.22959 0.28282
0.05334 0.05492 0.56695
0.29712 -0.24230 -0.46523
0.29585 -0.03253 -0.18318
-0.12607 -0.09077 -0.38858
-0.56860 0.29425 0.33303
0.08022 -0.54257 0.16505
0.12154 -0.09113 -0.59081
-0.05759 -0.36345 0.33030
-0.68357 0.35389 0.07412
-0.41833 -0.67112 0.10437
0.14719 -0.21928 -0.32902
0.53993 -0.08361 0.00708
0.26499 -0.63394 0.23651
-0.48309 0.15462 -0.48375
-0.40169 -0.67705 -0.05540
0.73679 0.02061 0.48375
0.36211 0.39204 -0.19777
0.17631 0.51661 0.38743
0.80108 0.16074 0.52449
0.54949 0.57831 -0.10937
-0.53399 0.61270 0.35769
0.54981 0.37183 0.12784
0.27745 -0.44349 0.29155
-0.10793 0.39726 0.41879
0.09169 0.22927 -0.64027
-0.02978 0.47994 0.59186
-0.59690 0.62455 -0.30255
-0.64867 0.35642 0.19349
0.45499 0.66910 -0.28991
0.39819 -0.47685 -0.27321
0.47818 -0.34577 -0.16787
-0.16852 -0.03381 -0.61236
0.29118 0.23835 -0.55176
0.29736 -0.28450 -0.13306
-0.39625 0.59510 -0.47762
-0.68425 0.42321 -0.16336
0.53193 -0.39678 0.22884
-0.03422 -0.07897 0.56167
0.47170 0.59715 0.27166
-0.39681 0.15078 0.18843
-0.32152 0.47115 -0.61415
-0.38937 -0.21967 -0.08972
-0.69103 0.56096 -0.02637
0.56067 0.13099 -0.04740
0.13764 -0.66043 -0.39213
0.09221 -0.38223 -0.53134
-0.03938 -0.53310 -0.49894
-0.54135 -0.44071 0.03519
0.26744 0.30203 -0.32286
-0.24420 -0.49885 0.25703
0.37827 0.54092 -0.26956
0.46950 0.29485 -0.37210
-0.30498 -0.37043 -0.23240
0.28998 0.47652 0.27576
-0.20749 0.05338 -0.38707
0.00041 -0.55579 -0.15046
-0.34618 0.17691 0.51623
-0.21805 0.32414 -0.64972
-0.55453 0.27000 -0.41872
-0.47803 -0.45312 0.23353
-0.07883 -0.53995 0.13782
-0.29449 0.60980 -0.54558
-0.08303 -0.55139 -0.10191
-0.30505 0.00899 0.51425
-0.67131 0.59032 0.09977
-0.37856 -0.58638 -0.02133
-0.66178 0.34245 -0.23561
0.22950 0.52749 -0.44093
0.31031 0.44272 -0.31970
-0.14939 -0.53894 0.12262
0.11556 -0.52719 -0.33323
0.39867 -0.52454 0.20398
0.86580 0.15668 0.41898
0.33435 0.35467 0.45449
-0.08994 -0.12832 0.33793
-0.11231 0.53340 0.45721
-0.57875 0.57859 0.11554
-0.67248 0.55143 -0.20371
-0.21640 -0.54418 -0.02050
-0.15244 -0.28033 0.51609
0.52533 0.54361 -0.23921
-0.14686 0.36166 -0.66047
-0.63399 0.26453 0.21341
0.53637 0.25871 0.16264
-0.13461 -0.42751 0.48509
0.23304 -0.32491 -0.24400
0.09440 -0.12404 0.54053
0.10263 0.61637 -0.62948
0.73789 0.16219 0.38724
0.30947 -0.56315 -0.14468
0.08581 -0.39240 0.49146
0.10336 0.18691 0.57051
0.32409 0.02245 0.06587
-0.26738 0.15822 0.54836
-0.02855 -0.05765 -0.62118
-0.23704 -0.12607 0.52134
-0.47765 -0.04656 -0.43954
0.02842 -0.65305 0.38961
0.53314 0.10350 -0.20548
0.44198 -0.53603 -0.09611
-0.09812 -0.59340 -0.46968
0.22330 -0.24971 0.46937
0.28362 -0.34342 0.12748
-0.45905 -0.19620 0.36521
-0.25846 0.46635 -0.48519
0.22913 -0.59289 -0.26874
0.47592 0.45282 0.24809
0.11024 -0.55747 -0.12893
-0.65432 0.62760 -0.04923
-0.25362 -0.57976 -0.42664
-0.37443 0.60833 0.40366
0.57379 -0.27005 0.36705
0.63535 0.33270 0.26673
0.47303 -0.39240 0.20582
-0.44093 -0.14614 -0.44860
-0.33105 -0.15071 -0.24417
0.25832 -0.10836 0.47211
0.67648 0.24816 0.46198
-0.57733 -0.28566 0.09845
-0.10856 -0.56402 -0.37715
0.12229 0.11662 -0.62241
0.31722 0.11373 -0.17669
-0.46060 0.21832 0.44056
-0.38891 -0.30327 -0.44045
0.47992 -0.22776 0.18047
-0.55702 -0.17626 0.22766
0.43200 0.54274 -0.02447
0.29216 -0.41048 0.19176
0.01401 0.50579 0.44127
0.58576 -0.37108 0.38650
0.10081 -0.50589 0.31228
0.37879 -0.11001 0.37361
-0.32110 0.13057 -0.58754
0.47143 0.36388 0.21228
-0.12688 0.16906 -0.43645
-0.46780 0.45813 -0.31203
0.13755 -0.17119 0.29310
0.35773 0.25149 0.04093
-0.37425 0.25499 -0.32705
0.23338 -0.63737 -0.36004
-0.35703 -0.20253 -0.18973
0.75410 0.33059 0.38452
-0.10511 -0.22542 -0.37237
0.35525 0.65760 -0.42616
0.32002 -0.06591 -0.10747
0.41632 0.52592 -0.14257
0.33792 0.10922 -0.11121
0.45228 -0.35451 0.27726
0.23204 -0.34765 -0.48533
0.26666 0.16330 0.21563
-0.32995 -0.60727 0.17542
0.31199 -0.47119 0.06437
-0.06093 -0.50636 0.33409
0.25186 -0.48068 0.19451
-0.55265 0.09376 -0.38401
0.35241 0.45178 0.17499
0.50649 0.67364 -0.11384
0.40801 0.54049 -0.44713
-0.60692 0.46225 -0.36980
-0.41718 -0.68371 0.01617
-0.06719 -0.38256 -0.36241
0.02193 -0.35846 0.32637
-0.01966 -0.58455 0.44579
-0.69205 0.35542 -0.08453
-0.18273 0.10021 -0.63112
-0.01273 -0.09644 0.34264
0.38916 -0.12434 -0.41167
0.11358 0.00743 -0.60956
0.09357 0.38118 0.38678
-0.21526 0.00703 0.31611
-0.67583 0.15974 -0.06171
0.19252 0.04503 0.52333
-0.46070 -0.49927 -0.27077
0.55835 0.48674 0.04634
-0.53041 0.48701 -0.46480
-0.12550 0.57325 -0.65602
0.53703 0.51377 0.14744
-0.62049 0.07026 0.18475
0.07218 0.36496 0.58241
-0.21330 -0.29024 0.28629
0.35853 -0.35749 -0.38025
-0.10079 0.46277 -0.66835
-0.05532 0.08006 -0.64183
0.04389 0.29706 -0.45974
0.03348 -0.30040 -0.36363
0.21134 0.17509 -0.34202
-0.07122 0.15339 0.58838
0.56012 0.34629 -0.14023
0.05552 -0.15225 -0.37529
-0.41925 0.32655 0.22540
0.31851 0.62956 -0.50788
-0.12188 0.31479 0.59058
0.44514 -0.51766 0.07262
-0.54401 0.09953 0.33270
-0.48580 0.60394 -0.40406
0.03065 0.44444 -0.50339
0.68267 0.34869 0.44175
0.23500 -0.18366 -0.52306
0.44885 0.04918 0.31219
0.53576 0.37007 -0.23546
-0.39468 0.37705 0.28162
0.02065 0.17993 0.37059
0.23290 0.67921 0.44819
0.28239 0.05901 0.17722
0.27828 0.32343 0.23987
0.38291 -0.19638 -0.40085
0.33939 -0.62280 0.07812
-0.67323 0.22719 0.06899
-0.40633 -0.15491 -0.03964
-0.47579 0.20375 -0.01796
0.25027 0.59492 0.36279
0.72546 0.20763 0.50316
-0.28505 0.45620 0.55420
0.43901 0.36895 0.34549
-0.39123 -0.01486 -0.51785
0.06065 -0.23132 0.32208
-0.04805 -0.30636 0.52594
0.15173 -0.54097 0.23493
-0.60000 0.39567 0.29772
-0.09803 0.50586 -0.53715
0.70554 -0.19644 0.33725
0.38936 -0.47634 0.26592
-0.27686 0.14101 0.30715
-0.25732 0.51189 -0.63792
0.82897 -0.11767 0.38365
-0.38090 -0.23692 0.07831
0.16616 -0.47703 -0.30295
0.24215 0.65091 -0.52491
0.11611 -0.48738 0.45631
-0.39958 0.03052 -0.19508
0.54208 0.33460 0.36954
-0.53069 0.42067 0.03193
-0.43105 0.30960 -0.27934
-0.30698 -0.53723 0.07724
0.56634 0.23077 -0.05033
-0.29044 -0.55525 -0.28851
-0.12454 -0.05462 0.55743
-0.30373 -0.29293 -0.24753
-0.01508 -0.56028 -0.25165
0.48707 -0.43851 0.30190
0.08658 0.52329 0.57386
0.39780 0.42822 -0.00085
0.49989 -0.35839 0.40537
0.23932 -0.42216 0.41854
0.34692 -0.50876 -0.32671
-0.30638 -0.52696 -0.21993
-0.18981 0.32127 0.38712
-0.49189 0.34915 0.42636
0.30775 0.20884 0.16673
-0.01407 0.36744 -0.48839
0.56614 0.40410 0.38999
0.21947 -0.42523 -0.46781
-0.39707 0.51318 -0.57477
0.33888 0.08250 -0.49530
-0.64760 0.18111 -0.22666
-0.22910 -0.00098 -0.60100
-0.18411 -0.37659 0.48893
-0.42550 -0.58416 0.22673
0.73739 -0.26593 0.36602
0.22977 -0.55898 0.37730
-0.37036 -0.50929 -0.06021
0.35499 -0.61427 -0.24158
-0.17026 0.62326 -0.59742
-0.08452 -0.29907 0.32777
0.08481 0.53107 -0.52253
-0.36275 0.09187 0.21621
0.56400 0.46609 -0.07941
-0.61008 -0.04488 0.16275
0.39445 0.19342 0.39637
0.82600 0.01804 0.52866
0.46044 0.64222 -0.16636
-0.20244 0.40319 -0.65608
-0.65180 0.00779 -0.06127
-0.29515 -0.38960 0.21002
0.07388 0.24233 0.36726
-0.27011 -0.36354 0.45637
-0.01028 -0.13069 -0.60493
-0.46242 -0.59843 -0.16492
0.54991 0.15617 0.08541
-0.53550 -0.17728 -0.32288
-0.43148 0.36955 -0.54762
0.47224 0.66149 0.05169
0.41552 -0.56551 0.13204
0.32353 0.39001 -0.53383
0.56889 0.36635 -0.05862
0.45652 0.04659 -0.35738
0.08703 -0.28098 0.51523
0.12627 -0.56482 -0.27331
-0.38361 -0.30519 0.01972
0.35101 0.43615 -0.25581
-0.02906 0.54049 -0.66547
-0.26948 0.20665 0.32843
-0.22600 0.59877 0.46648
0.26990 -0.56512 -0.20589
0.82147 0.24958 0.39214
-0.28711 0.23410 -0.39204
-0.61974 0.21066 -0.29957
-0.38571 -0.55175 0.29872
0.27131 -0.18554 0.16142
-0.11909 -0.55620 0.44764
0.25872 -0.28111 0.43990
-0.13694 -0.63812 0.40628
-0.44568 0.52320 0.29335
0.32299 -0.42548 -0.38983
-0.48290 0.51731 -0.51113
0.30556 -0.07192 -0.49629
-0.51554 -0.49042 -0.14511
-0.36198 -0.54683 -0.15024
-0.15535 0.15342 0.57614
-0.00065 0.12702 -0.64403
-0.03770 -0.24241 -0.58361
-0.56409 0.59732 0.17845
0.11594 0.16975 0.33800
-0.52233 -0.05578 0.32367
-0.41229 -0.04470 -0.12265
-0.64779 0.48160 0.20105
-0.00170 0.40849 -0.66533
-0.59676 -0.10166 -0.22318
0.47365 -0.32998 0.15225
0.40386 0.55132 -0.21123
-0.36965 0.16940 -0.29735
-0.50185 0.05093 0.37808
-0.15397 0.18402 -0.64487
-0.36173 -0.62179 0.27667
0.72540 0.13781 0.44780
-0.30622 0.60138 0.52700
-0.09421 0.07038 -0.41998
-0.69611 0.44216 -0.00040
0.19927 -0.12209 0.25129
-0.53699 -0.04783 -0.36484
-0.17074 0.55918 0.57538
-0.19323 0.32803 -0.46223
-0.34614 0.48048 0.52620
-0.51340 0.38475 -0.15316
-0.54411 0.23541 0.35713
-0.24332 -0.13807 0.28150
-0.07895 0.27093 0.39531
0.31415 0.56824 0.45223
-0.44336 -0.28833 -0.39436
-0.21991 -0.53708 0.12509
0.07705 -0.60999 0.42018
-0.36079 0.00785 -0.25184
-0.33732 -0.16336 0.18453
0.39124 0.43609 -0.14897
0.29839 -0.25938 0.09521
0.49423 0.23854 -0.33100
-0.25467 -0.31841 0.25237
-0.41466 0.04987 0.11006
-0.37184 -0.55638 0.03653
-0.20746 -0.05721 -0.36480
0.55620 0.06093 -0.03765
0.00405 -0.50574 0.47101
0.33056 0.49118 -0.52626
0.10487 -0.33523 -0.33776
-0.07334 -0.54658 0.00309
0.22462 0.31801 0.52717
0.31670 -0.22210 -0.04954
0.50861 -0.11696 0.15442
0.43870 -0.11055 0.29824
-0.33769 -0.08475 -0.54011
0.26924 -0.54842 0.14056
-0.17301 -0.55832 -0.29200
0.73509 -0.04625 0.50790
0.53768 -0.03051 -0.12246
0.49938 -0.03596 -0.25314
-0.03653 0.21388 0.58985
0.52416 0.01080 0.15439
0.52329 -0.31000 0.33466
-0.16118 -0.55378 -0.19151
-0.41383 0.43883 0.49066
0.85245 -0.05847 0.48410
-0.46851 0.61318 -0.49231
0.16994 -0.55313 -0.00816
0.53153 -0.15044 0.01114
0.46989 0.11545 -0.35065
0.34670 0.15125 0.01608
-0.33617 -0.64181 -0.19960
0.37521 0.38058 -0.49251
-0.33171 -0.42734 -0.19065
-0.27984 0.04407 -0.34320
-0.06216 0.20988 -0.45299
-0.14447 0.46383 0.43015
-0.02269 0.30430 -0.66479
-0.36339 -0.21589 0.43884
0.42973 0.16427 -0.41381
0.09171 -0.54013 -0.48054
0.18230 -0.30727 0.25568
-0.59543 0.35251 -0.37783
0.46151 -0.31759 -0.22916
0.51855 -0.17697 -0.12564
-0.36288 0.04803 0.49410
0.47553 0.67149 -0.22366
-0.56665 0.16449 0.31620
-0.41989 -0.41379 0.32879
-0.35355 -0.50912 0.10356
-0.04439 0.19994 0.38196
-0.16442 -0.53237 0.25135
-0.42518 0.29286 0.47591
-0.61272 -0.19921 -0.01806
0.56454 0.25826 0.01782
-0.27722 -0.52229 -0.43829
0.79347 0.27949 0.44626
0.01411 0.11381 0.57669
-0.04206 0.09244 0.58139
0.55440 0.24601 -0.16212
0.27627 -0.18439 0.44616
0.08033 -0.61886 -0.36180
0.79540 0.02197 0.37710
-0.46930 -0.09964 0.38122
-0.15710 -0.54611 -0.03023
-0.11801 0.58224 -0.57075
-0.64748 -0.00923 0.00441
0.46495 0.46827 0.30728
-0.01386 -0.55266 -0.09273
-0.26788 -0.50987 -0.26688
-0.51933 -0.18676 0.28849
0.12306 0.00594 0.54715
-0.33493 0.47400 0.36320
0.10779 -0.44561 -0.51044
0.56474 0.32533 0.02818
0.26742 -0.55033 -0.38476
-0.24650 0.52274 -0.51374
0.36366 0.29834 -0.13813
-0.20396 0.27738 0.57650
-0.54736 -0.34827 0.14427
0.32298 -0.47954 -0.01372
0.23886 -0.05335 0.21626
-0.20757 0.10474 0.56372
-0.16083 -0.49270 0.30663
-0.05213 -0.44481 0.49227
0.31138 -0.36912 -0.07688
-0.37222 -0.46011 -0.05644
0.19050 -0.00513 -0.57559
-0.48275 -0.53911 0.14252
0.57072 0.43295 0.31839
0.48247 0.24396 0.28531
0.02558 -0.51450 0.33307
0.27185 -0.27023 -0.19600
-0.58287 -0.09374 0.20556
-0.32788 -0.14152 0.47997
-0.35058 0.61972 -0.57053
0.27032 0.17550 -0.56324
-0.04494 0.55189 0.58588
0.08970 -0.56040 -0.20030
-0.29112 -0.54163 0.21644
0.04000 -0.29869 -0.56108
0.20772 -0.21269 0.23988
0.29913 -0.21246 -0.13679
-0.31185 0.35690 -0.61484
0.52280 -0.11928 -0.15967
0.47747 0.57346 -0.34865
-0.32315 -0.21940 -0.51511
0.52415 0.21371 -0.25145
0.08290 -0.55040 0.00378
-0.09274 0.65464 0.52099
-0.09324 0.08855 0.36276
-0.46777 -0.19701 -0.40098
0.19915 -0.22485 -0.28700
-0.59950 0.56606 -0.03759
0.18673 0.64367 0.50982
-0.28062 -0.27505 0.47285
0.12291 -0.65352 0.36105
0.48842 0.66329 -0.04696
0.35810 0.24134 -0.10046
0.80722 0.08956 0.36864
0.36099 -0.18789 0.37937
0.35025 -0.62560 0.00917
0.52734 0.35728 0.18847
-0.34206 0.34607 0.52862
-0.02001 -0.14265 0.55166
-0.23341 0.61803 -0.57899
0.12113 -0.56530 0.31167
0.82479 0.09932 0.52803
-0.16758 -0.48114 0.46552
0.35707 0.37581 0.12382
-0.06699 0.02643 -0.41438
-0.46015 0.15612 -0.08103
-0.28466 -0.63347 0.33656
0.22143 0.31097 -0.36903
0.01016 -0.54180 0.14519
0.19749 0.13123 -0.59108
0.16937 0.27087 0.32749
0.37069 0.13693 -0.47745
0.27452 -0.55972 -0.09137
-0.26334 0.44503 0.39023
-0.19183 -0.20640 -0.57201
0.13608 0.41065 -0.63751
0.05091 0.01122 -0.39977
-0.20211 -0.64603 -0.40888
0.21129 -0.52623 0.24936
-0.52655 0.44484 0.09248
-0.44839 -0.26242 0.35446
0.25858 0.23788 -0.31451
-0.26738 0.01858 0.28865
-0.62519 -0.12362 0.00560
0.62194 0.37506 0.42588
-0.52121 -0.50257 0.03783
-0.30010 -0.54632 -0.10792
0.25422 0.39509 -0.58554
0.09544 -0.42672 0.30802
-0.18853 -0.40995 -0.32693
0.33228 -0.60689 -0.10537
0.20040 0.56189 0.52479
-0.42348 0.14783 -0.20268
-0.32720 -0.46063 -0.42862
0.39685 0.59894 -0.28276
-0.38600 -0.45770 -0.38682
0.28490 -0.50549 0.35632
-0.35212 -0.28789 0.13692
0.37806 0.59494 0.21766
-0.34974 -0.37492 0.12336
0.46715 -0.19234 -0.27621
0.39169 0.40567 -0.07958
0.06089 0.31104 0.38477
0.16590 -0.11614 0.51425
0.03216 -0.10517 0.55037
0.32782 0.52054 0.24824
0.12705 0.58909 -0.53167
0.17705 0.01987 -0.33841
0.34606 -0.32853 0.36120
0.54808 0.00325 -0.06473
-0.50487 -0.55565 -0.03876
-0.03377 -0.56409 -0.34025
0.15317 -0.54710 0.10836
0.54350 0.57187 -0.16750
-0.43505 0.40752 0.24272
0.47609 -0.01376 0.25750
0.16327 0.29460 -0.41087
0.19332 -0.51853 -0.44776
-0.64679 0.22066 0.16914
-0.63812 0.58930 -0.26934
0.50318 -0.17977 0.14611
0.30666 0.63318 0.34098
0.36507 -0.43360 0.30117
0.25447 0.58152 -0.57363
0.74171 0.24948 0.32683
0.47006 -0.41366 0.36610
-0.47028 0.27242 -0.17577
-0.23299 -0.54811 -0.11070
0.71897 0.34637 0.31732
-0.34093 0.64003 0.44860
-0.56900 0.61738 0.30724
-0.14357 -0.58132 -0.34360
-0.34010 -0.34892 -0.18452
-0.61043 -0.13457 -0.15190
-0.39493 0.31708 -0.57073
-0.53467 0.33388 0.38275
-0.25464 0.35615 0.56676
-0.54514 0.52796 0.13172
0.29512 0.55467 0.30585
-0.32433 0.23131 -0.59868
-0.67265 0.59526 -0.14257
-0.69947 0.49673 -0.04849
0.35853 0.67314 0.32335
-0.57032 -0.26024 -0.19354
-0.07069 0.34725 0.41161
-0.48924 0.60113 0.40875
-0.61295 0.60562 0.24774
0.39491 0.53574 0.38504
0.46870 -0.12994 -0.29847
0.41872 0.27956 0.36905
-0.11703 -0.55238 -0.13977
0.48018 0.00367 -0.31726
-0.56213 0.50047 -0.10876
-0.61376 0.55925 -0.34041
-0.10752 0.27612 -0.46419
0.26842 -0.29817 -0.47410
0.15614 -0.40242 0.27772
-0.27530 -0.11887 -0.55902
-0.42429 -0.56329 -0.27616
0.42519 0.58807 0.10377
0.34566 0.06396 0.42956
0.43259 -0.27965 -0.30557
-0.52473 -0.28789 0.23889
-0.36674 0.06357 -0.55180
0.76820 0.04028 0.53176
0.12169 0.28340 -0.63893
-0.51589 0.51138 0.40474
-0.18450 0.40744 0.58193
-0.52598 0.33389 -0.46306
0.23033 -0.01557 0.50171
0.49159 0.51024 -0.33368
0.01959 -0.41754 -0.53298
0.13182 0.52778 -0.63488
0.22444 -0.54912 0.10303
0.02223 -0.64243 -0.44357
0.45278 0.59996 -0.03265
-0.55241 -0.24054 0.20034
-0.64380 0.05203 -0.16497
0.18439 -0.06490 0.26742
-0.05409 -0.53537 0.24559
0.32455 0.60569 -0.39890
0.40692 -0.41822 -0.28758
0.14536 0.29396 0.55760
0.40408 0.29476 -0.46122
0.04825 -0.11484 -0.59855
0.51487 -0.22928 -0.07791
0.11946 -0.27607 -0.33639
0.43555 -0.44134 -0.21690
0.27558 0.56687 -0.42057
0.22632 -0.17391 -0.26664
0.22520 0.09280 0.51439
0.20251 -0.36769 -0.27475
-0.30230 0.23057 0.53895
-0.09432 -0.55857 0.33391
0.40540 0.50527 0.07165
-0.47635 -0.10555 -0.42120
0.30998 -0.64479 -0.27154
-0.49091 -0.47989 0.18063
0.06691 0.12256 -0.41552
-0.15261 -0.13046 0.54260
-0.08919 -0.44177 0.32604
0.42736 -0.46207 0.18516
0.46392 -0.49129 0.00456
-0.10679 -0.64501 -0.43955
-0.63318 0.46824 -0.31239
-0.45544 -0.61975 0.11522
0.86873 0.08806 0.39682
0.32598 -0.01863 0.03044
0.52014 0.61520 0.14599
-0.06208 0.56448 0.46975
0.68840 -0.16259 0.49258
0.33399 0.03932 -0.06867
-0.24026 0.66231 0.51698
-0.36564 -0.13524 -0.19743
-0.60779 0.60361 0.06916
0.00906 0.58700 -0.56612
0.76696 -0.21139 0.34989
-0.20186 -0.08084 -0.59562
0.13834 -0.14542 -0.34096
0.18887 0.48593 -0.45579
0.46327 -0.40857 -0.16574
-0.41637 -0.51241 -0.31936
0.43027 0.48230 -0.42631
0.14548 0.44664 0.38174
-0.59579 -0.23864 0.04233
-0.47935 -0.29860 -0.34509
0.48286 0.12722 0.27004
0.30420 0.23996 0.47324
0.14859 0.54308 -0.49816
-0.46569 -0.32632 0.30750
-0.34083 0.20794 0.27399
-0.01370 -0.46810 -0.52377
0.07011 0.56795 -0.64725
-0.23171 -0.56108 -0.29550
-0.34238 0.55319 0.52136
0.41829 -0.38537 0.35966
0.32426 0.50392 -0.33114
-0.07247 -0.54299 0.07803
-0.25943 -0.18851 -0.55011
0.15662 -0.06769 -0.34090
0.48275 0.36608 -0.35771
0.21584 0.15432 0.27133
-0.39671 -0.17772 0.03450
0.55619 0.42280 0.07445
0.31289 -0.11774 0.06889
-0.23480 -0.21281 0.50581
-0.67755 0.20205 0.00753
-0.19363 -0.33599 -0.33018
0.14918 -0.31543 -0.53058
-0.37748 -0.41219 0.36964
0.71488 -0.07714 0.44420
-0.08654 -0.04868 -0.61817
0.39278 -0.23017 0.32873
-0.44047 0.11499 -0.50813
-0.23110 -0.01440 0.54252
0.38421 -0.61054 -0.18280
0.04455 0.66285 0.51129
-0.16041 -0.66494 0.35976
-0.39383 0.50822 -0.42355
0.33344 0.07028 0.04119
-0.59961 -0.23987 -0.06326
-0.63995 -0.01094 0.06647
-0.13116 -0.54806 -0.05745
-0.47396 0.22644 0.04450
0.15750 0.62598 -0.60375
-0.34305 -0.58052 -0.36119
-0.31154 0.49403 -0.47631
-0.41758 -0.64441 0.16907
0.25410 0.36325 0.51337
0.40994 -0.39027 0.25963
0.13587 -0.16436 -0.57096
-0.32037 0.42161 -0.43564
0.01362 0.04986 0.35431
0.64268 0.26448 0.41718
-0.01510 0.41876 0.42188
-0.06382 -0.10500 -0.60970
-0.45784 -0.03760 0.40465
0.46560 -0.45793 -0.10345
0.24083 -0.01893 -0.55092
-0.15016 0.45584 0.58680
-0.32599 -0.28013 -0.49381
-0.25155 0.18920 -0.40151
-0.67608 0.26728 -0.14534
-0.40763 0.22601 0.48323
-0.21317 -0.29125 -0.54120
0.30932 0.05564 -0.17606
0.23904 0.50968 0.51615
0.38212 0.00472 0.38993
-0.52597 -0.36519 -0.22742
-0.12578 -0.45357 -0.51792
-0.19051 -0.67524 -0.35504
-0.37747 -0.26407 -0.12424
-0.50444 0.45365 -0.24093
-0.02648 -0.26954 0.33377
-0.55647 -0.00486 0.29230
-0.56781 -0.07711 -0.30282
0.50451 0.29275 -0.31085
-0.57713 0.42608 -0.40808
0.29844 -0.60558 -0.18783
0.26860 -0.05303 -0.22908
-0.36833 -0.68897 -0.19860
0.55576 -0.40796 0.27942
0.78263 -0.19877 0.44998
0.05855 -0.41884 -0.35334
-0.03896 -0.39140 0.50699
0.01086 -0.54852 0.00598
-0.59220 0.07697 -0.31583
0.35658 -0.60349 0.21967
-0.20976 -0.54248 0.42504
-0.66319 0.55328 0.14935
0.28013 -0.42738 0.38672
0.27082 -0.57050 0.33979
-0.40440 -0.00584 0.10706
-0.55435 -0.19376 -0.27198
-0.60330 0.08923 0.23541
-0.09933 0.40612 -0.66773
0.31920 -0.16484 -0.04393
0.30170 0.39513 0.47696
-0.29215 0.34247 0.34944
-0.23889 -0.41054 -0.49632
0.46438 0.66841 0.21912
0.55051 0.47213 0.10163
-0.67916 0.58237 0.04184
-0.09061 -0.17133 -0.38037
-0.66362 0.41564 -0.24271
-0.38152 -0.67936 0.14649
0.34565 -0.09547 -0.45913
0.02436 0.25270 -0.65280
0.21688 -0.37796 0.44508
-0.38253 0.37064 -0.58379
-0.18468 -0.11155 -0.36445
0.36077 0.41924 0.43239
-0.19914 -0.62787 -0.32912
-0.25794 -0.54040 0.03664
-0.62050 -0.04397 -0.19911
0.66767 -0.33192 0.33916
-0.48337 0.55137 0.26136
-0.49197 -0.48259 -0.21199
-0.59756 0.18041 -0.34140
0.32125 0.34628 0.18986
-0.00429 -0.67766 -0.40572
-0.52061 0.43194 -0.18266
-0.56504 0.04224 -0.35467
0.70351 0.18500 0.42512
0.00685 0.34037 0.59004
-0.41759 -0.35622 -0.39847
0.16803 -0.21685 0.49731
-0.16512 -0.02757 -0.38624
-0.52962 0.60911 -0.35952
-0.15239 0.26938 0.38463
0.01970 0.28013 0.58609
0.32707 -0.01788 -0.07794
-0.30114 0.30404 -0.40390
0.05809 0.64511 -0.61201
0.31691 0.26386 0.16737
0.08002 -0.22668 0.52568
-0.05999 -0.50358 -0.35947
0.22024 -0.07026 0.49861
-0.11800 0.63415 -0.62746
0.49112 -0.31372 0.10197
-0.25590 -0.26484 0.25666
-0.20484 -0.55742 -0.45495
-0.25309 0.52858 0.42392
0.08883 -0.22672 -0.56981
-0.18336 0.53145 -0.65577
0.39356 -0.02569 -0.42946
0.84831 -0.09565 0.43116
-0.19993 0.04846 -0.62068
-0.37615 -0.35727 0.03719
0.31651 0.29288 -0.25220
0.35917 0.57196 0.41856
-0.33661 -0.59189 -0.17581
-0.31895 -0.26220 0.19266
-0.51302 0.27098 -0.47092
-0.66383 0.21617 -0.18718
0.11094 0.60117 0.44690
-0.64005 0.06631 0.13411
-0.66731 0.09765 -0.05691
0.10634 0.40634 -0.46816
0.46446 0.53388 0.29828
-0.26917 -0.25873 -0.28932
-0.24947 0.57171 -0.53852
0.86139 0.06241 0.50410
-0.20077 -0.35389 0.28828
0.33518 0.33835 -0.52405
-0.04531 0.17342 -0.65568
0.29268 0.61934 0.45472
0.04343 -0.15084 0.33132
0.12142 0.18431 -0.63059
0.49550 0.35912 0.35461
-0.68948 0.51143 -0.11672
-0.65457 0.13156 -0.18115
-0.55937 0.32633 -0.42044
-0.23997 -0.55586 0.26546
-0.59444 0.50881 0.30221
0.53605 0.64717 -0.06829
0.55911 0.11059 0.00323
0.00344 0.65900 0.54894
0.54821 0.13129 -0.16106
-0.57434 -0.25021 0.13976
-0.31263 -0.07541 0.23676
-0.42022 -0.67804 -0.10660
-0.54296 -0.44408 -0.05732
-0.22764 -0.46177 -0.29813
0.20118 -0.05650 -0.56169
0.10213 0.34970 -0.64766
-0.37643 -0.52954 -0.01350
-0.25773 0.08022 0.54313
0.38297 -0.38771 -0.33364
-0.13503 0.42137 -0.50283
0.28557 -0.12142 -0.18810
-0.35246 0.11814 -0.29961
0.27844 -0.10067 0.15681
0.59245 0.31113 0.39966
0.08303 0.61393 0.55911
-0.56865 0.42842 0.34182
-0.67526 0.33338 0.12330
0.29696 -0.30951 0.40580
0.52657 0.43788 0.23725
0.01552 0.50801 0.58393
0.74735 0.19988 0.34993
0.37659 0.61524 0.38661
0.55910 0.36060 0.06846
-0.07970 -0.66225 -0.37966
0.20818 -0.47943 0.24462
0.38510 -0.64063 -0.11863
-0.24849 0.08642 -0.37711
-0.11674 -0.42488 -0.35420
0.44705 0.41870 -0.40563
0.02066 0.43659 0.58699
-0.69304 0.29322 -0.03907
-0.44316 -0.43747 0.28693
-0.41662 0.19575 -0.53863
0.53452 0.64253 0.01960
0.30550 0.06952 0.13032
0.50303 0.43248 -0.31602
0.30456 0.14229 -0.21986
0.05370 -0.56562 0.33542
-0.34512 -0.65491 -0.29925
-0.42331 0.08870 -0.17131
-0.68141 0.27146 0.04060
0.31788 -0.63973 0.22372
0.78698 0.24639 0.48734
-0.52845 0.44667 0.39712
0.18096 -0.53473 -0.29718
-0.04719 -0.58283 -0.47881
-0.62425 0.54055 0.25404
0.39962 -0.63653 -0.01913
-0.61708 0.00833 0.16863
-0.10240 -0.33280 -0.55515
0.73674 -0.21125 0.48245
-0.17725 0.17541 0.36078
0.03120 0.45626 -0.66130
-0.36957 0.41989 0.51714
0.25843 0.06799 -0.55546
-0.15691 -0.54316 0.03125
-0.06197 0.38651 -0.49984
0.19116 -0.63488 0.30151
0.43960 0.61268 -0.38313
0.53120 0.04129 -0.19537
-0.38603 -0.64137 0.01223
-0.13535 -0.19300 0.32581
0.49118 -0.28022 -0.17033
-0.17639 -0.02718 0.32811
-0.40400 0.15598 0.47882
0.31635 -0.18681 0.41588
-0.31958 -0.54335 -0.05622
0.39130 -0.30907 -0.35313
0.05468 -0.49188 0.46910
0.17129 0.17925 -0.37569
-0.42046 -0.06973 -0.02269
-0.43143 0.01590 -0.07303
-0.56839 0.37558 0.33938
0.12407 -0.59136 -0.33591
0.02055 -0.53728 0.24432
0.49841 0.18393 -0.31401
-0.31539 -0.10598 -0.27578
0.69022 -0.28933 0.43565
0.26746 -0.48525 0.26169
-0.47350 0.20662 -0.07863
0.20096 0.44292 -0.42870
-0.27125 -0.60683 -0.26990
0.43709 -0.05625 -0.36227
-0.30347 -0.62167 0.21800
-0.33538 -0.02310 0.21901
0.38060 0.35487 -0.07611
0.43075 0.06944 -0.39648
0.30099 -0.18998 0.09318
-0.37251 -0.54378 -0.09241
-0.64202 0.28643 -0.27122
0.32095 0.19038 -0.19677
0.73725 0.08116 0.48419
0.12428 -0.54469 0.14372
0.05799 -0.34881 -0.35573
0.48891 0.62315 0.21179
-0.66487 0.09576 -0.00243
0.23040 -0.55750 -0.06792
-0.51042 0.33614 -0.06715
0.09727 -0.31878 -0.54726
0.06555 0.11795 0.57104
-0.29998 0.07673 -0.58664
-0.25330 -0.55192 -0.20031
0.25877 -0.39642 -0.20893
-0.62906 0.38382 0.24645
0.48427 -0.16061 0.19684
0.59870 -0.28143 0.45426
0.27532 -0.20433 -0.49281
-0.36175 -0.00321 0.48708
0.53024 -0.10521 0.05391
-0.31735 -0.47368 0.39518
-0.61658 0.22234 0.24577
0.62404 0.38483 0.25468
-0.31403 0.65241 0.49381
-0.60726 0.45894 0.28951
-0.09118 -0.40009 -0.53746
-0.41023 0.09444 0.14403
0.35630 -0.39524 0.32539
-0.57383 -0.32734 -0.08563
-0.17910 0.57778 0.46356
0.31072 -0.53641 0.32254
0.24355 0.60469 -0.47254
-0.67400 0.21129 -0.11491
-0.56003 0.57314 0.33767
-0.30296 0.17683 -0.60053
-0.19044 0.42112 -0.49397
-0.04649 -0.23685 -0.37762
-0.15264 -0.53545 0.19353
-0.11249 -0.48744 0.32432
-0.29358 0.61871 -0.59608
-0.44011 -0.08181 -0.46579
-0.69358 0.50498 0.00178
-0.38828 -0.29738 -0.03540
0.69741 -0.11474 0.47654
0.29658 -0.36618 -0.13183
0.86050 0.11662 0.48661
-0.13588 -0.37465 -0.54052
0.32369 0.00132 0.43922
-0.02835 0.07778 0.36293
0.16558 -0.33281 -0.30491
-0.28107 0.02085 -0.58453
0.28686 -0.17781 -0.17221
0.08186 0.47285 0.57946
-0.46440 0.40915 0.44969
0.26638 -0.06853 -0.52869
0.70388 -0.24781 0.46907
0.44165 0.45425 0.20149
0.05763 -0.44238 0.48319
-0.38706 -0.19439 -0.47565
0.30258 -0.42272 0.09102
0.56984 0.45221 -0.03086
-0.16584 -0.02506 0.55571
-0.03082 -0.55757 -0.20341
-0.45380 0.30829 0.16470
-0.27472 -0.36747 -0.49679
-0.42370 -0.03352 -0.05797
-0.69029 0.45094 0.04913
0.22302 -0.10599 -0.28187
-0.11678 -0.00616 -0.40281
0.33202 -0.55934 -0.05392
-0.55204 0.59007 -0.29490
-0.05982 -0.53803 0.18742
-0.11191 0.17715 0.58481
-0.04118 -0.56218 -0.30440
0.14477 0.04621 -0.36680
-0.38734 0.38514 -0.37245
0.76257 -0.00978 0.53074
0.28522 -0.40569 -0.16251
-0.38229 -0.01664 -0.20988
0.17908 -0.01556 0.27576
0.25488 0.43375 0.30273
-0.36910 -0.32862 -0.12403
0.26192 -0.05182 0.47750
0.22861 -0.56374 -0.19839
0.42504 0.36604 0.29120
-0.12496 -0.54165 0.07884
-0.47794 -0.23331 0.32620
0.38026 0.51430 0.15116
-0.46178 0.24624 0.10537
0.17513 -0.56984 -0.43572
0.10261 -0.64748 -0.42578
-0.60499 0.16708 0.25990
-0.44477 0.07977 0.00977
0.21901 -0.54647 0.15525
0.00752 -0.14086 -0.38438
-0.37253 -0.16317 0.12282
-0.37955 -0.18806 -0.14331
0.34377 0.17992 0.05691
-0.25135 -0.65841 0.29344
0.64014 0.28668 0.32166
-0.08170 -0.60566 0.42998
0.86197 0.02423 0.39053
0.30377 -0.50199 -0.37647
0.13683 -0.06610 0.53231
0.30562 0.58429 -0.53299
-0.33881 -0.66701 0.24648
0.02309 0.01529 0.56702
0.35681 -0.27308 0.36313
0.30005 0.08163 -0.52648
0.28389 -0.50730 0.17599
-0.22388 -0.18571 -0.33377
-0.23485 -0.04804 0.30049
0.15638 0.15135 -0.61204
-0.24680 -0.44436 0.25391
0.44234 -0.32715 -0.27402
0.42147 -0.51130 0.16188
-0.13899 0.07672 -0.63232
0.14240 0.63431 -0.55720
0.15320 0.35582 -0.43188
-0.64325 0.41540 -0.28942
-0.38446 -0.66286 -0.24263
0.06485 -0.08357 -0.38195
-0.05231 -0.55397 -0.13975
-0.12310 -0.24205 0.52747
0.41932 0.06001 0.35046
-0.43284 0.47377 0.27975
-0.07851 0.48697 0.59644
-0.42281 0.41719 -0.55749
-0.62591 -0.06929 0.09232
-0.25819 -0.18432 0.26275
0.10853 -0.54888 0.04855
-0.18045 0.09032 -0.40549
0.55614 0.20049 0.06325
-0.45563 -0.37742 0.29878
-0.34835 0.32785 -0.59890
-0.19381 -0.45626 0.29062
-0.10598 -0.35780 0.32299
-0.33915 0.12686 0.51377
0.19037 0.06724 -0.33706
-0.67924 0.48613 -0.18929
-0.57756 -0.31456 0.03636
0.31078 -0.24813 0.04658
0.43537 0.66380 0.28725
-0.23435 -0.66761 -0.37871
0.32495 -0.55319 0.07016
-0.06359 -0.28222 -0.57135
0.01767 -0.51303 -0.50324
-0.01160 -0.32285 0.32988
0.48969 0.39512 0.17923
-0.35424 -0.38542 -0.14546
-0.48222 0.56658 -0.37269
-0.38734 -0.50803 -0.35848
0.25768 -0.59576 -0.36828
-0.02140 -0.39444 -0.54626
0.24989 -0.55328 0.02964
-0.41671 0.19416 0.17797
0.41773 0.51575 0.01365
0.39861 -0.39196 0.21217
0.01826 -0.20887 0.33112
0.63945 -0.29465 0.28657
0.53339 0.63396 -0.12293
-0.18504 -0.31888 0.50390
-0.62105 0.10195 -0.25998
-0.46587 0.25969 -0.51170
-0.28316 -0.08861 0.50790
-0.52460 0.39795 -0.10476
-0.18054 0.05152 0.33837
0.57077 0.35692 -0.00841
-0.32251 0.30488 0.31451
0.64103 -0.33140 0.40951
-0.49446 0.17097 0.40913
-0.22112 0.09312 0.32799
0.69489 -0.16581 0.37350
0.50859 -0.25992 0.04555
-0.53256 -0.22737 0.25596
0.48980 -0.25984 0.14530
0.78291 -0.16646 0.48628
-0.01891 -0.56666 -0.38608
0.19637 -0.61607 -0.30191
0.38682 0.18219 -0.47030
0.23906 -0.30321 0.19905
0.42428 0.36693 0.20127
0.07556 0.46239 -0.49952
0.16565 -0.09332 -0.57075
0.38651 0.41265 0.04978
-0.03363 0.53410 -0.54744
0.55945 0.51367 -0.08737
-0.26922 -0.54227 -0.00796
-0.32778 -0.41267 -0.44688
-0.43136 0.55579 0.32614
-0.13727 -0.19290 0.53475
0.34203 0.33166 0.13655
-0.43448 0.05960 0.06222
-0.43553 0.12263 0.44875
0.18303 0.09458 0.28716
-0.67794 0.35950 -0.18037
-0.50016 -0.42680 0.19974
0.39317 -0.05551 0.36528
-0.27003 0.30324 -0.62819
0.44904 -0.27082 0.23414
-0.34508 0.57041 0.40005
0.51228 0.44140 0.32665
-0.02619 0.52897 0.45380
-0.20094 -0.51396 0.29086
-0.24597 0.33904 -0.44566
0.25945 -0.25226 -0.49330
0.23502 -0.63709 0.27388
0.01123 0.23289 0.58513
-0.40637 -0.06755 0.07603
0.54151 -0.38931 0.38770
-0.18323 0.36667 0.40078
0.11290 -0.56948 -0.37699
-0.37993 -0.63735 -0.07086
-0.14158 -0.07305 -0.60763
0.20530 -0.47381 -0.45969
0.11779 0.23768 0.34890
-0.26224 -0.18715 -0.30531
0.16621 0.55871 0.40758
0.12972 0.16749 -0.39605
0.49651 -0.33259 0.30224
-0.56770 0.13846 -0.37683
-0.20366 -0.44841 -0.49733
0.16013 -0.26758 0.49136
0.19789 -0.04859 -0.31036
0.44196 0.24588 -0.40525
0.56522 0.41849 -0.07930
0.41088 -0.00185 0.35262
-0.44635 0.57933 -0.42961
-0.34466 0.29691 -0.36979
-0.60905 0.50948 -0.36497
-0.46109 0.30843 0.44902
0.25073 0.34398 0.27969
-0.57368 0.23869 -0.38868
0.51702 0.38787 -0.28238
0.01428 0.07921 -0.63505
0.37850 -0.59785 0.17802
-0.10007 -0.54918 -0.48671
0.53281 -0.35247 0.24556
-0.53575 0.05291 0.33316
-0.02527 0.32142 0.40116
-0.25965 -0.42658 0.44315
0.32724 0.18043 0.11143
0.16723 -0.54311 0.28430
-0.44954 0.17354 -0.51118
0.24678 0.25306 0.26174
-0.48150 0.36325 0.13912
-0.30211 -0.48022 -0.22509
-0.54658 0.46509 0.03059
0.01595 -0.55843 -0.19721
0.31791 -0.48379 0.13057
0.11839 -0.54175 0.20164
0.40774 0.63971 -0.41280
-0.55889 0.47446 -0.42957
0.01008 0.32997 -0.47359
0.34803 0.66135 0.39834
0.74399 0.31475 0.45186
0.51710 0.38376 0.38824
-0.01338 -0.63535 0.41949
-0.34182 -0.02982 -0.55108
-0.30144 0.04584 0.26772
0.26160 -0.42130 0.25339
-0.58929 -0.15262 -0.21338
0.38532 0.26151 0.41033
-0.45495 0.22863 -0.18264
0.41246 0.56854 0.35654
-0.23630 -0.61829 -0.29893
-0.37983 0.58343 -0.57512
-0.08671 -0.24010 -0.57906
-0.23863 0.15423 0.33072
-0.16260 0.51346 0.58100
-0.42804 0.61992 -0.51477
-0.49426 -0.00368 -0.43100
0.06752 -0.36332 0.31720
-0.66020 0.43759 0.17366
0.42836 -0.31581 0.26204
0.09190 -0.56549 -0.30494
0.22296 0.19673 -0.58694
0.58502 -0.26063 0.41136
-0.51969 0.64437 0.32664
-0.68791 0.31008 -0.09433
-0.14905 0.22795 -0.44829
-0.61206 0.62628 -0.25829
0.30745 0.01026 0.10943
0.56081 0.22233 -0.09759
-0.20591 -0.37778 -0.51974
0.28300 0.10931 -0.24457
0.30129 -0.53288 0.12011
0.32506 0.21956 -0.52300
-0.31376 -0.54588 0.36558
-0.29836 -0.32672 0.45411
0.00535 -0.04275 0.34523
0.22955 0.01194 -0.29432
0.52389 -0.19938 -0.04064
-0.62073 0.60983 -0.00190
-0.42168 -0.30472 0.36932
0.42472 0.58432 -0.18635
0.30079 0.18383 0.47350
-0.28953 -0.47709 -0.44971
0.31112 -0.23207 -0.09675
0.12455 0.00302 0.31316
0.32519 -0.56130 -0.09827
0.74857 0.31169 0.32434
0.53035 0.33276 0.32499
0.30112 -0.12955 0.43732
-0.62452 0.60974 -0.07947
0.75609 0.17805 0.52089
0.68824 0.31263 0.46983
0.32115 -0.41564 0.30376
0.23969 -0.45016 -0.23523
-0.57115 0.52543 0.02721
0.51032 0.33416 0.22658
0.74384 -0.07798 0.38948
-0.44519 0.28611 -0.24247
-0.28293 0.39180 0.55469
-0.30492 0.40198 -0.62009
0.31476 -0.01636 -0.13839
0.55370 0.08409 -0.07713
-0.34335 0.60921 -0.52651
0.40302 -0.12910 0.33975
0.15463 -0.34191 0.27640
-0.35218 0.53895 -0.46927
0.47733 -0.37742 0.10051
0.32399 -0.07711 -0.06330
0.27607 0.67052 0.43586
-0.27834 0.63755 0.52908
-0.43404 -0.17201 0.39485
-0.66851 0.18182 0.06632
0.10853 -0.03752 -0.60314
0.14819 0.41394 -0.45152
-0.29513 0.38751 0.36077
-0.47603 -0.14996 -0.40656
-0.09234 -0.24216 0.32959
-0.40530 -0.67483 -0.16707
-0.58984 -0.24079 0.08747
0.17759 0.32396 0.54592
0.32578 0.31021 0.45952
-0.40030 -0.67547 0.06277
-0.05756 -0.53300 0.29312
0.28428 -0.28993 0.12582
0.46649 0.64079 -0.09699
-0.12699 -0.50157 0.46485
0.55212 0.32457 0.11131
0.56725 0.19011 -0.03011
0.13512 0.39337 0.37306
-0.40510 0.27714 -0.29765
-0.42238 0.14181 0.13806
-0.43588 0.43495 -0.33714
-0.30054 0.11141 0.28232
0.44289 0.29807 -0.40864
0.05530 0.12818 0.35670
-0.30297 -0.14947 -0.27967
0.45193 0.65645 -0.33326
0.34461 -0.48036 0.27128
0.75013 0.11853 0.39796
0.40735 -0.08607 -0.39593
0.23975 -0.56191 -0.15464
0.34480 0.03910 -0.48431
-0.53522 0.61672 -0.41274
-0.17977 -0.54789 -0.07889
0.26705 -0.00020 0.18670
-0.30770 0.18429 0.29346
0.20892 0.25661 0.29524
-0.42463 0.18676 -0.22531
0.20599 0.43873 0.34051
-0.59186 -0.04797 -0.26291
-0.44525 -0.66579 -0.05398
0.45428 0.35651 0.25324
0.12815 -0.62395 0.32755
0.80404 -0.09562 0.51175
-0.67621 0.51882 0.12353
0.12453 0.24685 -0.41702
-0.30998 -0.17055 0.21949
0.35246 -0.52504 0.27545
-0.26857 -0.53663 0.10948
-0.65558 0.31792 0.17146
0.46326 -0.03693 -0.33097
0.03681 0.34632 0.39851
0.51692 0.15765 0.19730
0.79419 0.13214 0.36352
-0.19031 -0.54320 0.01309
-0.45701 0.62839 0.35646
0.20923 0.62278 -0.51347
-0.10438 0.14236 0.36882
-0.48158 0.07971 0.40574
-0.61196 -0.17949 0.02204
0.05588 0.20505 0.57885
-0.13919 0.04789 0.56804
-0.14239 -0.33146 0.50772
0.31021 0.55116 -0.37783
0.02572 -0.46026 -0.35696
-0.56533 -0.00429 -0.34183
-0.51376 -0.08925 -0.37989
0.28571 -0.22972 0.12593
0.02297 -0.25749 -0.36918
0.41616 -0.42823 0.23110
0.54272 0.50284 -0.20692
-0.30184 -0.42063 -0.23135
0.49443 -0.32554 -0.11383
0.31431 -0.35201 0.38166
-0.13501 0.49068 -0.66316
0.53889 0.55227 0.12531
0.34041 0.53280 -0.51418
-0.36694 -0.23589 -0.15693
0.18625 -0.56595 -0.26605
0.12700 0.51181 0.55953
0.48732 -0.08124 -0.26794
-0.04099 0.48769 -0.53104
-0.34923 -0.54919 -0.19275
-0.66087 0.04806 -0.04496
-0.13926 0.36444 0.40634
0.83551 -0.03051 0.51406
0.36526 0.57655 -0.48926
0.25730 -0.41515 -0.44703
0.10412 -0.54652 0.09526
0.26937 -0.62845 -0.33594
0.86881 -0.02448 0.41896
-0.53546 -0.44255 0.07896
-0.41595 -0.46591 0.30942
-0.07769 -0.54941 -0.05809
0.46892 0.20524 0.30338
0.18075 -0.18460 0.26072
0.06386 0.02527 0.33992
-0.22593 0.54101 -0.64920
-0.08315 -0.04170 0.56522
-0.20102 -0.53455 -0.31724
-0.00863 -0.63469 0.36133
0.22550 -0.30281 0.45896
-0.01711 -0.38074 0.33116
0.15957 -0.45451 0.44962
0.55710 0.30503 -0.15518
0.40110 0.12363 0.38034
-0.14179 -0.57996 -0.46931
0.74149 0.02278 0.44016
0.19767 0.12734 -0.34311
-0.51167 0.15639 -0.45049
0.54854 0.09716 -0.13351
0.33278 -0.31639 -0.41702
-0.28732 -0.50270 0.21790
-0.32850 0.23320 -0.36146
-0.10123 -0.08606 0.34048
0.01936 0.37032 -0.66089
0.10639 -0.35394 0.49517
0.28776 -0.63391 0.27389
-0.23396 -0.49260 0.43362
-0.37613 -0.37120 0.38476
-0.21185 0.63120 -0.61608
0.54106 0.13688 0.13428
-0.67930 0.60127 0.00158
0.33101 0.02538 0.02296
-0.61837 -0.12610 -0.10992
0.30869 0.59650 0.31039
-0.32925 -0.63231 0.30369
0.11381 0.56729 -0.63808
0.17925 0.16541 0.30007
0.78037 -0.21464 0.40951
-0.44096 -0.47848 -0.30773
0.55348 0.04775 0.01009
0.32518 -0.59886 -0.29775
0.35453 0.17734 -0.03487
-0.33547 0.08503 0.24933
0.19950 -0.62308 -0.39511
-0.43598 -0.09813 0.40898
-0.33381 -0.29683 -0.20909
0.48167 0.28712 0.28957
0.15349 -0.55842 -0.12644
-0.14291 0.07088 -0.41492
0.36350 -0.65022 0.10136
0.13637 0.14330 0.55380
0.50259 0.37307 0.24384
-0.09991 0.11258 -0.42753
0.32251 0.41336 -0.29044
-0.46890 0.46312 -0.52346
0.48551 0.68227 0.12171
0.32723 0.55914 0.26757
-0.28000 -0.38980 -0.26180
0.32672 0.15620 -0.16753
0.55991 0.26610 -0.11849
