0.05978 -0.81686 0.04899
0.05815 -0.03224 0.27765
-0.01021 0.93059 -0.29823
-0.05256 -0.09070 -0.29750
-0.03198 0.89066 0.29520
-0.02972 -0.73727 -0.29579
0.04838 0.34600 -0.03035
-0.04980 -0.65229 0.29022
-0.05205 -0.26942 -0.02323
-0.03652 0.45718 0.18177
0.05985 -0.42736 -0.16264
-0.02207 0.93079 0.02562
-0.05223 -0.95275 -0.13468
-0.05191 0.40009 -0.29695
0.04179 -0.31761 0.12817
-0.05715 0.03197 -0.09653
0.03245 0.60548 -0.19327
-0.04062 -0.87481 0.18126
0.02544 0.07065 0.08110
-0.05715 0.64583 0.10492
-0.03152 -0.93260 -0.18784
-0.05003 -0.48339 0.29035
0.05463 -0.48377 0.05333
-0.04084 0.56147 0.28896
-0.03850 -0.92235 0.29438
0.03784 0.67002 -0.02938
-0.03920 -0.54692 -0.29460
-0.05205 0.08555 -0.20878
-0.05715 0.72381 0.21132
-0.05254 0.25340 0.29209
0.00479 -0.72642 -0.13625
-0.05205 0.34698 0.09167
-0.02784 -0.38118 -0.29602
-0.01154 0.24145 -0.13829
-0.02070 0.87692 -0.13430
-0.00232 -0.24635 0.29377
0.05724 0.93079 0.26533
0.03721 -0.76417 -0.02377
0.02716 -0.16771 -0.19933
-0.04883 0.70532 -0.29853
0.05304 -0.69693 0.13811
-0.00517 -0.09346 0.19082
-0.05205 0.87070 0.09927
0.05455 0.20478 0.15608
-0.01115 -0.11602 -0.03051
-0.04460 0.12868 -0.03446
0.00447 -0.95046 -0.02856
-0.05503 -0.66833 -0.24409
0.00939 -0.57299 -0.02794
-0.05252 -0.27170 -0.08202
-0.01354 0.14361 -0.30294
-0.00063 0.53634 0.02376
0.01400 -0.16731 0.08549
0.00998 0.61963 -0.13560
-0.04401 -0.94393 -0.29414
-0.01125 0.36518 -0.19550
-0.02049 -0.20811 -0.08149
-0.05205 -0.55923 -0.09331
0.04042 -0.23827 -0.24044
-0.03111 0.81142 -0.19302
0.00593 0.75075 -0.24383
0.01082 -0.78673 -0.13549
-0.04895 -0.38978 0.24012
-0.03810 0.43845 -0.14161
0.05105 0.55239 -0.03348
-0.04475 -0.51244 0.13675
0.05666 0.53224 -0.28640
0.04294 0.91060 0.13502
0.04332 0.54265 0.18247
0.03618 0.19776 -0.08972
0.01339 -0.60096 -0.24290
-0.04412 0.08763 0.23952
0.01495 0.22751 -0.23757
0.00064 -0.05186 0.13133
0.00691 -0.36553 0.07947
0.04363 -0.77479 0.24320
0.04449 -0.50281 0.18780
-0.01093 -0.83333 0.19010
-0.04828 -0.93792 0.07408
0.05176 -0.02220 0.07342
0.05902 -0.81815 -0.26453
-0.05260 0.34541 0.02512
-0.04266 0.11056 0.28873
-0.00072 0.58055 0.23409
-0.05205 0.72644 -0.10254
0.05405 0.34429 0.24702
0.03553 -0.66119 0.08448
0.05671 0.34808 -0.28628
0.04961 -0.37901 -0.03180
-0.02172 -0.65115 0.02639
0.03507 -0.07340 -0.23856
0.03165 0.76395 0.02194
0.05890 -0.57340 0.25824
0.03537 0.74088 0.29999
-0.01693 0.51471 0.13352
0.04969 0.22217 0.06799
0.04071 -0.94727 -0.19572
-0.00121 -0.95001 0.01870
0.05830 0.73999 0.14816
-0.02731 -0.42242 0.02196
0.02900 -0.02225 -0.12932
-0.00172 0.77373 -0.30442
-0.05205 0.04617 -0.02330
0.01429 -0.81707 -0.08584
-0.03544 -0.39905 0.18191
-0.05576 -0.50008 -0.19317
-0.05715 0.84881 0.21716
0.04270 -0.95275 0.13137
-0.05715 -0.38608 -0.09487
0.05985 0.28499 -0.05824
0.04810 0.21394 0.24005
0.03960 -0.95207 0.23452
0.03209 0.34729 0.12447
0.05786 -0.40716 -0.28373
0.05719 0.74519 -0.15113
0.04670 -0.12509 -0.03623
0.05485 0.13071 -0.16497
0.03789 0.16918 -0.24486
-0.04296 0.41226 0.29383
-0.03325 0.60201 -0.07989
0.05271 0.04706 0.18003
-0.00070 -0.61513 0.18625
-0.05030 -0.22629 -0.29835
0.02936 0.50547 0.08103
-0.04341 -0.29962 -0.19148
0.02908 -0.48021 0.30159
0.01351 -0.58192 -0.13516
-0.05715 0.51169 -0.23807
0.05966 0.39368 0.15588
-0.00702 -0.13619 -0.13259
0.01262 -0.68862 -0.30108
0.01166 -0.15950 0.01709
-0.05715 0.20415 0.11457
-0.04589 0.73049 -0.19145
-0.04329 -0.28225 0.07322
-0.03211 -0.12067 0.29005
-0.05715 -0.73576 0.11070
0.05131 -0.12339 0.25276
0.00673 -0.22834 0.19231
-0.03403 0.35020 0.23826
0.00786 -0.72377 -0.19276
0.05503 -0.31666 0.03319
-0.05205 -0.83321 0.00398
-0.03584 -0.79604 0.29472
0.01255 -0.19250 0.12471
0.03635 0.92368 -0.19739
0.05465 -0.02998 -0.03778
0.02520 0.80179 -0.09163
-0.00975 -0.27783 -0.08283
-0.05205 0.76224 0.09859
-0.05205 0.14850 -0.11255
0.04792 0.48643 -0.18323
-0.00690 0.35739 -0.24031
0.05476 0.06848 0.24804
-0.04731 -0.05366 -0.18691
0.05536 -0.32609 0.24938
-0.04992 0.78825 -0.02736
0.00080 0.39461 -0.08928
-0.02153 -0.67928 0.18365
-0.05205 0.45458 -0.02064
0.05513 0.88487 -0.03884
0.01590 -0.71840 0.02169
0.05428 -0.78567 0.16356
0.05995 -0.65129 -0.05559
0.00887 0.21150 0.23289
-0.00785 -0.02189 0.01953
-0.03777 0.05889 0.13100
0.02122 -0.92772 -0.09170
-0.04561 -0.86437 0.07340
-0.05205 -0.81536 -0.22381
-0.05205 -0.64394 -0.10732
0.05231 0.63306 0.06277
0.05698 0.44936 0.25296
0.00464 -0.58553 0.12570
-0.04959 0.22121 0.02767
-0.01309 0.66816 0.02018
-0.04302 -0.04503 0.24451
0.05915 -0.28444 -0.15775
0.05402 0.65125 -0.27858
0.02389 0.85826 -0.36647
0.00539 -0.16567 -0.02331
0.05983 0.39202 0.05296
0.02268 0.02342 -0.30204
0.02852 -0.83972 -0.30703
-0.04687 0.19417 -0.19172
0.05567 -0.51269 -0.07313
0.00106 0.80485 0.23900
-0.03221 -0.36216 0.29004
0.05852 0.83630 -0.06681
-0.03681 0.25595 0.18174
0.05469 0.58716 0.14015
-0.05205 -0.05605 0.08521
0.05980 0.85304 -0.27403
-0.05715 -0.17644 -0.23408
0.01336 0.12884 0.01688
-0.02994 0.01052 -0.24319
-0.03847 -0.53642 0.02849
0.05787 0.90615 0.06281
-0.00997 0.76433 0.08249
0.04696 -0.51709 -0.29210
-0.02671 0.63728 0.18813
-0.03786 0.30512 -0.24931
-0.05205 -0.77024 -0.12097
-0.01179 -0.30411 0.23548
0.04560 0.07453 -0.07823
-0.02311 -0.09928 -0.08629
-0.03122 0.62937 -0.24847
-0.02772 0.59236 -0.30117
-0.05081 0.42372 0.08131
0.00721 -0.53782 0.29497
-0.05715 -0.94732 0.11552
0.05893 0.29599 -0.17244
-0.02068 0.88788 -0.08146
-0.04669 -0.59416 0.07360
0.04047 -0.70303 -0.24047
-0.04857 0.93079 0.24007
-0.00140 0.26179 -0.29933
-0.04078 -0.17559 0.24423
0.05283 -0.14220 -0.29306
0.03569 0.83878 0.18683
-0.05205 0.90070 -0.22140
0.04837 0.64059 0.28500
-0.04661 0.51852 -0.14188
0.02740 -0.88271 0.02122
0.05594 -0.67888 0.28255
-0.03506 0.34519 0.29481
-0.04206 0.07489 0.18621
-0.00628 0.47083 -0.29872
0.02055 -0.88374 -0.02655
-0.03614 -0.47176 -0.13623
-0.04296 -0.58063 0.24450
0.01043 -0.51240 -0.19821
-0.00065 0.92854 -0.08397
-0.05473 0.51593 0.18647
-0.03281 0.28571 -0.03322
-0.01230 0.35293 -0.13838
0.00402 -0.51057 0.18684
0.03575 0.45563 -0.23877
0.05169 -0.85099 0.28895
0.01525 -0.43754 -0.24267
-0.01743 -0.89567 -0.24675
-0.00471 0.21943 -0.02458
-0.00021 -0.49327 0.23916
0.01947 -0.81733 -0.19934
0.00899 -0.67260 0.23801
0.01891 0.11307 0.12391
-0.03337 0.01511 0.28989
-0.01081 -0.87092 -0.13820
0.02630 -0.43114 0.12893
-0.05205 -0.49741 0.19464
-0.01636 0.26730 0.08170
-0.00998 -0.83795 0.13266
0.03442 0.30167 0.02279
0.01722 0.43423 0.23185
-0.01700 -0.66413 -0.03124
-0.01200 0.87888 0.05346
0.01000 0.00958 -0.19816
0.05048 -0.27709 -0.04091
0.05630 0.51192 0.28176
0.02047 -0.34249 -0.13429
-0.05040 0.56716 0.07510
-0.03129 -0.42034 -0.18786
-0.05715 0.87192 -0.02155
-0.03635 -0.37075 -0.02853
0.01781 0.07936 -0.13462
-0.04097 0.68254 0.29407
-0.00615 0.48956 -0.08328
-0.05205 -0.76018 0.21390
0.05357 0.83829 0.28674
-0.03586 -0.50375 -0.03360
0.00632 0.30806 0.19226
0.05089 -0.31088 -0.28680
0.01524 -0.41711 0.08565
0.01465 -0.33448 -0.09101
0.00699 -0.00741 0.19234
-0.05183 0.80950 0.29152
0.01189 -0.85600 -0.08554
-0.01231 -0.25448 0.02009
0.03721 -0.11345 0.08396
0.05778 -0.63740 -0.17619
0.05440 -0.57670 0.03197
-0.04233 0.31021 -0.07876
-0.05715 0.56340 -0.01814
0.04082 0.22429 0.01980
0.02753 0.66647 -0.19423
0.00314 0.14828 0.07900
0.03666 -0.25336 0.08413
-0.03741 0.18202 0.29452
0.05694 0.45878 -0.04285
-0.05653 -0.74217 -0.02604
-0.02286 0.65974 0.23686
0.05936 0.83433 -0.16940
-0.04098 0.48641 0.29407
0.04360 0.57084 -0.24862
-0.03549 0.68429 -0.03355
-0.04523 0.11398 0.13185
-0.04529 0.79593 0.13184
-0.05649 -0.05241 -0.13385
0.02719 -0.94180 0.08107
-0.01497 -0.77724 0.07674
0.05055 0.13427 -0.03289
0.04063 -0.21906 0.24123
0.03438 -0.41732 0.23824
-0.05715 -0.14675 0.09658
-0.00082 -0.32794 -0.24468
0.03296 -0.71952 -0.08538
0.00772 0.69798 0.07958
0.04746 0.01614 0.13190
-0.00701 0.44935 0.02455
0.02672 -0.43345 -0.08652
-0.05205 0.21361 -0.09234
-0.05715 0.81242 -0.12273
-0.05715 -0.73860 -0.21020
0.04817 -0.07227 -0.18294
-0.05715 -0.58305 -0.21286
0.00613 0.14915 0.18710
0.02115 0.68068 -0.08661
0.04707 -0.93029 -0.29196
0.05072 0.38908 -0.14917
-0.05140 -0.27702 0.18348
0.05352 0.19735 -0.29224
0.05877 0.18299 -0.17356
0.05882 -0.87763 0.16775
-0.03132 0.11493 0.02759
-0.00944 0.84764 -0.24062
-0.02916 -0.47753 0.08010
-0.05205 -0.17078 0.19648
0.02757 0.92865 0.19388
0.03277 -0.76650 -0.23785
0.02229 -0.72743 0.30170
0.04758 0.67739 0.03182
-0.05189 -0.02819 -0.29815
-0.01238 -0.21825 -0.13326
0.04158 0.15681 0.29135
0.04508 -0.60839 -0.30058
-0.03776 0.44249 -0.18706
0.03259 0.28178 0.29551
0.05191 0.47821 0.14637
-0.05523 -0.46201 -0.08462
-0.02931 -0.35029 0.12994
0.05273 -0.14848 0.18001
0.03788 -0.35500 0.18606
0.05402 -0.37871 0.03152
0.01892 0.68629 0.23164
0.05947 0.72906 -0.27641
0.04445 0.56861 -0.08554
0.05300 0.54250 0.06122
0.05944 0.75425 -0.05201
-0.05205 -0.54241 0.21673
-0.01140 0.27850 0.12770
0.01321 0.74379 0.18799
0.05205 -0.87866 -0.14239
-0.00930 0.40422 -0.02515
-0.01997 0.13741 -0.24707
0.02880 -0.80687 -0.02669
-0.03303 0.85052 -0.30051
-0.03090 0.60048 0.13527
-0.05097 -0.95275 0.24231
0.03444 -0.06689 -0.30571
0.00501 -0.63595 -0.08468
0.05469 -0.20908 -0.05838
-0.05205 0.63372 -0.11246
0.01415 0.23522 0.12451
-0.01050 -0.44473 -0.02530
0.05307 0.41099 -0.25130
0.02959 0.06713 -0.24220
-0.01548 -0.87105 0.24107
-0.00989 -0.65635 -0.19567
0.03788 0.66354 -0.13170
0.04739 0.66161 0.17842
0.01039 -0.00576 -0.09048
0.02498 -0.07099 0.02118
-0.05108 -0.10111 0.02063
0.05198 -0.20001 0.02914
-0.05205 0.16346 0.22557
-0.01375 -0.11009 -0.24629
-0.04968 -0.04038 -0.02756
0.05424 0.10593 -0.27702
-0.02134 -0.95272 0.18367
0.05930 0.61747 -0.05105
0.00522 -0.54945 -0.08470
0.00984 -0.56796 0.07984
-0.03269 0.28879 -0.18769
-0.04422 -0.62727 -0.29414
0.04232 -0.69353 0.18923
0.01103 -0.77150 -0.30601
-0.01493 0.42000 0.13327
0.00857 -0.35763 -0.19798
0.03244 0.82027 0.12458
0.05712 0.02941 0.03780
-0.03009 0.74422 0.02744
-0.03073 -0.46630 -0.29566
0.00071 0.16314 -0.13163
0.05276 -0.22366 0.16949
0.02492 0.78398 -0.19427
0.05648 0.82837 0.06590
-0.04823 -0.30551 -0.29861
-0.01156 0.50259 -0.02543
-0.05715 -0.39631 0.09869
0.02227 0.92160 -0.24203
0.01245 -0.15599 0.30075
0.05882 -0.18064 -0.28095
-0.05107 0.39347 -0.08280
-0.01119 -0.53139 -0.13824
-0.04658 -0.64172 0.13154
0.05403 0.12822 0.07075
0.05617 -0.56442 0.14343
0.04080 -0.38352 0.29795
-0.00799 0.89509 0.13418
0.05913 -0.49433 -0.17101
-0.05205 -0.31940 -0.12160
-0.05658 -0.18876 0.02062
-0.05541 0.40918 0.18733
-0.05715 -0.17218 -0.10992
0.00777 -0.74906 0.13044
-0.00587 0.28697 -0.08332
0.04098 -0.17006 -0.24080
-0.00264 0.92537 -0.02432
0.00622 0.85096 0.01777
0.05256 0.54010 0.13754
-0.00900 0.00942 0.08262
-0.02580 -0.06664 -0.24780
-0.05044 0.60206 -0.19399
-0.01583 0.00369 -0.02597
0.02324 -0.80740 0.23152
-0.01466 0.91307 -0.36725
0.00781 0.69825 0.19245
-0.01572 -0.34654 0.02564
-0.00478 0.76865 -0.13744
-0.02236 -0.26051 0.13420
0.02469 -0.76602 0.19393
-0.02507 0.22975 -0.18864
-0.05532 0.69043 0.13072
-0.05715 -0.11221 0.21651
-0.05715 -0.91816 -0.01458
-0.00385 0.28274 0.23449
0.04087 0.53546 -0.13910
-0.05715 -0.69586 0.23030
-0.05205 -0.89726 -0.12382
-0.02691 -0.52453 -0.24794
-0.05205 0.10371 -0.12517
-0.00916 -0.41159 -0.13286
0.02223 -0.05672 0.23659
0.01437 0.85586 0.24031
0.05072 0.17590 -0.03310
0.01691 -0.49422 0.01644
-0.04009 -0.67775 0.07873
-0.00649 0.13483 -0.19610
0.04691 -0.46935 -0.24471
-0.01247 -0.16917 -0.30308
-0.05205 0.27439 0.21985
0.05480 -0.69125 0.05215
-0.01119 -0.61621 0.23540
-0.01994 0.58182 0.18385
-0.02596 -0.56829 -0.19366
0.03518 0.30319 -0.23860
-0.03118 0.21121 -0.24847
0.04026 -0.06960 -0.08829
-0.00701 -0.62357 -0.13259
0.03085 -0.23687 -0.30682
0.05830 0.05597 -0.17504
-0.02891 -0.27884 -0.24819
-0.01929 -0.60509 -0.02640
0.03523 0.92523 -0.13621
0.03999 0.51896 0.24081
-0.04250 0.04743 -0.29932
0.04432 -0.17788 -0.13527
-0.04612 0.23588 -0.29887
0.01909 -0.91302 0.30158
-0.02362 -0.10883 0.12923
0.00714 0.57591 -0.02309
-0.05205 -0.69846 -0.10796
-0.04187 0.48833 0.07338
-0.00082 0.71182 0.12638
-0.03056 -0.45519 0.23782
-0.00504 -0.83042 -0.24520
-0.03516 0.09318 0.07422
-0.01071 -0.79099 0.02502
0.02875 -0.08389 -0.13441
-0.01344 0.71382 -0.13340
0.00087 0.74225 -0.02388
0.05253 -0.00989 -0.26091
0.02127 0.07769 0.29662
0.05883 -0.34540 -0.26318
0.00780 0.10815 0.23816
-0.01317 -0.74389 -0.08753
0.05204 -0.43389 -0.03464
-0.05205 0.37680 -0.00110
-0.00629 -0.04826 0.29841
-0.05578 -0.44656 -0.24300
-0.01956 -0.74397 0.23645
-0.05715 0.38958 -0.21566
-0.04157 -0.29428 0.29400
-0.05715 0.02019 0.08641
0.01904 -0.65717 -0.12933
0.02055 -0.40286 0.18891
0.02265 0.13428 -0.09168
-0.01200 0.21202 0.07711
-0.02418 0.04353 0.02670
0.05770 0.24458 -0.04453
0.05513 0.29212 0.06889
-0.04601 -0.12405 -0.19116
0.05220 -0.85003 -0.07833
0.05794 -0.82926 0.17040
-0.04311 0.71672 0.07835
0.01348 0.57446 0.08029
0.03031 -0.13543 -0.09153
0.02877 -0.61634 0.30159
-0.00979 -0.24155 -0.19055
-0.05110 -0.04370 0.18947
0.00737 0.06982 -0.02820
-0.00806 0.54604 -0.19590
-0.05333 -0.31665 0.02507
-0.00301 -0.89791 -0.29913
-0.02269 0.19838 0.18863
0.05453 -0.75917 0.04824
-0.00812 -0.68212 0.12729
0.05793 -0.71146 0.25507
-0.02890 -0.23891 0.23762
-0.02438 0.80036 0.18329
-0.02958 -0.86292 -0.18808
0.01197 -0.28724 0.18783
0.00995 0.18402 -0.19815
0.03659 -0.53374 -0.24436
0.05956 -0.39883 0.15518
0.04972 0.27380 0.17569
0.00974 0.44154 0.30042
0.00144 -0.73443 -0.23926
0.05971 -0.63084 0.15624
-0.05715 -0.59943 0.00851
-0.05558 0.01183 -0.19288
0.04755 -0.56973 -0.18368
0.03218 0.00934 0.23756
0.01650 -0.45794 -0.30157
0.03337 0.45857 -0.13031
-0.03903 0.78029 -0.24432
-0.02781 -0.20040 0.08027
-0.05205 0.56941 -0.12177
0.02095 0.80354 -0.02655
0.04974 0.79329 -0.29667
-0.05715 0.92729 -0.12554
0.01267 -0.44800 -0.19336
-0.04970 0.66733 -0.08011
0.02301 -0.87182 0.12379
0.05753 0.46447 0.03873
0.02210 0.56491 0.30170
-0.03239 0.32631 -0.30059
-0.05715 -0.34986 -0.23509
0.05747 -0.64778 -0.25948
0.02504 -0.30034 0.29656
0.04740 -0.05384 0.13186
0.05744 0.39946 -0.06922
0.05916 -0.69264 -0.17080
0.01679 0.61468 0.02158
-0.04098 -0.23739 -0.24457
-0.05205 -0.82992 -0.09913
-0.00667 0.17233 0.13224
-0.05380 0.50031 0.02465
-0.03037 0.52724 -0.08025
0.02481 0.81309 -0.23698
-0.00599 0.33703 -0.02987
0.02951 -0.86911 -0.19418
0.04633 0.60065 0.23889
-0.03466 0.69481 -0.24378
0.03928 -0.49892 0.13261
-0.00467 0.65453 -0.30405
0.03838 0.42417 -0.29889
0.05144 0.60806 -0.15077
0.01547 0.78867 0.29600
-0.03793 0.75566 0.23875
0.03699 -0.54986 0.18643
-0.00188 -0.90315 0.23424
0.01099 0.38460 0.18771
-0.05715 0.01319 0.22074
-0.05682 -0.94182 -0.24058
0.02754 0.33428 -0.09159
-0.03821 0.85873 -0.19213
0.03618 -0.78948 0.29974
-0.02524 0.35195 0.18318
0.05429 -0.88768 -0.27664
-0.03213 0.58945 0.02770
-0.04715 -0.37522 -0.19182
-0.02215 0.56223 -0.24734
0.05942 0.14200 0.15415
-0.05715 -0.12766 -0.11971
-0.00895 0.62038 0.29295
0.00073 -0.30590 -0.02390
0.03378 -0.73977 0.07970
0.01671 0.09790 0.18843
0.05030 0.90850 -0.08056
-0.04240 -0.33945 0.07331
0.03751 0.01764 0.29932
-0.04838 0.82656 0.02306
-0.03457 0.48867 0.23833
0.00371 -0.58214 0.01808
0.02619 0.26675 -0.19934
-0.03406 0.66348 -0.19265
-0.05205 0.18079 -0.01566
0.00233 -0.39108 -0.02883
-0.05272 0.56369 0.24059
-0.04760 -0.01916 -0.07927
-0.02785 0.53649 -0.30115
0.00075 0.73297 -0.08927
-0.04893 -0.22084 -0.02812
-0.02546 -0.10438 0.08056
0.05004 -0.43533 0.02686
0.02637 0.44574 0.08617
0.05807 -0.24077 0.27782
-0.03731 0.28253 0.02834
0.05565 -0.94008 0.03456
0.01336 -0.39072 -0.23777
-0.05715 0.13050 0.19488
-0.05715 -0.63444 0.19357
0.05461 0.40679 0.26899
0.04878 0.76580 0.24868
-0.04869 0.50253 -0.19257
-0.05457 0.92830 0.13161
0.05514 -0.17853 0.28432
-0.04586 -0.17979 -0.19118
0.00710 -0.83473 0.08463
-0.05644 -0.34113 0.18922
-0.04375 0.74734 0.28869
-0.04636 -0.20699 0.28897
0.00201 -0.11943 0.23375
0.02146 0.88203 0.30436
0.03034 0.51678 -0.23710
0.05901 -0.34666 -0.17191
-0.05715 0.67843 0.19276
0.04391 -0.09146 0.28981
0.00180 0.22662 0.29429
0.00583 -0.94586 -0.13099
0.03263 -0.46260 -0.13008
-0.00816 -0.09067 -0.13787
-0.04479 -0.56950 0.28873
-0.02288 -0.42795 0.29634
0.05309 0.22796 -0.14360
-0.03311 0.77858 -0.08504
0.04115 0.05936 0.13384
0.05609 0.13223 0.25099
-0.02550 0.33601 0.13459
0.02559 -0.71650 -0.02154
0.03518 0.16442 0.23848
0.05483 -0.24874 -0.18272
0.00453 0.34126 0.07918
-0.00044 0.08142 -0.30458
0.01383 -0.22619 -0.02739
-0.02792 -0.80583 -0.02748
0.02967 -0.52014 -0.02676
-0.00200 0.75408 0.12653
0.05467 -0.77663 -0.16622
-0.04701 -0.19691 0.13215
-0.03889 0.88886 0.18148
-0.03542 0.89297 0.24356
0.03080 0.25056 -0.09138
-0.00614 -0.48516 -0.08841
-0.05254 -0.53328 0.07664
0.04464 -0.78052 -0.07931
0.02564 -0.62085 -0.02154
-0.01059 0.62495 -0.02531
0.04133 0.42373 -0.18922
0.01094 0.84802 0.08511
0.05456 0.02630 -0.05927
0.05100 -0.87312 0.06566
0.02465 -0.24615 -0.13434
-0.00283 0.65315 0.12663
-0.04879 0.45480 -0.08308
-0.03962 0.29354 -0.13667
-0.05134 -0.79258 -0.29822
0.04422 -0.51310 0.24359
0.00682 -0.83230 0.02283
-0.03926 -0.78314 0.18143
0.00356 0.36569 0.02323
0.02639 0.44702 -0.09161
0.04165 -0.31748 0.08194
0.05005 0.60067 -0.29631
0.05822 -0.73904 -0.28294
-0.05102 0.61140 0.07546
0.01253 -0.90144 0.18791
0.04167 0.74323 0.07583
0.03278 0.60321 0.19306
-0.05481 0.19768 -0.13661
-0.03187 -0.56607 0.13539
-0.05205 -0.43194 0.12490
-0.00564 0.40019 0.07791
0.05311 -0.02238 -0.17416
0.05139 -0.59770 -0.07928
0.03606 -0.85974 0.23876
-0.05186 0.46036 0.13400
0.01600 0.69904 0.01655
-0.05085 0.44147 -0.24183
-0.01188 0.18133 -0.08257
-0.03272 0.91814 0.07965
0.04843 0.86569 0.02497
0.01044 -0.29812 -0.13041
-0.01067 0.05520 -0.19557
-0.04832 -0.27147 -0.14135
0.01690 0.86161 -0.08616
0.05130 -0.08263 0.18168
0.00067 0.83351 0.29928
-0.05133 0.52552 -0.03204
0.03354 0.92934 0.02252
-0.00831 -0.06639 -0.19587
-0.05415 -0.16798 -0.02963
-0.05205 0.70809 -0.02191
-0.05715 -0.47100 0.00543
-0.03593 -0.87867 0.02817
-0.05205 -0.69792 0.01065
-0.05067 -0.94148 0.02708
-0.01071 0.07977 -0.08784
-0.04265 -0.57536 -0.14218
0.04522 -0.62829 0.23816
0.04855 0.28881 0.24057
-0.05609 -0.01796 0.02176
-0.00356 -0.27428 0.07816
0.00295 -0.68035 0.29443
-0.05715 0.65952 0.01037
0.04407 -0.25828 0.02803
0.04085 -0.25798 -0.08790
-0.00271 0.19009 0.01889
0.02154 0.84092 -0.12920
0.05456 -0.91575 -0.03760
0.02365 0.37764 0.23662
0.03420 0.32190 -0.13589
-0.00229 -0.86117 0.29378
-0.03258 -0.91557 -0.07998
0.00816 -0.46764 0.12526
0.05733 0.71026 -0.06945
0.02126 0.64665 -0.24201
0.02096 0.35225 0.29663
-0.05601 -0.55520 -0.02718
-0.04826 0.83882 -0.07948
0.05418 0.02544 -0.14488
-0.04706 -0.22351 0.18641
0.05537 -0.43689 0.28382
-0.03868 -0.79953 -0.18694
0.00972 0.53455 0.30041
0.00716 -0.04593 -0.02309
-0.02115 -0.45282 0.18370
-0.01234 -0.18936 -0.24611
0.05876 -0.15329 0.04184
-0.05678 0.29316 0.12773
-0.05706 0.53839 0.12647
-0.01481 -0.37525 -0.08733
-0.01515 -0.39205 0.13330
0.04520 -0.13918 0.13675
0.04337 0.67904 0.12921
0.05398 -0.06875 0.07081
0.00331 -0.57821 -0.29992
-0.04347 -0.74923 0.02425
-0.01973 0.08493 -0.24191
0.05158 0.47424 -0.28527
-0.05198 0.43185 0.02618
0.05320 -0.58096 0.07173
0.00813 -0.04443 0.07963
0.03870 0.70777 -0.19096
0.02739 0.31584 -0.30705
-0.04832 -0.81856 0.07925
-0.04788 0.69073 0.24383
0.04226 0.51535 -0.08698
-0.01742 0.84450 0.12845
-0.04806 -0.59725 0.28945
-0.01967 0.29783 0.29674
0.00599 0.05244 0.19222
-0.02940 0.05799 -0.13539
0.05729 -0.44863 0.17184
0.05060 0.25929 -0.29567
0.05468 0.90682 -0.27391
0.00345 -0.14075 0.12584
-0.04136 0.41375 0.23917
0.01404 0.92578 0.23225
-0.01548 -0.51591 0.07668
-0.05638 -0.27080 0.23656
0.01154 0.87190 0.17136
-0.01343 -0.26463 -0.30296
0.03517 -0.63057 0.01770
0.01092 0.85829 -0.02775
-0.05205 -0.06312 0.12450
0.02999 -0.91178 -0.23707
0.04169 0.22313 0.29737
-0.02955 -0.80377 0.23770
0.05143 -0.53452 0.06472
-0.03278 -0.68683 -0.29541
0.05214 -0.95193 -0.14249
0.04562 -0.27349 0.23842
0.03440 0.48013 0.19256
-0.01818 0.64544 0.07634
0.03299 -0.80353 0.12475
-0.04514 0.15095 0.07822
-0.00246 -0.54517 0.23431
-0.03132 -0.77733 -0.08014
0.05651 0.79255 0.17356
0.01744 0.88501 -0.30400
-0.05002 -0.44341 -0.03284
0.01770 0.69235 -0.23723
0.00205 0.19600 -0.30489
0.03423 0.07076 0.01741
0.02129 0.91383 0.08117
0.02937 -0.83140 -0.12933
-0.05205 0.48446 -0.10882
-0.02536 -0.37225 -0.13489
-0.05428 -0.83582 0.13195
0.00499 -0.53003 0.12565
0.00732 -0.89474 0.07952
0.05821 0.69309 0.25568
0.00271 -0.10840 -0.30497
0.03499 0.27704 0.13070
-0.03276 0.20805 0.24323
-0.03737 0.00863 0.13095
0.03112 0.90825 -0.36287
0.05230 0.81359 0.25497
-0.05315 -0.73385 -0.13825
0.01111 -0.46768 0.08000
0.05383 -0.89717 0.27444
-0.00462 -0.66312 -0.24515
-0.05504 0.00425 -0.13635
0.05532 0.56570 -0.18163
-0.02959 -0.82291 -0.14055
0.04772 -0.03240 0.18567
0.04973 0.34118 -0.18895
0.02124 0.42016 -0.12919
-0.02609 -0.50283 0.02181
0.02466 0.68046 -0.30710
-0.04702 -0.34166 0.24409
0.01588 -0.16504 0.23202
-0.01325 0.00656 -0.13337
0.01399 0.73358 0.23739
0.04291 0.74664 -0.30201
0.04194 0.23503 0.18948
0.00776 -0.34006 0.29504
-0.01397 -0.03976 -0.13859
0.03089 -0.00314 0.02170
0.01403 -0.11319 -0.19866
0.02591 0.37503 0.08109
0.05638 -0.44501 -0.28702
0.03957 -0.02434 -0.30413
0.00425 0.47372 -0.19231
-0.05370 -0.51061 -0.08299
-0.05205 -0.64019 -0.02080
0.02600 -0.79388 0.08109
-0.00918 0.89381 -0.20286
-0.05715 0.38897 0.11279
-0.04832 0.38869 -0.14136
-0.00670 -0.72672 0.19063
-0.01392 -0.77123 -0.02573
-0.04373 0.18630 -0.29917
0.02951 0.43108 0.18874
-0.02081 0.12989 -0.08145
0.02635 -0.36698 0.23157
-0.04437 0.88439 0.02903
0.00578 -0.48931 -0.23872
-0.00397 0.40747 -0.29901
0.05536 -0.92795 0.17611
0.03042 0.19011 0.19379
-0.01772 -0.56784 0.18412
-0.05248 0.93079 -0.01559
0.05699 0.04148 -0.25842
-0.00160 0.56318 0.13161
0.02630 -0.63007 0.12384
0.05158 0.66002 -0.06982
-0.05715 0.33195 -0.10913
-0.05715 -0.63208 -0.20485
-0.05194 0.25720 -0.23942
-0.05205 -0.22078 -0.11048
-0.00687 -0.33459 -0.30378
-0.05715 0.80010 0.20475
-0.00701 0.50250 0.23488
0.05394 -0.56394 -0.26495
0.01871 0.39514 0.29640
-0.05558 0.59815 -0.24332
0.03856 -0.52936 0.02441
0.01140 -0.40562 0.01712
0.00612 0.13120 0.29996
-0.05715 -0.89106 0.22583
0.00390 0.31130 -0.19226
-0.05205 0.63223 0.22253
-0.05205 -0.89455 -0.20613
0.01934 0.61111 -0.09160
0.04170 -0.38704 -0.19507
0.00042 0.45200 -0.02393
-0.04372 -0.85196 -0.03449
-0.00958 -0.35584 0.18514
0.05387 -0.37444 -0.14452
0.02337 0.00479 -0.23696
0.04249 -0.85916 -0.24180
0.04053 0.16834 0.02571
0.04541 0.87802 -0.18617
0.05366 -0.46494 0.24656
-0.00723 0.15581 0.23491
-0.05715 0.83066 0.09287
0.00011 -0.95275 -0.30374
0.02503 -0.33999 0.01609
-0.00957 0.49994 0.19027
-0.05336 -0.33576 -0.08269
-0.01636 -0.08329 0.24118
-0.02238 -0.19987 0.02648
-0.00818 0.47704 -0.13787
-0.02804 -0.77296 -0.24808
-0.04941 -0.95180 -0.08532
0.05403 -0.55941 -0.06302
0.04641 -0.01599 -0.08425
-0.01257 -0.09100 0.02525
-0.02891 -0.17524 -0.14046
-0.05155 -0.38118 0.01980
0.02392 -0.18106 -0.08656
0.00545 -0.30390 0.01787
-0.04949 0.81061 -0.29845
0.03885 0.39404 -0.03004
0.05203 0.33609 0.07310
0.03462 0.40899 0.02286
0.01552 0.64028 0.23206
-0.05715 -0.27980 0.11235
0.05104 0.78448 0.06558
-0.04916 0.08285 -0.29849
-0.00345 -0.94051 -0.23987
0.01817 0.55375 -0.30691
-0.00335 -0.55744 -0.23986
0.00224 -0.00433 0.12600
-0.05713 -0.07308 -0.08997
0.00776 0.04226 -0.09015
-0.00367 0.47389 0.13187
-0.02729 -0.42099 -0.08064
0.00691 0.67707 0.29493
-0.05715 -0.49577 -0.22946
-0.01674 0.67106 -0.13894
-0.02296 0.75500 0.18860
-0.05715 -0.06378 0.00640
-0.04769 -0.60584 -0.08322
-0.02219 -0.74375 0.29642
0.05449 -0.14780 -0.16749
0.03661 0.11227 -0.23903
-0.05657 -0.40852 -0.13366
0.04980 0.88638 0.17559
-0.02178 0.12179 -0.13957
0.01071 0.80778 0.02234
0.06008 -0.34395 -0.05662
0.04011 0.34935 -0.24023
-0.05097 0.40959 -0.02619
-0.04886 0.86304 -0.24885
0.05854 0.31601 0.14869
0.03286 0.27877 -0.13015
0.04842 0.15302 -0.29823
0.03353 -0.64492 -0.30067
0.00868 0.83213 -0.30572
0.03572 0.22560 -0.19759
0.01846 -0.45951 0.19378
-0.03536 -0.61013 -0.24386
-0.00317 -0.05257 -0.30424
-0.01163 0.72829 -0.29805
-0.04992 -0.65392 0.24297
-0.04936 0.90432 -0.29540
0.00391 -0.82929 0.29455
0.04030 0.52809 -0.18990
-0.00443 0.25612 0.01910
0.00223 -0.70648 0.08402
-0.05205 0.55694 -0.20877
0.05815 -0.27526 -0.28308
0.00925 0.57619 -0.13569
0.03465 0.80263 -0.13603
0.03934 -0.28528 -0.23988
-0.00375 0.80432 0.07814
-0.03585 0.05418 0.07413
-0.05205 0.25449 0.10162
-0.04318 0.45497 -0.29924
-0.03508 -0.70978 -0.24383
0.01793 0.61295 0.12917
-0.05715 -0.27677 -0.23121
0.00078 0.56208 -0.08415
0.05206 -0.46166 -0.06875
-0.05205 -0.85610 0.22317
-0.05715 -0.33326 -0.01760
-0.05668 -0.50974 -0.13337
-0.03010 -0.39866 -0.24321
0.03499 0.09063 -0.19248
0.02809 0.48223 0.29651
-0.05715 0.22651 -0.01470
-0.03237 0.05651 0.29002
0.05786 0.55901 0.27830
-0.05029 -0.27593 0.02163
0.03049 -0.77701 0.01625
-0.01201 -0.18891 0.18484
-0.01436 -0.14711 -0.08739
-0.05703 -0.11821 -0.23965
0.02914 0.47540 0.23162
-0.03235 0.04638 0.24318
0.02882 -0.18874 0.18877
0.05811 0.09148 0.17002
0.03616 0.17894 0.12573
0.05830 -0.39009 0.25589
0.04534 0.11086 0.28854
0.05507 0.07138 -0.03871
0.04962 -0.78693 -0.29681
0.05295 -0.39727 0.07202
-0.03282 0.84557 0.18737
-0.03253 0.35410 -0.07998
-0.05161 -0.88117 0.13273
-0.00223 -0.95098 0.29892
0.05878 -0.94828 0.27577
0.05898 -0.40093 -0.06438
-0.05715 0.73497 -0.23545
0.05166 -0.84634 -0.03420
0.05512 -0.04041 0.03337
-0.05205 -0.73573 -0.09120
-0.05177 0.92192 -0.08137
-0.03908 0.01745 0.18145
0.01168 0.29102 -0.02766
-0.05205 0.81751 -0.22904
0.01714 0.88727 -0.13719
0.00907 -0.59640 -0.19291
-0.00778 -0.65501 0.07764
0.05200 -0.08105 -0.04428
0.04048 0.42279 0.12731
-0.05438 -0.69156 -0.02939
-0.01239 -0.81252 -0.30309
-0.00775 -0.32087 -0.19594
-0.02587 0.39792 -0.24268
-0.05715 0.76762 -0.12469
-0.02365 -0.73480 0.07565
0.04705 -0.73698 -0.19156
0.05024 0.67231 0.07520
-0.01481 -0.45885 0.02553
-0.00591 0.46653 -0.24531
-0.05205 -0.63247 0.09589
-0.05715 -0.22067 -0.20074
0.02157 -0.03513 -0.19942
-0.03785 -0.07919 0.28934
-0.04038 -0.11683 0.18129
-0.05715 0.07814 0.00733
0.02354 0.57224 0.01607
0.04448 -0.48138 -0.03374
0.04718 -0.36951 -0.29920
-0.05715 -0.12626 -0.02037
-0.01920 0.70067 -0.08678
0.05356 0.11150 0.03099
-0.00136 0.22075 -0.08388
-0.00026 0.04246 0.12631
0.05985 -0.64760 0.05278
0.02365 -0.02454 0.29658
-0.02905 0.21831 0.12991
-0.05710 0.52819 0.08429
0.02954 0.83728 -0.19417
-0.05205 0.46041 0.21859
0.03145 0.60060 0.30120
-0.01554 -0.72804 -0.03106
0.02359 -0.90710 -0.13433
0.05129 -0.90794 0.14499
-0.01084 0.86360 -0.34726
-0.00619 -0.31322 0.13218
0.04412 -0.29848 -0.08575
-0.00307 -0.19454 0.23952
0.00331 -0.20295 0.29448
-0.01530 0.45019 0.07670
-0.02992 0.16639 0.02229
-0.05205 -0.30800 0.21549
0.05058 0.59050 0.07480
-0.03974 -0.16415 0.29423
0.02742 -0.28050 -0.19423
0.02678 0.93063 0.29653
-0.05715 -0.69686 -0.21435
-0.02487 0.42660 -0.08094
0.05160 0.71952 0.02869
0.01779 0.38826 0.12405
-0.05209 0.85626 -0.13919
-0.05707 0.09246 -0.08919
-0.01426 0.52247 -0.24635
-0.05144 0.60613 0.24043
0.02783 -0.22081 -0.19932
-0.05110 0.92888 0.18947
-0.05715 0.52035 0.22366
-0.02371 -0.02216 -0.18881
0.00100 0.10864 -0.02386
0.00965 -0.26542 -0.02278
-0.01166 -0.21071 -0.29805
-0.05339 0.36189 -0.24577
0.02301 -0.67873 0.01606
0.05337 -0.11378 0.03076
-0.03060 -0.13199 -0.30081
-0.00549 -0.76287 -0.19109
-0.05172 -0.15054 0.13412
-0.05715 0.11572 0.09761
-0.03692 0.83964 -0.03373
0.03598 0.33745 0.18674
-0.05205 0.22048 0.20607
-0.03997 0.91771 -0.18678
0.02575 -0.72841 0.23665
-0.00021 0.18531 -0.24460
-0.02112 -0.91512 -0.13949
-0.05715 -0.32017 0.11689
0.05385 -0.55016 -0.15664
0.05553 -0.81795 0.24975
-0.00247 0.54590 0.18603
-0.00199 -0.01104 -0.30439
0.05971 0.64561 -0.16699
0.00074 0.53078 -0.13162
0.04217 0.56063 0.24224
-0.01205 0.25940 -0.24095
0.05764 -0.16996 -0.04440
-0.05715 -0.85360 -0.12939
0.05919 -0.74627 0.15258
0.02208 -0.20057 -0.30205
0.01182 -0.29413 -0.30611
0.04243 -0.75479 -0.13403
-0.05205 -0.85421 -0.23775
0.00322 0.25030 0.18674
-0.05095 0.81626 0.24037
-0.05205 -0.77569 0.11554
0.05983 -0.18528 0.15708
-0.01477 -0.63006 0.29222
0.02864 -0.37198 -0.09157
0.01788 0.35501 -0.30174
-0.05176 0.28675 0.07602
0.05356 0.23139 -0.25188
0.02297 -0.22349 0.02115
0.00079 -0.25050 -0.24447
0.00816 0.50858 -0.30565
0.04934 0.00446 0.17613
-0.00906 0.17855 -0.02512
0.02661 0.85544 0.12385
-0.00352 0.70071 -0.02443
0.05467 -0.05815 -0.27009
-0.03940 0.30406 0.23893
0.05480 0.68915 -0.27099
-0.04491 0.78719 0.02902
-0.04645 -0.62320 -0.14193
-0.01588 -0.13166 0.02566
0.04746 0.72593 0.18585
-0.04829 0.54031 0.02824
-0.05503 0.42658 0.13107
-0.05101 0.25077 -0.13386
-0.05012 -0.46070 -0.19364
-0.05205 -0.24627 0.09219
0.02533 -0.21479 0.08619
0.00268 -0.09268 0.08408
0.06004 0.01268 0.26696
0.05401 -0.23780 -0.03695
0.05241 -0.05217 -0.14281
0.05963 -0.69546 -0.27525
0.00996 0.63450 0.18758
0.03803 0.08167 -0.30460
-0.05109 0.64396 -0.02600
-0.01945 0.88602 -0.24187
-0.01423 0.30679 0.08196
0.03804 0.53565 0.01858
0.00038 -0.62752 -0.29955
0.01605 -0.62393 0.08575
0.04899 -0.90847 -0.18983
-0.01917 0.11115 0.18394
0.03724 0.50490 0.12606
-0.05565 -0.40270 -0.02775
-0.05205 0.58104 0.11563
0.05917 -0.28292 0.27307
0.02077 -0.32679 0.23148
-0.05461 0.84876 0.13156
-0.04537 -0.23265 0.02422
-0.05205 0.75137 -0.01255
-0.03270 -0.52984 -0.18769
-0.04999 -0.15388 0.02749
-0.04908 0.29329 0.18743
-0.01525 -0.51630 -0.30273
0.00416 0.30880 0.23348
0.01062 0.89835 0.01316
-0.05205 0.22380 -0.21753
0.02255 0.73601 -0.13431
-0.03035 -0.02720 -0.24837
-0.02970 -0.38062 0.07490
-0.05715 0.88727 -0.09388
0.02427 0.03145 0.08621
-0.02415 0.04445 -0.24759
0.00305 -0.49760 -0.13133
-0.05205 -0.44787 -0.12324
-0.00234 -0.32710 0.07832
0.01614 -0.43174 0.30122
0.05431 -0.30739 0.16337
0.03081 0.48031 0.02168
-0.04045 -0.90467 -0.29445
-0.05205 0.65149 -0.22199
0.04260 0.57161 -0.13414
0.02962 0.19769 -0.13448
-0.05015 -0.26532 -0.29577
-0.05189 -0.14556 -0.08889
0.04960 0.33666 0.29140
-0.03642 -0.02409 0.28951
-0.00495 -0.94099 0.23462
-0.05715 0.13299 -0.23517
-0.02639 0.40074 -0.18848
0.01576 -0.14209 -0.30661
-0.03946 0.67789 0.07368
0.05827 0.61904 0.16966
-0.01143 -0.58689 0.29264
0.03403 -0.67996 -0.19811
0.04949 -0.75464 0.29153
0.05748 -0.63067 0.27913
0.02942 0.61108 -0.02670
-0.05205 0.76877 -0.21656
0.00268 -0.18241 -0.13651
0.02166 0.27428 0.08625
0.05950 0.51152 0.16302
-0.01271 -0.14280 -0.19019
-0.05205 -0.01446 0.09062
-0.04520 0.56524 -0.08353
-0.03924 0.75880 0.13631
0.01893 0.02930 -0.12935
-0.01960 0.70226 -0.19446
0.03592 -0.60266 0.18676
0.04930 -0.28306 0.13373
-0.05715 0.14925 -0.00066
0.04985 0.77258 0.28326
-0.02041 0.88058 -0.03167
0.05992 0.43208 0.16006
-0.05205 -0.92247 0.21204
-0.05205 -0.55178 -0.23745
0.05964 0.90898 -0.16116
-0.02261 0.55314 -0.03194
0.05910 -0.21905 -0.27898
-0.05483 -0.00269 -0.02887
0.05368 -0.94254 -0.06516
0.02927 0.47379 -0.02160
-0.01587 0.83339 -0.13370
0.01720 -0.68061 -0.02184
-0.05715 0.18160 -0.22650
0.02178 -0.38876 -0.12920
0.05606 -0.37790 -0.25635
-0.03294 0.71821 0.18222
0.03434 -0.61399 -0.13593
-0.05465 -0.24204 0.13151
0.05931 0.70688 -0.15882
0.00646 0.32769 0.02287
0.03127 -0.55306 0.23728
0.04635 0.87525 0.23890
0.04455 0.02303 -0.18711
0.05523 -0.84375 -0.18183
-0.04834 -0.67303 -0.13619
-0.03955 0.15114 0.13635
0.01521 -0.54999 -0.19368
-0.00710 -0.89365 0.13230
-0.02120 -0.44879 -0.24209
-0.04207 -0.73725 0.18108
0.05463 -0.61031 -0.25317
-0.05715 -0.49076 0.10227
-0.05715 -0.35911 -0.12183
0.03645 0.77346 -0.24431
0.04556 -0.21045 0.13065
0.03912 0.29390 -0.08881
-0.05680 0.02527 0.01992
-0.02433 -0.84553 -0.08101
0.04979 -0.34965 0.28333
0.01409 -0.23113 -0.08581
0.01732 0.36607 -0.02182
0.02412 0.78147 0.12890
-0.05715 0.60485 0.19994
0.05996 -0.52967 0.15801
0.06007 0.83062 0.15903
0.00602 0.52335 -0.08993
-0.04656 0.24307 0.23927
0.01736 -0.13810 0.18851
-0.04020 0.79627 0.07872
0.03848 -0.32687 -0.19674
-0.01766 0.44520 0.24134
-0.04442 -0.33702 -0.18642
-0.02284 0.25341 -0.08633
-0.05173 0.32028 -0.19610
0.04506 -0.37440 0.13032
0.00114 -0.77542 0.23386
-0.01164 -0.59489 -0.08260
0.03945 -0.25527 0.18502
-0.05715 0.06421 0.09917
-0.00657 -0.75419 0.01937
-0.01385 -0.34136 -0.02572
-0.05205 -0.59043 0.20940
0.02114 -0.03856 -0.23692
0.02382 0.07259 0.23662
0.03621 -0.69046 -0.13118
-0.03315 -0.08573 -0.02813
0.05598 0.25136 -0.18018
0.03086 -0.00590 -0.02180
0.02545 0.03709 -0.02663
0.00861 0.53735 0.07969
-0.01547 0.71054 0.23594
-0.02065 0.58215 -0.13429
0.04023 0.18930 0.08287
-0.04004 -0.59020 -0.29450
-0.00074 -0.49221 -0.02921
-0.05205 -0.01142 -0.22258
-0.02985 -0.75317 0.13514
0.05289 0.27296 -0.25109
-0.04246 -0.69314 0.13158
0.05643 0.60731 0.03628
-0.02452 -0.05584 0.02674
0.04540 -0.58197 -0.02825
0.01325 0.71110 0.30085
-0.03603 -0.92471 0.13591
-0.04468 0.66882 -0.29416
0.05480 -0.71915 -0.05554
-0.05715 -0.79720 0.00904
-0.04556 -0.07991 0.18601
-0.02416 -0.91579 0.02670
0.03936 0.60741 -0.24583
0.05776 -0.47723 0.27853
0.01045 0.04312 0.30050
0.01609 -0.14311 -0.23743
0.03334 0.81017 0.08516
-0.01098 0.39936 0.01992
-0.05715 -0.84526 -0.20239
0.00934 0.53278 -0.02795
0.05378 0.35187 -0.14441
0.03903 0.70644 -0.02433
0.05991 0.44139 -0.27083
-0.00002 -0.83281 0.23401
-0.01933 -0.70210 -0.02640
0.01470 -0.95275 0.19053
-0.03159 0.37858 0.13536
-0.02625 0.81019 -0.08590
-0.05715 0.05042 -0.19956
0.02507 -0.10954 0.12891
0.05134 0.81856 0.03738
-0.01543 -0.40460 0.24106
-0.05715 -0.46670 0.21536
0.03366 0.92771 -0.02267
0.02006 -0.08375 -0.02661
-0.01601 0.60285 0.08174
0.05473 0.06274 0.05268
0.04827 0.47499 -0.08294
-0.01018 0.66781 -0.24585
0.04356 -0.63992 -0.08612
0.05896 -0.90484 0.04321
0.00073 -0.82991 -0.02390
0.05411 0.11336 -0.06249
-0.05177 -0.69818 0.19083
-0.05205 0.47522 -0.21635
-0.05276 -0.08948 -0.18995
-0.03426 0.85481 0.28978
0.04233 0.38131 -0.29629
-0.03054 -0.03331 0.13009
0.05230 -0.12146 -0.14268
0.04036 -0.10848 -0.29759
0.04272 0.87894 0.08124
-0.01410 -0.03111 -0.08229
-0.02696 -0.88810 0.29583
0.03852 0.13643 -0.19672
-0.02806 0.29049 -0.30113
-0.00016 -0.26042 0.23402
-0.00358 -0.08528 0.29875
-0.01172 0.92031 0.29773
0.06008 0.20150 -0.05660
-0.05715 0.35219 0.21077
-0.05715 -0.51356 0.00728
0.01328 0.77932 0.19313
0.05990 0.19146 0.05246
-0.05366 -0.76635 -0.19068
0.05380 -0.67680 0.24673
-0.01566 0.69231 -0.30268
-0.03747 0.05461 -0.08450
-0.01361 0.66968 0.18977
0.01923 0.38358 -0.19931
-0.05081 0.27566 -0.08668
0.03039 -0.87500 -0.30163
0.00002 0.48521 0.07861
-0.05202 -0.77978 -0.03152
-0.05205 -0.57361 0.10230
0.03201 -0.76931 -0.19341
0.03754 0.22664 -0.30475
0.01407 0.24645 0.23737
-0.03144 -0.61498 0.02761
-0.01554 -0.47476 0.29212
-0.02304 0.63595 0.02656
0.04505 0.15879 -0.07887
-0.04945 0.56523 -0.29545
-0.01576 -0.70883 -0.08208
-0.04295 0.01215 -0.29927
0.04167 0.13293 0.18356
-0.03593 0.70920 0.02817
0.00097 0.29569 -0.24445
-0.01855 -0.88949 -0.18946
-0.04462 0.33513 -0.14219
0.04754 -0.17145 0.23968
-0.03831 0.16018 -0.18699
-0.03279 -0.90059 -0.03322
0.01090 0.55379 -0.23808
0.00346 0.45474 0.19190
-0.05205 0.68215 -0.20861
0.00732 -0.07890 -0.09009
0.00300 0.32474 0.29444
0.01723 -0.73708 -0.30166
-0.02639 0.57603 -0.19361
0.03317 0.76749 -0.09065
-0.01802 -0.14887 0.24139
0.04276 -0.02385 0.24263
0.02133 -0.70216 0.12376
-0.04724 0.36532 -0.29462
0.03755 -0.59638 0.13149
0.01669 -0.79976 0.18843
0.03689 0.85301 -0.30496
0.01844 0.64840 0.01624
-0.05205 -0.42055 -0.22198
0.05964 0.16649 0.26348
-0.01504 -0.94562 0.08186
-0.02126 0.41593 0.18368
-0.05715 -0.24944 0.20757
0.00444 -0.28617 -0.23889
-0.03161 -0.29644 -0.03307
0.01187 -0.32949 0.19295
-0.01276 0.48372 0.02527
-0.04975 -0.61454 0.24022
0.02028 0.36462 -0.13431
0.05424 -0.80678 -0.18368
-0.02063 -0.02682 0.18376
-0.02632 -0.14864 0.18305
0.05882 0.43403 -0.06546
0.05910 0.44755 -0.17125
0.04197 0.76264 0.18336
-0.05712 -0.90269 -0.08995
0.04399 0.75503 -0.19356
-0.00233 -0.69998 -0.23973
-0.03673 -0.26588 -0.18719
-0.02445 0.12077 0.23706
0.05891 -0.24363 0.05944
0.02455 -0.75328 -0.08655
0.02322 -0.83872 0.18886
-0.04972 0.60784 -0.13525
-0.05205 -0.65677 0.00953
-0.05205 -0.90790 -0.23608
0.00872 -0.75910 0.29516
0.05722 -0.24834 0.14575
0.06000 -0.87614 -0.05717
-0.05059 -0.21254 0.24258
-0.05013 0.66345 -0.13490
0.04979 0.37224 0.02657
0.02447 0.39813 -0.23698
-0.00861 0.30794 -0.13279
0.04121 -0.83851 0.08223
-0.05715 0.45341 0.09745
-0.03696 0.56669 0.13603
0.05513 0.30523 -0.28979
0.05620 -0.24267 -0.14894
-0.05333 -0.78465 0.07736
0.03933 -0.35502 0.08331
-0.00633 0.81227 0.13220
-0.00198 0.77498 -0.08380
0.03845 -0.61358 -0.19674
0.03003 -0.41112 -0.02161
0.05713 0.52020 -0.04327
-0.04277 -0.91703 0.24448
-0.01592 -0.83412 -0.19492
0.01989 -0.65079 0.29655
-0.01422 -0.69745 0.24091
0.04428 0.40545 0.08021
0.02152 -0.45315 0.02112
-0.01110 0.75088 0.29781
-0.05205 -0.11434 0.10582
-0.05205 0.28919 -0.22274
-0.05570 -0.75059 0.08006
0.05931 0.76150 -0.26656
0.03118 -0.08925 0.23192
0.01856 0.89617 -0.08103
0.04788 0.82119 -0.03761
0.00479 -0.19673 -0.19238
0.05467 0.72133 0.26469
-0.04965 0.36772 -0.19070
-0.02608 -0.62486 0.07535
0.03076 -0.91938 0.23179
0.05758 0.29769 0.27892
0.00407 -0.61699 0.01804
-0.05025 -0.08287 0.24280
-0.00541 0.64602 -0.19623
0.01491 -0.12066 0.01668
-0.01323 0.66910 -0.08753
0.02791 0.62392 -0.30704
-0.05205 -0.18017 0.09488
0.05395 -0.91638 -0.15730
-0.04804 -0.51823 0.24001
-0.05715 0.72080 0.10882
-0.05205 -0.29956 -0.00638
0.04549 -0.83149 0.02287
0.01978 0.63405 0.30167
-0.05159 -0.72701 0.24194
-0.02046 -0.45398 -0.19435
-0.04646 0.37954 -0.03419
0.01588 0.89069 0.03874
0.04463 0.10144 -0.02775
-0.00926 -0.71163 0.29291
-0.05205 0.31492 0.10178
-0.00025 -0.78025 0.13144
0.03337 -0.13034 0.29528
-0.05205 0.33770 -0.00751
0.05936 0.09013 -0.16945
-0.02353 -0.81243 -0.08624
-0.05715 -0.42397 -0.00192
-0.04619 -0.58535 -0.02930
0.01258 0.87270 -0.23840
0.03456 -0.94421 -0.24373
-0.02993 0.11459 -0.30089
-0.00882 0.22752 -0.30353
-0.01855 -0.31821 0.29688
-0.01576 0.85822 0.23943
0.05904 0.20709 0.27394
-0.01976 -0.15721 -0.24191
-0.03601 0.78032 0.28956
0.03798 -0.54665 -0.08916
-0.01541 -0.38467 -0.18985
0.05063 0.67943 0.28194
0.05288 -0.72696 0.04078
-0.01020 0.16327 0.29279
-0.02648 -0.52918 -0.08587
-0.00758 -0.94150 -0.08310
0.04138 0.33377 0.02626
0.02350 0.89422 0.19395
0.00103 -0.36323 0.13128
0.02932 -0.31695 -0.23706
0.05873 0.49901 -0.15474
0.03909 -0.10483 -0.08297
0.00329 -0.78241 -0.24416
-0.02800 0.31411 0.02718
-0.02680 -0.39412 0.29585
-0.04727 0.25643 -0.02895
-0.05186 -0.54308 0.18382
0.05693 0.56481 0.03738
0.05143 -0.34397 0.14530
-0.05518 -0.42485 0.18700
0.04978 0.87178 0.29119
0.04548 0.09891 0.13709
-0.05715 -0.79815 0.22082
-0.00210 0.49483 0.29893
0.02735 -0.28482 0.08107
0.02559 0.18349 0.30164
0.05631 -0.71892 0.17400
0.04054 0.80955 0.29813
0.00916 -0.39116 0.29521
0.04424 0.89746 -0.24295
0.00765 -0.57597 0.23818
-0.03530 0.24182 0.07420
0.04330 0.44040 0.02143
-0.04005 0.61423 -0.03412
-0.05715 0.80247 0.00298
-0.03702 -0.17255 -0.07942
0.00487 -0.44085 -0.13110
0.05202 0.71505 0.06340
-0.02783 0.23238 0.29059
0.04286 -0.49568 0.08114
0.04009 0.30771 -0.19613
0.01624 0.88922 -0.34122
-0.01349 0.91758 -0.24626
-0.05658 -0.00861 0.18954
-0.00738 0.04118 -0.02491
-0.00367 0.82841 -0.19132
0.05506 -0.87119 0.03324
-0.00554 -0.65033 0.13210
-0.02033 0.00320 -0.08664
0.00434 0.34059 0.19201
0.03484 -0.55280 -0.13076
-0.02716 0.67531 0.13480
0.00674 0.83107 -0.08489
0.05355 0.14195 -0.25187
-0.03749 -0.30822 0.18678
0.05179 -0.31561 -0.04381
-0.01559 0.36983 0.08179
-0.00655 0.01763 0.01937
-0.05281 -0.45603 0.07689
-0.01612 0.55774 0.08173
0.05320 -0.81182 -0.04694
-0.05498 -0.10034 -0.13641
0.05824 0.78235 -0.06744
-0.02326 0.61830 -0.18887
0.00038 -0.77997 -0.08410
-0.00620 -0.88676 0.01932
-0.05074 0.46851 0.02703
-0.05205 -0.59485 -0.11855
0.04652 -0.10420 -0.18488
0.04470 0.04547 -0.29473
0.02111 -0.11184 -0.24201
-0.05175 0.92663 -0.24014
0.02279 0.73326 0.12887
-0.04781 0.16688 -0.14154
-0.04777 -0.60435 -0.19094
-0.02369 -0.21114 -0.19395
-0.03477 0.73628 -0.14119
-0.02687 -0.34082 -0.14021
0.00662 0.11902 -0.30546
-0.00536 0.58872 0.29340
0.03945 -0.48675 -0.29819
-0.03710 -0.29980 0.13091
0.02307 -0.55694 0.02115
0.02940 0.78436 0.23162
0.01653 0.90115 -0.02990
-0.03440 0.63926 0.29490
-0.04610 0.75135 -0.08378
0.02743 -0.04035 -0.09160
-0.05715 0.45237 -0.12037
0.05865 -0.78107 0.27654
-0.03582 -0.82064 0.02816
0.04633 0.26041 0.07194
0.04005 -0.28962 0.02539
0.01934 -0.21492 -0.13443
-0.04440 0.14951 -0.29909
0.02532 -0.34427 0.12382
0.04000 0.63484 -0.08847
-0.01746 0.09336 0.29701
0.00106 0.29689 0.01842
0.05592 -0.79133 0.06714
-0.05205 -0.10798 -0.09535
0.04929 -0.14026 -0.24687
0.02943 0.33203 0.23162
0.05123 0.31656 -0.07059
0.01959 -0.07691 0.12896
-0.05205 -0.35424 0.10852
0.04546 0.37023 0.28841
0.00021 0.44288 -0.19693
0.05278 -0.49959 -0.25097
-0.00279 -0.52357 -0.02947
0.00921 0.18538 0.07976
-0.04762 -0.54344 0.28932
-0.05205 0.27770 0.00105
0.00515 0.24353 -0.19755
-0.03871 0.90067 0.13111
0.04620 -0.81227 -0.07752
0.05178 0.66353 -0.24980
-0.02715 0.81052 -0.02738
0.02492 0.03614 -0.24208
-0.04697 0.66560 -0.24951
-0.05205 -0.69872 0.09870
-0.02418 -0.80580 -0.24247
0.05612 0.15919 0.06670
-0.05205 0.30108 -0.10851
0.03635 -0.44013 0.08423
0.03914 -0.91865 0.01892
0.00708 0.08523 0.02279
-0.03369 -0.24711 -0.13593
0.05908 -0.92030 -0.26498
-0.00540 0.83085 0.18566
-0.05205 0.25563 -0.20829
-0.02248 -0.33188 -0.08124
0.05717 0.48208 0.06438
-0.03833 0.47685 -0.24423
0.02589 -0.32158 -0.30199
-0.05675 0.88637 -0.13311
-0.00827 0.43594 -0.24048
-0.00448 0.60869 0.18578
-0.02571 -0.07373 -0.30142
0.04267 0.45547 0.29063
-0.05715 0.37691 -0.10832
-0.05235 -0.95255 0.18419
-0.05110 0.78367 0.24039
0.05537 0.03424 0.06836
0.05445 -0.03498 0.15540
-0.03068 -0.65431 -0.30080
0.04917 -0.52158 -0.18177
0.05925 -0.08711 0.04529
-0.05715 0.06649 -0.12467
0.05485 0.37166 -0.05592
-0.05715 -0.52623 -0.20961
0.02144 0.30476 0.12885
-0.01388 -0.06666 0.08201
0.05479 -0.41293 -0.25354
-0.04172 -0.29874 -0.14206
-0.05205 -0.66337 0.20304
0.01423 0.57857 0.19325
0.04586 -0.62843 0.07248
-0.04485 -0.51547 -0.29416
0.03108 0.48894 -0.13493
0.02565 0.36422 -0.08653
0.05611 -0.53806 -0.04102
-0.05205 -0.02947 -0.11393
0.01161 -0.56615 0.19292
0.03143 -0.48025 0.23200
0.03777 -0.17651 0.13162
-0.01573 -0.45030 0.13337
-0.05205 -0.92903 -0.10556
0.05371 0.17713 0.17885
-0.02327 0.80740 0.02146
0.03016 0.64997 0.08081
-0.05715 -0.39072 -0.21783
-0.05224 0.72203 0.24141
-0.05205 0.56860 0.01742
-0.04028 -0.19749 -0.29960
0.05477 0.23525 0.15767
-0.05051 0.86652 0.24264
0.01234 -0.36074 -0.24303
0.01660 0.88897 0.09809
-0.03047 -0.71369 -0.14066
-0.05205 0.17906 0.09825
-0.04737 0.25433 0.02354
0.03026 0.02001 0.19384
-0.03917 -0.47311 -0.24434
0.04624 -0.89122 0.24570
-0.00923 0.76524 0.24029
0.05729 0.82682 -0.25907
-0.00638 0.07378 0.23480
-0.00228 0.37349 0.29891
-0.01294 0.05265 -0.30302
-0.05205 0.40884 0.00655
-0.05205 0.10607 0.21693
0.00311 -0.42744 0.18673
-0.04372 -0.40176 0.13197
0.00930 0.18099 0.23284
0.04611 0.93079 0.07868
0.02158 -0.81662 -0.24202
0.01467 -0.39866 -0.09101
0.01213 -0.19468 -0.02760
0.01631 0.51256 0.01651
-0.01236 0.02871 0.18992
-0.00389 -0.76147 0.18585
-0.02140 0.51482 0.02122
-0.05205 -0.56391 0.00126
-0.04264 -0.13461 0.07328
0.02414 0.77537 -0.12924
-0.01454 0.59059 -0.24126
-0.02678 0.42996 -0.30129
0.03086 0.47209 -0.30682
0.02594 -0.65038 -0.02664
0.00673 0.39109 -0.13087
0.02443 -0.46328 -0.08655
0.03119 -0.30160 -0.02723
-0.03227 -0.03431 0.07971
0.03355 -0.93087 -0.02263
-0.03281 -0.61548 0.13551
0.02804 -0.18159 0.29651
0.05687 0.45895 0.17277
-0.05715 -0.81510 -0.01922
-0.05483 -0.55016 -0.19188
0.05400 0.67568 -0.18395
-0.02840 -0.35120 -0.24299
0.04354 0.63131 0.23705
0.05183 -0.54641 -0.29423
-0.04454 -0.35330 0.02903
0.04912 0.82306 -0.29740
-0.03738 -0.11022 0.23868
-0.03786 0.38630 0.02328
0.03308 -0.87330 0.29537
-0.05715 -0.48552 -0.11612
-0.05715 -0.32016 -0.23429
0.05945 -0.49958 0.15439
-0.04097 0.49976 -0.08406
-0.03106 0.76602 -0.03300
0.03060 -0.73746 0.18840
-0.01820 -0.18995 0.13368
0.00231 0.66675 0.07890
0.05111 -0.74757 0.25233
0.04797 0.06523 0.29324
-0.05715 0.11993 0.01395
0.05145 -0.43675 0.14534
-0.02551 0.44741 0.12946
-0.03246 0.08374 0.02261
-0.05183 -0.09128 0.08323
0.02506 -0.08064 -0.19936
-0.02692 0.33261 0.07525
0.01308 0.74610 0.08538
-0.00384 -0.80110 -0.19130
0.05869 -0.59752 0.16870
0.02884 0.32043 0.08104
0.01600 -0.76251 0.08574
-0.02367 0.72210 -0.02694
0.02980 0.19408 0.01617
-0.03853 0.18012 0.13109
0.03439 0.07470 0.19256
-0.01291 0.79667 -0.13333
-0.01152 0.09493 -0.13315
0.05126 -0.74181 -0.07943
0.05887 -0.54397 0.25805
-0.02201 -0.26937 -0.02674
0.03877 0.53894 0.29894
-0.01066 0.41728 0.23534
-0.05525 -0.36520 0.07935
0.00545 0.28974 -0.30532
0.00514 -0.85613 -0.30015
0.00719 0.31240 -0.09008
0.04059 -0.17942 0.08264
0.04708 0.85732 -0.08380
0.04881 -0.47452 -0.19003
0.02187 -0.65989 -0.08660
0.05712 -0.30515 -0.25871
0.04057 0.50871 0.19038
-0.05715 -0.72946 0.21327
-0.05715 -0.93738 -0.20121
-0.05205 0.32552 -0.23384
0.04907 -0.73846 -0.03117
0.05340 -0.30835 -0.17352
-0.03347 0.75164 -0.24363
-0.00736 0.05928 0.07769
0.05930 -0.40789 0.04562
-0.02333 -0.30092 0.02147
-0.04988 0.87518 -0.29565
0.03834 -0.28217 -0.30451
-0.00681 0.65163 0.29835
0.01352 -0.74231 -0.02743
-0.00094 0.58772 0.01867
-0.05205 0.79581 -0.20580
0.00588 0.71808 -0.24384
0.00189 -0.42126 -0.19714
0.04656 0.70646 0.13835
0.03414 -0.65727 0.13043
-0.00313 -0.29358 0.29881
0.02158 -0.61279 0.23149
0.03016 0.24946 0.30157
0.01536 0.77837 0.08053
0.05957 0.54053 -0.16070
0.03187 0.77707 -0.02211
-0.01843 0.62659 0.13371
0.01389 0.58261 -0.23771
0.04678 -0.26861 -0.13689
0.02180 -0.28102 -0.09169
-0.02357 -0.66426 0.23695
0.01124 -0.40038 0.12487
0.01831 0.51179 -0.19920
0.04307 -0.34088 -0.03282
-0.01223 -0.13001 0.08221
-0.05715 0.90787 0.22474
-0.04198 -0.83930 0.24438
0.04762 -0.59762 0.24733
-0.05715 -0.94461 -0.00304
0.02756 -0.19204 0.23668
0.01738 0.85840 0.19736
-0.04081 -0.58185 -0.24455
-0.00068 0.90120 0.22931
-0.00359 0.02163 -0.23989
-0.03611 0.48940 0.18695
-0.04670 0.69766 -0.07900
-0.05205 0.12999 0.23284
-0.05715 0.55255 0.21449
0.05071 0.09670 0.25143
0.03644 -0.45528 -0.02353
0.00355 -0.36670 -0.13127
-0.03649 0.58037 -0.02855
0.03006 0.81408 0.23690
0.04469 -0.71671 -0.29474
0.03596 0.69829 0.08435
0.02568 -0.55915 -0.23700
-0.00850 -0.92806 0.19041
-0.01980 -0.56612 0.02102
-0.02939 -0.92890 -0.24312
-0.01818 0.18352 0.24141
-0.04075 -0.19611 0.18124
0.05990 0.85916 0.15752
-0.03005 0.85972 0.02744
-0.02040 -0.06671 0.18892
0.02026 0.61207 0.23660
0.00625 0.86915 -0.15639
-0.05715 -0.77439 -0.09193
-0.03323 -0.01898 0.23816
0.05028 0.30867 0.17499
0.00930 -0.56628 0.29523
-0.02837 -0.11748 -0.13526
-0.05118 0.48217 -0.29643
0.04360 -0.34618 -0.29546
-0.05715 0.84365 -0.21900
-0.05057 0.11998 -0.08642
-0.01796 -0.44097 -0.29726
-0.05205 0.52358 0.00560
0.00219 0.10783 -0.19718
0.03945 0.24514 0.13272
-0.05380 -0.43906 0.24011
-0.01818 -0.42025 0.13368
0.03907 0.11666 -0.29844
-0.02951 0.11856 -0.19322
-0.00833 -0.53603 0.18530
-0.04924 0.48852 0.13556
0.03995 -0.63679 -0.24012
-0.01726 0.53597 0.29191
-0.05205 0.18922 0.01138
-0.00147 0.21577 -0.13190
0.01671 -0.22009 0.12932
0.04922 -0.91896 0.29185
-0.05205 0.68547 0.00041
-0.04819 0.74237 0.18690
0.05384 0.27006 0.27441
-0.00715 0.83678 -0.02488
-0.01419 0.07778 0.18969
-0.04087 -0.33527 0.29409
0.03542 0.81056 0.18691
-0.01878 -0.84219 0.07626
0.01657 -0.52791 -0.13477
0.05405 0.92753 0.04485
-0.05715 -0.31958 0.08675
-0.03985 -0.45716 0.28908
0.05272 -0.50871 0.04043
0.04652 -0.22100 0.29419
0.03670 -0.49994 -0.08956
-0.00795 -0.87132 0.08275
0.03827 -0.89060 0.08363
-0.05205 0.03145 -0.12995
0.04380 -0.21351 -0.02720
-0.05018 -0.19970 -0.24820
0.05425 0.21643 -0.16918
0.04120 -0.81336 0.18996
-0.05715 -0.24794 -0.10556
-0.02545 0.81787 0.29601
-0.03574 0.17674 -0.24391
-0.00259 -0.46783 -0.13204
-0.05595 -0.02784 -0.19348
0.03840 0.57659 -0.30449
-0.05205 0.52546 -0.11533
-0.00627 0.89641 0.31119
0.05464 0.73971 -0.07541
0.04340 0.92114 0.24305
0.04232 -0.01118 0.13462
0.05927 -0.03169 -0.27777
-0.05715 -0.72526 -0.23658
0.02695 -0.80424 0.02122
0.04943 0.40808 0.24160
-0.03954 -0.47650 -0.02893
-0.05584 0.49267 -0.13518
-0.05205 -0.16427 0.00172
0.04830 0.41956 0.29292
0.05335 0.36087 0.06045
-0.05109 -0.30043 0.24226
0.05324 -0.75352 -0.25151
-0.04653 -0.53419 -0.14190
-0.05205 -0.10579 -0.21245
-0.01334 -0.48338 0.13308
-0.05205 -0.22469 0.11000
0.02577 0.54096 0.23156
-0.02147 0.39544 -0.13953
0.03463 -0.80015 -0.13070
-0.00565 0.87092 -0.06545
-0.00527 -0.41905 -0.24523
0.03470 0.04660 -0.19790
-0.01013 -0.62862 -0.19564
-0.01941 0.77802 0.13383
-0.04335 -0.53164 -0.03450
-0.02596 0.58847 0.24238
0.04428 -0.30362 0.23754
-0.04346 -0.92514 0.18583
-0.00116 0.41693 0.29392
-0.04676 -0.50911 0.07859
-0.01906 0.03592 -0.08167
-0.01952 0.61879 -0.30220
-0.01006 -0.81314 0.08248
0.05275 0.85445 0.25596
0.05433 -0.14804 -0.06092
-0.04069 -0.04547 -0.08409
0.00288 0.06037 -0.24421
0.04947 -0.33864 -0.08153
0.03089 -0.54725 -0.02181
-0.05205 -0.41877 -0.09253
0.00620 -0.20829 -0.23867
0.05996 -0.09279 0.26750
0.05429 0.02106 -0.27667
0.05231 0.52496 0.03951
-0.02146 -0.79738 -0.13440
0.04844 0.43039 0.06946
-0.04757 0.24187 -0.08323
0.05791 -0.72326 -0.26046
-0.00588 0.28420 -0.19104
0.04132 -0.13755 -0.18923
0.04395 -0.63964 -0.13503
0.04021 -0.74227 0.13322
0.05357 -0.43507 0.24646
0.05876 0.17853 0.14952
-0.05143 0.62651 0.18349
0.04542 0.20887 -0.03473
-0.02499 0.46157 -0.02711
0.00538 -0.27705 0.02301
-0.05351 -0.88306 -0.03020
-0.05715 0.01878 -0.00660
-0.05205 -0.55297 -0.11988
-0.02533 0.79812 -0.29634
0.05934 0.92193 0.15362
-0.00429 0.06844 0.29866
0.04891 -0.83941 -0.14654
-0.05205 0.05736 0.22790
-0.02431 0.39260 0.29103
0.05476 -0.47077 -0.27075
-0.01215 0.88857 0.16030
-0.05205 0.89867 -0.02125
0.02131 0.41900 0.08626
0.05228 0.77191 -0.15263
0.03412 0.05762 -0.13587
0.05469 -0.48671 -0.05839
0.05271 0.80858 -0.17504
0.03794 -0.91381 0.19146
-0.03920 0.46157 0.24403
-0.01676 -0.55043 0.29710
0.00324 -0.92378 -0.02358
0.01448 0.08688 0.12960
-0.01672 0.44671 0.29711
0.03161 -0.25110 0.23205
-0.05715 0.64855 0.20143
0.04410 0.61576 0.13578
0.00518 0.27681 0.19212
0.04852 0.10171 0.06937
0.05615 0.47268 -0.14882
-0.00054 -0.23539 -0.29944
0.00017 0.46549 0.23911
-0.04658 -0.09642 0.13647
0.05260 -0.24452 -0.06757
-0.00419 0.49352 -0.24510
0.04464 -0.50146 0.29543
-0.03196 0.19406 -0.02798
-0.05703 -0.58412 0.12671
0.00422 0.21011 0.12575
-0.02982 0.78489 -0.18805
0.00838 0.09123 0.08479
-0.02477 -0.25781 0.07551
0.03604 -0.37324 -0.23886
-0.05100 -0.85655 0.02493
-0.05205 0.42048 0.21535
-0.01947 -0.73827 -0.13928
0.00970 0.87057 -0.00038
-0.01452 0.85101 0.07680
-0.04958 0.66312 0.23772
-0.05703 0.22413 -0.13197
-0.01832 0.12166 0.29178
0.05531 -0.12433 -0.07393
-0.01130 0.79093 0.29778
-0.02740 -0.28230 0.23743
0.05442 -0.26807 0.07030
-0.04035 -0.65083 -0.08414
-0.01572 -0.43147 0.24110
0.00905 -0.51768 0.23287
-0.03621 -0.72369 0.02820
0.02863 -0.30826 0.18877
0.04277 -0.87386 0.18893
0.05077 0.83941 0.13544
-0.01057 0.70060 0.01987
0.00303 0.62154 0.07899
-0.03990 -0.15635 -0.29452
-0.05205 0.30936 0.01631
-0.04840 0.92645 0.02305
0.05415 0.67422 0.15326
0.02491 0.30951 0.29656
-0.05223 0.39597 -0.24681
0.04898 -0.18926 -0.08212
0.05169 -0.08779 -0.28503
0.02093 -0.05833 -0.13428
0.05965 -0.15743 0.15579
0.00916 0.67679 -0.13570
-0.01833 0.23336 0.02084
0.04450 0.20074 -0.19323
-0.05205 0.48887 0.21813
0.01234 0.51375 0.12987
-0.05205 0.62743 -0.21042
-0.00954 0.30467 0.13260
-0.04219 0.67734 0.02382
0.00120 -0.89467 0.29422
0.02349 -0.56235 -0.30712
0.04422 0.41416 -0.14130
-0.02241 -0.21881 -0.02679
0.05237 0.85377 0.07270
-0.05715 0.51802 0.10940
0.01251 0.00947 0.29563
0.05991 0.42162 -0.16554
0.00082 -0.62294 0.12617
0.05967 0.38128 0.26364
-0.04223 -0.05302 0.28879
-0.05205 0.02917 0.12277
0.00329 0.38394 -0.24416
-0.01536 0.46505 -0.08726
-0.02270 -0.06443 -0.13455
-0.05715 -0.71583 -0.00816
-0.05715 0.89601 0.10503
-0.05057 0.90142 -0.24798
