-0.29390 -0.22703 0.71859
0.37046 -0.50638 0.75907
0.09673 -0.42300 -0.78411
0.39895 0.18999 -0.00060
-0.36221 0.11584 -0.01021
0.37973 0.09142 0.43745
-0.33642 0.18999 0.33382
-0.00799 -0.24031 -0.30544
-0.31015 0.22330 -0.77701
0.39032 0.14024 -0.55752
-0.01017 0.22330 0.67163
-0.39087 -0.38666 -0.56414
0.39032 -0.43332 -0.52414
-0.21380 0.22330 -0.16987
0.15971 0.09142 -0.05712
-0.37911 0.09996 0.51746
0.24757 -0.10297 0.71859
0.01637 0.22330 0.24354
0.40329 0.21480 0.49226
-0.38910 0.01656 -0.43927
0.03666 0.06623 -0.78411
0.28644 -0.50938 -0.46320
-0.10334 -0.50938 -0.46835
0.02090 0.22330 -0.51668
-0.02551 0.11584 0.30771
-0.05104 -0.46897 0.71859
0.33622 -0.19136 -0.78411
0.31286 -0.07828 -0.30544
-0.13858 -0.28076 -0.78411
-0.36092 -0.50938 0.71904
-0.39584 0.18999 -0.24713
0.11708 0.18999 -0.16863
0.28779 -0.44185 -0.78411
-0.18706 0.01573 -0.30544
-0.32707 0.21513 0.77636
-0.24826 -0.50938 -0.78360
0.39938 0.20756 0.77636
0.09256 0.09142 0.61324
-0.33290 -0.21358 -0.78411
-0.12864 0.04059 0.75907
0.39032 0.09931 0.08626
-0.22984 0.22330 0.29637
0.30034 -0.38866 -0.78411
0.26675 -0.21826 0.75907
-0.36113 -0.25694 -0.30544
-0.39640 0.19322 0.05058
-0.26936 0.22330 -0.52263
-0.33016 -0.46723 -0.30544
0.17713 0.12852 0.75907
0.32474 0.13774 -0.78411
-0.07962 0.09142 0.02502
-0.24685 0.18999 0.50112
0.12724 0.18999 0.47030
0.39032 -0.16597 -0.53023
0.39036 0.22330 -0.27006
-0.01710 -0.16608 0.75907
-0.29592 0.09142 0.23938
0.02549 0.14018 -0.78411
-0.39082 -0.11683 -0.42532
0.05086 0.07024 -0.30544
0.38562 0.11584 -0.16537
0.26709 0.22330 0.25536
0.19263 0.18999 -0.47239
0.30043 -0.38036 -0.30544
-0.32593 0.07131 0.75907
-0.18207 0.01102 -0.78411
-0.14916 0.09142 0.53285
0.22678 -0.50938 -0.63962
0.19565 0.11584 0.22484
-0.16541 0.22330 0.07371
0.05075 -0.29176 0.71859
-0.23679 -0.39423 -0.30544
0.14879 0.22330 0.06440
-0.20212 0.09142 -0.24808
0.34377 0.06166 -0.78411
-0.37911 0.01313 -0.69951
-0.32136 0.22330 0.54957
-0.38855 -0.43744 -0.48777
0.09025 -0.50938 -0.30767
0.20249 0.22330 0.64403
0.36700 -0.00968 0.71859
-0.10615 0.18999 -0.34841
-0.15066 -0.38873 -0.78411
-0.24311 -0.35485 0.75907
0.31398 0.11584 0.60835
-0.28726 -0.34963 -0.30544
0.13354 -0.20424 -0.78411
-0.35913 0.22330 -0.59887
0.23772 -0.41502 0.71859
0.00185 0.18999 -0.01577
-0.04914 -0.50938 -0.68709
0.39032 0.01211 -0.41831
0.01598 0.11584 -0.11941
0.11059 -0.10529 -0.30544
-0.12881 0.18999 -0.67654
0.05960 0.02610 0.75907
0.19813 0.18999 -0.18356
-0.05753 0.18999 0.45195
0.18051 0.09142 0.42699
0.19859 0.22330 -0.68915
0.02592 0.11584 0.10571
-0.12768 0.22330 0.33197
-0.19657 -0.13693 -0.30544
0.24617 0.09142 -0.24535
-0.22401 -0.10887 0.75907
-0.39208 0.11020 -0.42929
-0.39208 -0.20063 -0.60830
-0.33022 -0.08623 -0.78411
-0.00549 0.22330 0.76457
0.22053 0.18999 -0.04667
0.39032 -0.27819 -0.67060
-0.10020 -0.45717 -0.30544
0.01756 -0.50938 -0.59021
-0.10485 -0.33977 0.71859
-0.20887 0.22330 -0.50730
-0.30394 -0.50938 -0.58641
0.38856 -0.50938 -0.76782
0.39032 -0.06750 -0.70069
0.11091 0.22330 -0.66860
-0.23943 0.11584 0.41134
0.22151 0.18422 -0.30544
-0.01727 -0.11525 -0.78411
0.32509 -0.18938 0.71859
-0.26353 0.11584 0.61819
-0.37911 -0.31704 0.74049
-0.37911 0.10987 -0.21420
0.37242 0.11584 0.26723
-0.39208 -0.38306 -0.75950
-0.38343 -0.36103 -0.36563
-0.21718 0.22330 -0.24691
-0.16615 0.09142 -0.10855
-0.16682 0.11584 0.23724
0.40329 0.22179 0.19385
-0.05976 0.22330 -0.12412
0.01146 0.09142 0.48566
-0.05337 0.09142 0.65166
-0.16109 0.18999 0.57696
-0.18541 -0.50938 0.72471
0.31709 0.09142 -0.02418
-0.34734 0.18999 0.20062
0.31179 0.18999 0.37062
-0.27076 0.09142 0.08673
-0.39208 -0.48273 -0.71293
0.39032 -0.24787 -0.39056
0.10441 -0.50938 -0.78008
-0.05974 -0.02495 0.71859
0.39032 -0.33034 0.74965
0.11890 -0.50938 0.73640
-0.39208 -0.04715 -0.32963
-0.16529 0.22330 0.75444
0.15253 -0.28350 -0.30544
-0.26725 0.18999 -0.01326
-0.15762 0.22330 0.17281
0.11270 0.22330 0.76786
0.09837 -0.14833 0.75907
0.11005 -0.50938 -0.44751
0.17081 -0.00915 -0.78411
-0.16175 0.10263 -0.78411
0.13021 0.11584 -0.01382
-0.37911 -0.09095 0.74401
0.39032 0.16176 -0.66942
0.39032 -0.46489 -0.38931
0.16147 0.01988 -0.30544
0.04557 0.22330 -0.27583
0.13109 0.22330 0.28503
0.32828 0.22330 0.58441
0.28901 0.22330 0.13882
0.08877 0.11584 0.35186
-0.39208 -0.10433 -0.34874
0.00927 -0.16296 -0.78411
-0.00844 0.22330 0.58872
0.39032 -0.29912 -0.33293
-0.35110 0.18999 -0.10008
0.21244 0.11584 0.11529
0.29654 -0.05872 0.71859
0.29253 -0.26406 -0.78411
-0.26581 0.22330 -0.62442
-0.29820 0.22330 -0.35067
-0.03527 -0.09602 -0.30544
0.25028 -0.03762 -0.78411
0.34345 0.22330 -0.45014
-0.12174 0.22330 0.02104
0.04532 0.18999 0.35447
-0.23209 -0.50938 -0.35785
-0.07765 0.09142 -0.24680
-0.07238 0.22330 -0.74632
-0.19114 0.11584 0.09795
0.00252 -0.37759 -0.78411
-0.24246 -0.50938 -0.47755
-0.20370 -0.21245 -0.30544
-0.36931 0.09142 0.37072
-0.13015 -0.19872 0.71859
-0.39640 0.22126 0.65656
0.35084 0.22330 -0.12887
-0.26657 0.18999 0.41392
0.17372 -0.31488 0.71859
-0.39208 -0.21961 -0.45348
0.11637 0.18999 -0.43290
0.18441 -0.00486 0.71859
0.39032 0.02763 -0.65142
0.03352 0.18999 0.60643
-0.21812 0.22330 0.68681
-0.07847 0.09142 0.61220
0.27751 0.09330 0.75907
-0.35694 0.07591 -0.78411
-0.38770 0.22330 -0.46350
0.14581 0.22330 0.19155
0.35132 0.06974 -0.30544
-0.37911 0.11452 0.14348
0.26873 0.22330 -0.59575
0.25506 0.09142 0.40374
0.39032 -0.47283 -0.64412
0.07164 -0.09675 0.71859
0.28179 0.16405 0.71902
0.38889 0.22330 0.32636
-0.08888 0.18999 -0.52259
-0.07745 0.22330 -0.20306
-0.34256 -0.12666 -0.30544
-0.09129 0.02352 -0.78411
0.25409 0.22330 0.50450
0.30139 0.18999 -0.36756
-0.39514 0.22330 -0.75714
-0.10929 0.11584 0.40674
0.23644 -0.50938 -0.72295
-0.28328 0.22330 0.05667
-0.19003 -0.50938 -0.64352
-0.37965 -0.29405 -0.68789
0.20889 -0.13280 -0.78411
-0.00742 0.22330 -0.39776
-0.26486 0.22330 0.70738
-0.00941 0.11584 -0.03404
-0.30144 0.11584 -0.10497
0.16822 -0.42000 -0.78411
-0.39208 -0.04444 -0.55754
-0.01144 -0.36563 0.75907
-0.16929 -0.12119 -0.78411
-0.36889 0.22330 0.48641
0.25198 -0.20929 -0.30544
-0.38605 -0.12368 -0.67551
-0.35578 0.12038 0.75907
0.12354 0.11584 -0.19521
0.05216 -0.06995 -0.78411
0.07322 0.11584 0.23409
-0.07345 0.11584 0.17810
-0.11125 0.22330 0.44250
-0.35846 -0.50938 -0.38883
0.37798 0.09142 0.51870
0.22875 -0.50343 -0.30544
-0.06081 0.09024 0.75907
-0.20386 0.22330 -0.75326
-0.00189 0.22330 -0.62972
-0.00118 0.18999 0.12327
0.37869 0.11584 0.66992
0.10803 0.22330 -0.35415
0.26422 0.11584 -0.12456
-0.29013 0.18999 -0.08020
-0.15376 0.22330 0.25804
-0.11355 0.18999 0.27081
0.30861 0.11584 0.18016
0.18695 0.11584 0.55836
0.39032 -0.11766 -0.36507
0.15304 0.15533 -0.78411
0.39032 0.00559 -0.51212
-0.22722 0.06724 0.71859
0.14344 -0.36687 -0.30544
0.39032 -0.36738 -0.54757
-0.24321 0.11584 -0.01453
-0.16839 0.22330 -0.11190
0.10444 0.22330 -0.57253
0.25195 0.22330 -0.76484
0.04542 0.11584 0.69474
0.11993 -0.50938 -0.52301
-0.29058 -0.29869 0.75907
-0.22521 0.22330 -0.37609
0.32277 0.11584 0.33000
-0.28260 -0.04719 0.71859
0.39127 0.22330 -0.77550
-0.39208 0.09616 -0.56269
-0.36572 0.11584 -0.11883
0.00302 -0.37019 -0.30544
-0.31160 0.09142 -0.30133
0.20874 0.22330 0.39091
-0.27212 -0.43804 0.75907
-0.37911 -0.17607 0.75128
0.28076 -0.33352 0.71859
0.24891 -0.50938 0.73847
0.30445 0.22330 0.01639
0.30621 -0.50938 -0.55654
-0.25019 -0.30539 -0.78411
0.39032 0.15017 -0.39341
-0.19892 -0.05864 -0.30544
-0.37911 0.09285 0.64537
0.21241 0.21119 0.77636
0.13101 0.18999 -0.09086
0.04731 -0.46024 0.75907
-0.29604 0.22330 -0.28498
0.01598 -0.50938 -0.73395
0.22454 0.11584 0.64988
0.40329 0.19630 0.65490
0.10493 0.22330 -0.01951
-0.10849 -0.31198 -0.30544
-0.19442 -0.30218 0.75907
-0.32383 0.11584 0.05999
-0.39208 -0.32550 -0.59876
-0.03013 0.04770 -0.30544
-0.17194 -0.06146 0.71859
0.29000 0.09142 0.06750
0.39032 -0.38649 -0.41366
0.18665 0.22330 0.55164
0.00243 -0.50938 -0.35953
-0.11751 -0.50938 -0.74905
0.12668 0.06807 0.75907
-0.17908 0.22330 -0.60011
-0.06501 0.11584 0.08054
0.39032 -0.36825 -0.72626
0.19733 -0.50938 -0.38810
0.21119 0.11584 0.32000
0.37784 -0.11677 0.75907
0.04226 0.18999 -0.11781
-0.12960 -0.42905 0.75907
-0.15175 0.16474 -0.30544
0.04572 -0.21099 0.71859
-0.10179 -0.50938 -0.57667
-0.22908 0.21879 0.77636
-0.30549 -0.41528 -0.78411
0.21772 -0.27919 -0.78411
-0.30529 0.22330 0.30768
-0.14741 0.11584 0.69556
-0.13006 0.11584 0.31813
-0.02659 -0.26293 0.71859
0.31227 0.18999 -0.50898
0.39032 -0.17245 -0.65032
-0.25277 0.09142 0.50467
0.11735 -0.37343 0.75907
-0.06992 -0.13930 0.75907
-0.30285 -0.24042 -0.30544
0.12327 0.11584 0.09932
0.35900 -0.46346 -0.30544
-0.23114 -0.13652 -0.78411
0.32848 0.22330 -0.68621
-0.23303 0.09142 0.18339
-0.16343 0.09142 0.63447
-0.35942 0.22330 0.13940
0.10917 0.09142 0.17781
-0.26995 0.11584 -0.17511
0.09828 0.18999 0.56248
-0.12008 0.09142 -0.19619
0.05158 0.18999 0.16443
-0.20570 -0.19780 0.75907
-0.32327 0.22330 -0.54763
0.16407 0.22330 -0.26441
-0.37911 0.11360 0.26176
-0.14105 0.11584 -0.02515
0.15775 0.22330 -0.62098
0.39032 -0.10221 -0.48723
-0.03252 0.09142 0.51988
-0.09915 0.18999 0.70200
0.05349 -0.28156 -0.78411
0.02289 -0.04537 0.75907
-0.09702 -0.18198 -0.30544
-0.04702 0.12140 -0.78411
0.36628 0.13344 0.75907
0.27310 0.18999 -0.11568
0.34185 -0.18345 -0.30544
0.12668 -0.28593 0.75907
-0.24147 0.00506 0.75907
0.03427 0.09142 -0.20406
-0.38036 0.05730 -0.30685
-0.06027 0.22330 -0.46736
0.28518 0.22330 -0.25775
-0.13493 -0.50938 -0.36055
-0.08527 -0.07161 -0.78411
0.09397 0.11584 0.45780
-0.24390 -0.43093 -0.78411
0.37094 -0.25552 0.75907
0.39032 -0.26771 -0.56364
0.02273 0.22330 0.47334
-0.26226 0.06583 -0.78411
0.26578 0.09142 0.48723
-0.22675 0.09142 0.32202
-0.08500 0.09142 -0.09429
0.05693 0.13982 0.75907
0.15362 0.11584 -0.28207
0.19858 -0.19001 0.71859
-0.39173 -0.49290 -0.56906
0.21883 0.08126 -0.78411
0.40329 0.21074 -0.52738
-0.39208 -0.37520 -0.47074
0.39032 -0.10269 -0.59909
-0.03117 0.09142 0.39364
0.08106 -0.13907 -0.78411
-0.39208 0.16723 -0.67363
-0.38260 0.18999 -0.36354
-0.02820 -0.50938 -0.41398
0.32902 0.22330 0.68650
0.07219 0.18999 0.68872
-0.28246 0.02975 -0.30544
-0.06970 -0.25300 0.75907
0.13239 -0.50938 -0.68328
-0.29482 0.12288 0.75907
-0.03986 0.11584 0.15064
0.37273 -0.12891 -0.78411
-0.32285 -0.50938 -0.71124
0.38556 0.22330 0.08926
-0.30229 0.18999 -0.44456
0.12487 0.09142 0.63931
-0.37046 -0.39903 -0.67113
0.22364 0.09142 0.00252
0.25082 0.18999 0.32954
-0.02529 0.22111 -0.80140
0.39032 -0.27544 -0.77708
0.29301 -0.42510 0.75907
0.39032 -0.37261 -0.62353
0.24971 -0.00318 -0.30544
0.39032 0.12984 -0.47539
0.39032 0.10470 -0.07212
0.32717 -0.50938 -0.65939
0.14549 -0.44851 -0.30544
0.39032 -0.31179 -0.46746
0.02762 0.15613 -0.30544
-0.18527 0.22330 -0.04378
-0.37911 0.07320 0.74750
-0.33645 0.09142 0.46442
-0.24835 -0.50938 -0.69069
-0.15016 0.18999 -0.43233
0.13326 0.18999 0.68565
0.21560 0.18999 0.06822
0.39032 0.09754 -0.62841
0.09489 0.22330 -0.77482
-0.03060 -0.22859 -0.78411
0.21105 -0.50938 -0.54927
0.28835 0.09142 0.25545
0.10124 0.09142 0.51471
-0.29241 0.14982 -0.78411
-0.03260 0.22330 0.34447
0.00778 0.22330 -0.19759
-0.31983 0.18999 0.64080
0.09272 -0.20260 -0.30544
-0.13452 0.18999 0.65433
-0.31764 -0.37836 0.71859
0.29212 0.11584 -0.20725
-0.27652 0.18999 -0.70355
-0.39640 0.19104 0.57754
0.04563 0.11584 0.01256
0.17018 -0.06558 0.75907
0.32320 -0.50938 -0.34077
0.01433 0.18999 -0.70751
0.30735 0.21575 0.77636
-0.39208 -0.25894 -0.53229
0.00574 0.11584 0.59329
0.37368 0.09142 0.03766
0.21711 0.11584 -0.15567
-0.33875 -0.50938 -0.47597
-0.38324 -0.38815 -0.31009
0.39032 -0.19444 -0.45855
-0.21248 0.18999 0.13948
-0.39247 0.22330 0.39082
0.06257 0.11584 -0.07726
0.24066 -0.27808 -0.30544
0.38671 -0.02409 -0.78411
-0.37911 -0.28181 -0.77412
-0.34029 0.18999 -0.01636
-0.39208 0.10851 -0.71526
-0.39206 -0.21004 -0.36300
-0.08641 0.18999 0.15519
0.26807 0.18999 0.58696
-0.22198 -0.22714 -0.78411
-0.23846 0.22330 0.57976
0.08830 -0.33442 -0.78411
0.39560 0.22330 -0.57058
-0.37911 -0.40159 0.75638
0.33155 0.22330 0.18989
0.01630 0.11584 0.34502
0.34838 0.18999 0.45755
-0.13906 -0.01317 -0.30544
0.36281 0.11584 0.16573
0.12396 0.09142 0.38240
-0.39208 0.08435 -0.65699
-0.18072 0.09142 0.03471
0.35646 -0.41311 0.75907
0.25051 0.13757 -0.30544
-0.29225 0.22330 0.21008
-0.01598 -0.50938 -0.50239
-0.18792 0.09142 0.55570
0.19569 0.18999 -0.37364
-0.06813 0.18999 -0.04080
-0.14780 -0.41090 -0.30544
0.30206 0.03337 0.71859
-0.22982 0.11584 -0.29678
0.34179 0.18999 0.25314
0.24945 0.01369 0.75907
-0.30782 0.18999 -0.18136
-0.22426 0.09142 -0.14790
0.39032 0.00790 -0.34368
-0.16490 0.13814 0.75907
-0.37911 -0.03267 -0.77477
0.06164 0.11584 0.28785
-0.15217 0.11584 0.43550
-0.06680 -0.32229 -0.78411
-0.00324 0.05341 0.71859
-0.03287 0.18999 -0.54916
-0.39106 -0.44238 -0.42762
-0.06617 0.18999 0.06603
-0.09387 0.11584 0.47888
-0.21454 -0.50938 -0.56727
-0.39640 0.21167 0.26436
-0.29912 -0.16113 0.75907
-0.13279 -0.05069 0.75907
0.06007 0.18999 -0.20545
-0.19095 0.08691 -0.30544
-0.34396 0.00802 -0.30544
0.39032 -0.04356 -0.31932
-0.08267 0.18999 -0.28085
-0.34540 0.09142 0.57682
0.19523 0.18999 0.27981
-0.16129 0.18999 -0.20561
-0.27242 -0.13653 0.71859
0.39032 -0.50824 -0.45371
0.39032 0.09716 -0.71743
-0.37100 -0.11886 -0.56089
-0.09212 -0.10157 0.71859
0.24288 0.22330 -0.42579
0.11115 -0.43903 0.71859
-0.39208 -0.04458 -0.41066
0.39032 -0.39563 -0.33435
-0.31083 0.09142 -0.22561
0.24985 -0.10635 -0.30544
0.13791 -0.50938 -0.36846
0.39032 0.06438 0.73802
-0.29006 0.11584 0.67972
0.18785 0.11584 0.03807
0.33216 0.09142 0.45332
0.26112 0.09142 0.55582
-0.17819 0.09142 0.31549
0.11775 0.22330 0.41619
-0.07769 0.09142 0.25783
-0.11977 -0.48357 0.71859
-0.06601 -0.39581 0.75907
0.30327 0.22330 -0.06167
0.06523 0.18999 -0.61648
-0.32996 0.18999 -0.71924
0.17261 -0.40414 0.75907
-0.20178 -0.42390 0.71859
0.11852 -0.50938 -0.61061
0.20279 -0.50938 -0.49576
0.39032 -0.50808 -0.57922
-0.18646 0.18999 0.39416
-0.19040 -0.38727 0.75907
-0.26769 -0.50363 0.71859
0.05017 0.18999 -0.45642
-0.38482 -0.45991 -0.77768
-0.37911 -0.50039 -0.33235
-0.39640 0.19466 0.75618
-0.38627 0.18088 -0.53533
0.10483 -0.04190 0.75907
0.04005 -0.07048 -0.30544
-0.37125 0.11584 0.06828
-0.08121 0.22330 0.77226
-0.17091 0.18999 -0.36507
0.25539 0.18999 0.18619
0.00443 0.09142 0.20782
-0.22179 -0.04333 -0.78411
-0.15873 -0.26167 0.71859
0.26767 0.18999 0.43540
0.38824 0.18999 0.39603
0.23468 0.18999 -0.53775
-0.36347 -0.25225 0.75907
0.08099 0.22330 0.38268
0.03094 -0.46899 -0.30544
0.27270 -0.17133 -0.78411
0.39522 0.18999 -0.08319
0.33701 -0.50938 -0.74216
-0.38343 -0.06308 -0.70023
-0.06895 0.22330 0.50180
-0.37911 -0.14711 -0.78375
0.00481 -0.43082 0.71859
-0.05189 -0.48350 -0.78411
0.32176 0.18999 0.51974
-0.06190 0.22330 -0.66452
-0.04725 0.18999 0.54605
0.04860 -0.28987 -0.30544
0.14646 0.09142 0.29152
-0.01083 -0.00055 -0.78411
-0.13589 0.18999 -0.78043
-0.14099 0.18999 -0.06294
-0.37356 0.22330 -0.18888
-0.29494 0.11584 0.17309
0.06401 0.18999 0.26154
-0.39208 -0.14332 -0.49703
-0.28784 0.09142 0.36522
-0.37887 -0.22391 -0.68789
0.35456 0.09142 -0.22619
0.23996 -0.07081 0.75907
-0.11141 0.22330 -0.28836
-0.32823 -0.00107 -0.78411
-0.39208 -0.30619 -0.42619
0.17944 0.11584 0.35354
-0.14077 0.09142 0.14749
0.08422 0.09142 -0.15556
0.23873 0.09142 0.19060
0.39032 -0.42804 -0.78364
-0.27756 0.11584 -0.07877
0.17105 -0.23938 0.71859
-0.28409 0.09142 0.31982
0.34100 0.18999 -0.63027
0.07213 0.22330 -0.39211
0.20267 -0.14654 0.75907
0.16677 0.18999 0.12194
-0.10942 0.18999 -0.59868
0.17973 -0.31583 -0.78411
0.17945 -0.07380 -0.30544
-0.24568 0.09142 0.55410
0.31854 0.11584 0.52488
-0.02428 0.16031 0.75907
0.39032 0.09645 -0.32837
-0.08489 0.09142 0.33277
0.19830 -0.48809 -0.78411
-0.07772 -0.42527 -0.78411
0.08153 0.22330 0.11801
-0.08106 0.22330 0.63204
0.07152 0.22330 -0.08473
-0.33051 -0.02737 0.75907
0.09848 0.09142 0.04204
0.10380 0.10395 0.71902
0.29997 0.09142 0.67842
-0.26553 -0.48332 -0.30544
-0.33721 0.11584 0.19404
0.14944 0.09142 -0.13100
0.16156 0.11584 0.68657
0.03538 -0.50938 -0.46247
0.04338 -0.25812 0.75907
0.15914 0.22330 -0.14857
-0.20423 -0.29303 -0.30544
0.20653 0.07497 0.75907
0.22969 0.10001 0.71859
0.22599 -0.39914 -0.30544
0.15007 0.11584 0.49600
0.10937 0.18999 -0.50922
0.01188 -0.33527 0.71859
0.31023 0.18999 0.63240
0.22829 0.11584 -0.05292
0.00267 0.22330 -0.09227
0.18228 0.18999 0.22906
-0.04844 0.22330 0.23893
0.14453 -0.09047 -0.78411
-0.38329 0.22330 -0.67361
-0.18923 0.22330 -0.68217
0.21883 0.18999 0.70701
0.24075 0.18999 -0.22805
0.18557 -0.47441 0.75907
-0.37392 0.13165 -0.30544
-0.31845 -0.47671 -0.78411
-0.33618 0.01862 0.71859
-0.25172 0.22330 0.17694
0.36710 0.18999 0.57118
-0.27652 0.18999 0.14251
0.34329 -0.11623 0.71859
-0.31975 0.22330 0.37151
0.37928 0.22330 -0.18648
-0.15752 0.18999 -0.53787
0.12128 0.22330 0.61484
-0.20992 0.18999 -0.12779
-0.25951 0.18999 -0.75041
-0.18595 -0.48628 -0.30544
0.02834 0.11584 0.42438
-0.16418 -0.13394 0.71859
0.28279 0.09142 0.11528
-0.01047 0.18999 -0.25833
-0.12536 0.09142 0.06548
0.39032 -0.05417 -0.38334
-0.24543 0.18999 0.63765
-0.39148 0.01959 -0.51942
-0.07470 0.09142 -0.02921
-0.23661 0.22330 0.37640
-0.39640 0.21555 -0.04569
-0.23134 0.09142 0.24492
-0.30073 -0.35952 -0.78411
0.31350 0.22330 0.31489
-0.09990 0.09142 -0.29782
0.20901 0.18999 -0.63974
0.05067 0.11584 0.56641
-0.38877 0.01614 -0.62324
-0.34210 0.09142 0.31951
0.25458 0.11584 0.34593
-0.08988 0.03535 0.71859
-0.17976 0.11584 0.47548
-0.32417 0.18999 0.09931
0.18241 0.09142 -0.21684
-0.04236 0.11584 0.45463
-0.13852 0.18999 -0.15754
0.10825 0.14670 0.71902
0.20046 0.18999 0.44590
0.37675 0.11584 0.37657
-0.17156 0.18999 0.49106
0.09621 0.17157 -0.30544
-0.05382 0.11584 -0.15618
-0.19737 0.22330 -0.42139
-0.15056 0.09142 0.37761
0.00150 -0.01112 -0.30544
0.00023 0.11584 -0.26277
-0.17840 0.18999 0.01530
0.06819 0.22330 -0.31430
-0.27212 -0.13071 -0.30544
-0.39208 0.02486 -0.36095
0.03612 -0.14469 0.75907
0.03303 -0.15622 -0.30544
0.32202 -0.28253 -0.30544
0.22338 0.11584 0.46212
-0.34329 -0.13088 0.71859
0.33363 0.18999 -0.57712
-0.24660 -0.24355 0.75907
-0.27361 0.18999 0.26658
0.10725 0.02285 0.71859
0.20717 0.07817 -0.30544
-0.05249 -0.19184 0.71859
-0.39208 0.13908 -0.60736
-0.01440 0.11584 0.67268
-0.02177 0.01877 0.75907
-0.25465 0.18999 -0.22006
-0.26440 -0.02278 -0.30544
-0.39640 0.22164 -0.11903
-0.32656 0.11584 0.10319
-0.34637 0.22330 0.71212
-0.12067 -0.20844 -0.78411
0.22591 -0.37354 0.75907
0.09854 0.09142 -0.26501
-0.04577 0.18999 0.29194
0.39032 0.00405 -0.71788
0.16762 0.18999 -0.55973
0.18613 -0.22842 -0.30544
0.39032 0.14801 -0.74213
0.29048 0.18999 -0.72707
0.01067 0.18999 -0.34302
0.09401 -0.23538 0.75907
0.39032 -0.16147 -0.72175
0.39032 -0.02463 -0.60067
-0.01463 0.22330 0.04861
0.08296 -0.31128 0.75907
-0.29337 0.22330 0.49219
0.39032 -0.46319 -0.71933
-0.34892 0.22330 0.04046
0.16751 0.22330 -0.75098
0.17420 0.22330 -0.00727
-0.30436 0.18999 -0.59123
-0.18712 0.00193 0.71859
-0.02060 0.18999 -0.47550
0.00187 -0.08527 0.71859
-0.08951 -0.38500 -0.30544
0.31375 0.18999 -0.29589
0.03978 0.11584 0.63337
0.15139 0.17925 -0.30544
-0.05877 -0.50938 -0.62556
-0.09450 0.11584 0.54886
0.03632 0.22330 0.54827
0.33927 0.01454 0.75907
0.28190 0.22330 0.08755
0.39032 0.15654 0.72671
-0.18029 0.11584 -0.17741
-0.09956 0.22330 -0.41625
0.32345 -0.31165 0.75907
0.35498 0.18728 0.71902
-0.01851 0.11584 -0.09761
0.36877 0.17487 -0.78411
0.30010 0.22330 -0.17548
0.38066 0.09142 0.60578
0.34135 0.18999 0.14797
0.08542 0.22330 0.50543
-0.01387 0.22330 0.41312
0.21474 0.11584 0.59926
0.01654 0.18675 0.71902
-0.38600 -0.07309 -0.45907
0.27647 0.09142 -0.06280
0.27253 -0.50938 -0.35939
0.17733 -0.11094 0.71859
-0.18959 0.09142 0.68120
-0.17204 0.18999 0.29502
0.33653 0.18999 0.03303
0.35566 0.09142 -0.11428
0.29937 0.00701 -0.78411
-0.07111 -0.01187 -0.30544
-0.20061 0.09142 -0.03277
0.23058 -0.37577 -0.78411
-0.33996 0.09142 -0.15199
0.14635 0.09142 0.21425
-0.17769 -0.50938 -0.44883
0.04542 -0.00974 0.71859
-0.12726 -0.29371 0.75907
-0.05725 -0.06669 0.75907
-0.21913 0.22330 0.06822
-0.39208 -0.48891 -0.64288
0.10937 0.18999 0.04312
-0.38343 -0.42199 -0.61946
0.39032 -0.19613 -0.34246
0.39032 0.05271 -0.57401
0.05196 0.09142 -0.03288
-0.11173 0.04782 -0.30544
-0.19285 -0.33538 0.71859
0.03527 -0.22817 -0.78411
-0.30308 0.16862 0.71902
0.38123 0.09142 0.31882
0.34822 -0.50938 -0.49667
-0.12191 -0.11810 0.75907
-0.35505 0.09142 0.41601
0.19526 -0.28481 0.75907
-0.39208 0.04764 -0.74203
-0.39640 0.19534 0.44659
0.30010 0.22330 -0.78890
-0.06229 0.22330 -0.59623
-0.16305 0.22330 -0.26941
0.24712 0.16804 -0.78411
-0.18450 -0.50938 -0.74098
-0.21419 0.22330 -0.62675
-0.29383 0.09142 0.01019
-0.34379 0.09142 -0.25811
0.27402 -0.10298 -0.78411
0.28959 -0.10608 0.75907
0.16329 -0.17188 0.75907
-0.37911 -0.00127 0.75536
-0.39158 -0.43431 -0.36384
-0.32650 0.11584 0.60159
-0.28337 0.09142 0.44469
0.32106 0.11584 -0.08401
-0.25128 0.18999 -0.45203
0.06413 -0.49201 0.71859
0.35046 0.11584 0.01865
-0.30939 0.11584 -0.05013
-0.10950 -0.50938 -0.64382
0.04836 0.22330 0.72634
0.36390 -0.34249 -0.78411
-0.04142 -0.49181 -0.30544
-0.35158 0.22330 -0.31888
-0.06228 0.22330 -0.33497
0.31048 0.11584 -0.27244
0.11132 0.09142 -0.08320
-0.34626 0.09142 0.69253
0.07077 0.09142 0.07532
-0.03111 -0.16603 -0.30544
-0.23262 0.09142 0.07587
-0.23684 0.18999 -0.33560
0.05417 0.20016 0.77636
0.11766 0.09828 -0.78411
0.26419 0.18999 0.66063
0.04114 -0.47146 -0.78411
0.02992 0.18999 -0.57410
0.39032 -0.03255 -0.47369
-0.01902 0.22330 0.16009
0.39615 0.22330 -0.70824
0.21197 0.09142 -0.11175
0.12020 0.07300 -0.30544
-0.33900 -0.50938 -0.64603
-0.22041 0.11584 0.46028
-0.11055 0.22330 0.08549
-0.37233 -0.32311 -0.30544
0.39032 -0.18185 0.72353
0.32826 0.11584 0.38735
0.39032 -0.13135 -0.31533
-0.34643 0.18999 -0.64250
-0.12716 0.14805 0.71902
0.25574 0.22330 -0.31576
-0.24709 0.21396 -0.80140
-0.21831 -0.23282 0.71859
-0.01336 0.11584 0.01332
0.04711 0.11584 0.16660
0.33210 0.11584 0.08154
-0.02693 0.09142 -0.19888
-0.24438 0.16692 0.71902
0.39032 0.18932 -0.34256
0.07045 0.18999 0.44507
0.20865 0.18999 -0.12662
-0.25392 0.22330 -0.11017
0.39032 0.10987 0.21654
0.29552 0.18999 -0.44094
-0.02300 -0.04996 -0.78411
0.35057 0.01895 -0.30544
0.39338 0.18999 -0.62164
-0.33911 0.20658 -0.80140
0.08100 0.09142 0.42347
-0.05113 0.18999 0.68988
0.40329 0.19164 0.27033
-0.30990 0.18999 0.45416
-0.38666 -0.17165 -0.32002
0.07294 0.18999 -0.74819
-0.39208 0.09601 -0.35725
0.26528 0.18999 0.00025
-0.22870 0.18999 -0.65950
0.23691 0.18999 -0.71146
-0.31006 -0.27450 -0.78411
-0.39208 -0.20345 -0.74398
0.24839 0.22330 -0.48747
-0.10591 0.22330 0.58423
-0.39208 0.10949 -0.49411
-0.24208 0.15412 0.75907
0.15910 0.18999 0.76270
0.13202 0.11584 0.58889
-0.11502 0.09142 0.25900
0.27768 0.09142 0.65131
0.23816 0.02592 -0.78411
-0.32505 0.22330 -0.22970
0.24547 0.11584 0.06371
-0.10653 0.11584 0.10820
-0.07669 0.09142 -0.19329
-0.32554 0.11584 0.51225
-0.37911 0.11073 -0.06510
0.39248 0.18999 -0.44276
0.32507 0.09142 0.23950
-0.11295 0.09142 0.66352
0.27726 0.18999 -0.63595
-0.23624 -0.36088 -0.78411
0.26734 -0.28902 0.75907
0.32831 0.11584 -0.17940
-0.19051 0.22330 0.34409
-0.03255 0.09142 0.19265
-0.21549 0.09142 0.60985
0.26692 -0.15709 0.71859
-0.03154 0.09142 0.60055
0.31594 0.17200 0.75907
-0.26530 0.11404 0.71902
-0.37602 -0.44814 -0.30544
-0.18210 -0.18146 -0.78411
0.20101 0.22330 0.32665
-0.07380 0.09142 0.14476
-0.01764 -0.31054 -0.30544
-0.14606 -0.17026 0.75907
-0.39215 0.18999 0.11329
-0.17486 0.22330 0.66450
0.00941 -0.50938 0.75168
-0.38343 -0.26419 -0.39361
-0.39208 -0.28865 -0.47676
0.16550 0.09142 -0.01568
-0.08169 0.14344 -0.30544
0.19111 0.22330 -0.08226
0.16822 -0.13548 -0.30544
-0.02227 0.09906 0.71859
0.38796 0.11584 -0.22787
0.16344 -0.50938 -0.74462
-0.24731 -0.08450 -0.30544
0.17014 0.20467 -0.80140
-0.14444 0.18999 0.10907
-0.38483 0.22330 -0.54711
0.05137 -0.50938 -0.40379
0.35554 0.22330 -0.03475
-0.26309 0.11584 -0.23640
-0.39640 0.20767 0.32171
-0.38369 -0.50356 -0.51804
-0.39640 0.19928 0.17837
-0.18602 0.18999 0.22628
-0.20357 0.09174 0.75907
0.17534 0.09142 0.62926
-0.16917 -0.06326 -0.78411
0.14898 0.22330 -0.20784
0.09626 -0.18903 0.71859
0.39032 -0.22168 -0.73525
0.04959 -0.35737 0.75907
0.19243 -0.22226 -0.78411
-0.02964 -0.30312 0.75907
-0.25492 -0.39329 0.71859
0.07501 0.01494 -0.30544
-0.01054 0.18999 0.20024
-0.14204 -0.38856 0.71859
0.15318 0.18999 0.53538
-0.30717 0.18999 -0.65140
-0.09180 0.09142 0.21342
0.29412 0.09142 -0.14761
0.16147 0.09142 0.14871
0.31936 -0.44851 0.71859
-0.35508 0.18999 -0.41418
0.29115 0.09065 -0.78411
0.16873 0.05273 0.71859
-0.17752 0.17448 -0.78411
0.16702 0.05145 -0.78411
0.28251 0.11584 0.21346
-0.25130 -0.32107 0.71859
-0.01098 0.09142 0.08119
0.18986 0.22330 0.48505
-0.28306 0.18999 -0.13471
-0.13642 0.22330 -0.47338
-0.01132 0.22330 -0.29618
0.22680 -0.30521 0.71859
-0.16491 0.18999 -0.71881
-0.15930 0.11584 -0.27748
0.32583 0.18999 -0.02364
0.07234 0.11584 -0.22133
0.40329 0.22144 0.70933
-0.21236 0.22330 0.46766
0.37425 0.14132 -0.30544
-0.21864 0.10243 -0.78411
-0.37046 -0.18186 -0.41022
0.26936 -0.32926 -0.30544
-0.14284 -0.26303 -0.30544
0.39032 -0.37496 -0.47235
0.29500 0.09142 0.01760
-0.32868 -0.08611 0.71859
0.08784 -0.33494 -0.30544
0.39032 -0.49084 -0.33550
-0.19643 0.22330 -0.32442
0.35826 0.22330 0.52526
0.35336 -0.36534 0.71859
0.02604 0.13928 0.71902
-0.16418 -0.33317 -0.30544
-0.24023 0.22330 -0.70487
0.11146 -0.00553 -0.78411
0.26419 0.18999 0.77507
-0.39208 -0.26610 -0.60069
-0.23344 0.09142 -0.09041
-0.06223 -0.26414 -0.30544
-0.39208 -0.04926 -0.61438
0.39032 -0.41248 -0.58006
-0.26950 -0.18691 -0.30544
-0.33684 0.11584 0.65827
0.29505 0.09963 -0.30544
0.28300 -0.50938 -0.76527
-0.36366 0.15654 0.71902
-0.39208 -0.11227 -0.73072
0.09380 0.22330 0.24624
-0.17867 -0.02075 0.75907
-0.12507 0.18999 0.53084
-0.02814 -0.50938 -0.55372
-0.25137 0.09142 0.65937
-0.10795 0.14992 0.75907
-0.00246 0.11584 0.37708
0.09577 0.22330 -0.26844
0.39032 -0.32458 -0.59069
0.09965 -0.41772 -0.30544
0.34823 0.18999 0.30769
-0.38645 -0.42530 -0.72659
-0.13290 0.09142 0.58605
-0.19577 0.03474 0.75907
0.12092 0.19256 -0.80140
0.21242 0.21875 -0.80140
-0.13383 0.09142 -0.12500
-0.33273 -0.43088 0.71859
0.39570 0.22330 -0.47438
-0.01646 0.18999 0.37141
0.21358 0.09142 0.26689
-0.13444 0.11584 0.02345
-0.21566 -0.14589 0.71859
-0.39554 0.22330 -0.40244
-0.12337 -0.23338 0.75907
-0.39208 -0.34676 -0.67451
-0.13718 -0.50938 -0.53306
-0.12665 0.22330 -0.23236
0.12087 -0.07895 0.71859
-0.28258 -0.29140 -0.30544
-0.20190 -0.46963 -0.78411
-0.10273 0.18999 -0.45866
0.39032 -0.22902 -0.60321
0.01775 0.09142 0.26314
-0.37911 0.11078 0.20549
0.31129 -0.24461 0.71859
0.19569 0.22330 -0.51837
0.29043 -0.14296 -0.30544
0.18242 0.09142 0.48680
-0.09991 0.10008 0.71859
0.33179 0.06932 0.75907
0.39032 -0.16619 -0.58682
0.13077 0.09142 -0.22921
0.30652 -0.43652 -0.30544
-0.23360 0.18999 -0.05862
-0.03555 0.18999 -0.69968
-0.05208 0.18999 -0.42658
0.39032 -0.07870 -0.76566
-0.08465 0.22330 0.19094
-0.12029 -0.50938 -0.31014
0.17338 0.09142 0.09392
0.00393 0.11584 -0.16986
-0.16224 0.22330 -0.78921
0.34708 0.18999 -0.21758
0.25951 0.09142 -0.19513
0.29043 0.11584 0.44469
-0.05467 0.09142 0.55879
-0.33842 0.22330 0.24093
-0.37911 -0.47203 0.75598
0.20100 0.18999 0.17778
-0.04830 0.22330 -0.25037
-0.32604 0.09142 0.26311
-0.24837 0.11584 0.15121
-0.39640 0.21268 -0.62827
0.24733 0.11584 0.26597
-0.29706 0.09142 0.12867
-0.39208 -0.31395 -0.53743
0.24760 0.22330 0.03795
-0.14795 0.11584 0.18918
-0.29547 -0.04361 -0.78411
-0.23950 -0.04911 0.75907
0.06644 0.18999 -0.69834
0.23283 -0.50938 -0.45208
0.03510 -0.50938 -0.52104
0.27272 0.11584 0.14070
-0.05265 0.05982 -0.78411
-0.05692 0.22330 0.01643
0.07201 0.07904 0.75907
-0.37911 -0.50794 -0.75963
0.19524 -0.35446 -0.30544
-0.25260 0.11584 0.34476
-0.19965 0.09142 0.13182
-0.27253 -0.10149 -0.78411
-0.20642 0.11584 0.64632
-0.15671 0.22330 -0.63844
0.29197 0.11584 0.29414
-0.32082 -0.50938 -0.53508
-0.27967 0.09142 0.63799
0.02434 0.11584 0.53230
-0.34642 -0.19798 -0.30544
-0.04303 -0.17621 -0.78411
-0.38507 0.17350 -0.74401
0.12027 0.11584 0.27277
-0.24189 0.07403 -0.30544
0.07641 0.09142 0.67343
-0.02142 0.18999 -0.14154
0.17541 -0.50938 -0.43673
-0.30716 -0.08634 -0.30544
0.39032 -0.07592 -0.64556
0.39032 -0.10861 -0.54580
0.38023 0.11584 -0.02456
0.15535 -0.37380 0.71859
0.15653 0.18999 -0.04420
-0.11185 0.22330 -0.56878
0.33785 0.22330 -0.36792
-0.08099 0.09142 0.42888
-0.27650 0.09142 -0.03683
-0.13247 0.09142 0.47776
0.24987 0.18999 0.38979
0.08578 0.18999 0.20499
-0.22879 0.09142 0.02162
-0.23123 0.22330 0.00672
-0.32085 -0.50938 -0.42639
0.36382 -0.29697 0.71859
-0.26662 0.11584 0.21378
-0.39640 0.22221 0.71155
0.20547 0.11584 -0.27338
0.36118 0.11584 0.49380
-0.12889 0.18999 0.40598
0.39032 -0.11574 -0.67964
0.11719 0.11584 0.05513
0.05311 0.22330 0.64188
0.09743 -0.24220 -0.78411
-0.32228 -0.30842 0.71859
-0.07109 -0.50938 -0.38425
0.39259 0.22330 0.14097
-0.15391 0.09142 -0.25909
0.37806 -0.25650 -0.30544
0.05221 0.09142 0.34976
0.13618 0.09142 0.45541
0.25341 -0.02954 0.71859
-0.00041 0.09855 -0.30544
0.38234 0.22330 0.43680
0.38856 0.03547 -0.78411
0.19005 -0.50938 0.72103
0.22002 -0.16850 -0.30544
0.30523 -0.06162 -0.78411
-0.33540 -0.37935 -0.30544
-0.06671 -0.49716 0.75907
-0.04744 0.11584 0.22609
0.28772 0.09142 0.33234
-0.21749 -0.50938 -0.41590
0.25130 0.09142 0.60316
-0.14939 -0.50938 -0.61104
0.29854 0.11584 0.71550
-0.39208 -0.32115 -0.74334
0.23689 0.22330 -0.26330
-0.11077 0.10953 -0.78411
-0.11981 -0.13522 -0.78411
0.13177 0.11584 0.32776
0.35311 0.09142 0.12691
0.10633 0.09142 0.56368
-0.03693 -0.27951 -0.78411
-0.13765 0.01042 0.71859
0.27505 0.22330 -0.69612
-0.24556 0.18999 -0.55336
0.08938 -0.50938 -0.73120
0.38613 -0.18031 -0.78411
0.24848 -0.32001 -0.78411
-0.04638 0.22330 0.73396
-0.37215 -0.10487 -0.60995
-0.29559 0.09142 -0.14632
0.20080 0.09142 0.18114
-0.06625 0.18999 -0.78438
-0.32721 0.10743 0.71902
-0.23739 -0.50901 0.75907
-0.17883 0.11584 -0.07895
0.08382 -0.50938 -0.35806
-0.13424 0.22330 -0.37435
0.34901 -0.40061 -0.30544
0.29630 0.09142 -0.24362
0.02394 0.18999 0.42504
0.06690 0.22330 -0.14689
-0.30027 0.09142 0.51966
0.38625 0.11012 0.71859
0.39032 -0.48380 -0.52741
-0.04083 -0.37289 0.71859
0.29183 -0.24201 -0.30544
-0.14669 -0.12907 -0.30544
-0.35624 0.18999 0.38195
-0.00356 -0.19998 0.71859
-0.29537 0.11584 0.41694
0.37591 0.22330 0.23622
-0.05463 0.11584 0.28841
-0.23183 0.22330 0.24596
-0.31016 0.22330 0.15988
-0.39541 0.22330 -0.28498
0.16241 0.09142 0.58424
0.28488 -0.02137 0.75907
-0.03635 0.18999 -0.37347
0.23089 0.11903 0.75907
0.04469 -0.50938 -0.69267
-0.21521 -0.45039 0.75907
0.04437 0.11584 0.46109
0.03919 0.09142 -0.14736
-0.33466 -0.21121 0.75907
0.09250 0.11584 -0.11745
-0.39208 0.06398 -0.60114
0.33721 -0.16242 0.75907
-0.19999 0.11584 0.05863
-0.08444 0.09142 0.51756
-0.24914 0.11584 -0.12006
-0.36257 0.09142 0.11585
0.33807 -0.03500 -0.30544
-0.10155 0.18999 0.48349
0.26225 -0.25465 0.71859
0.20066 0.16233 -0.78411
-0.39057 -0.06410 -0.51162
-0.19319 0.09142 0.20461
0.39032 -0.28279 -0.72772
0.02621 0.22330 0.19515
0.39032 0.07798 -0.53103
0.36370 -0.20631 0.75907
0.04754 0.18999 -0.03532
-0.19757 -0.25145 0.75907
0.36458 0.18999 -0.73566
-0.19168 0.15016 0.71902
0.07286 0.11584 -0.01152
0.04340 0.18999 0.10150
0.36132 -0.03774 0.75907
-0.10340 -0.04569 0.71859
-0.05790 0.18999 0.40240
-0.04276 0.09142 0.32137
0.26233 0.11584 0.68585
0.39032 -0.15631 -0.39377
0.19817 -0.30509 -0.30544
0.05406 0.09142 0.50079
-0.02507 0.09142 -0.13302
-0.28797 0.11584 0.48086
0.12879 -0.36226 -0.78411
0.03748 -0.00294 -0.78411
-0.30467 0.22330 0.67356
0.39032 0.07065 -0.67507
-0.37911 -0.08680 -0.78012
0.18073 -0.50938 -0.69872
0.00765 -0.42587 -0.30544
-0.18409 0.11584 0.35532
-0.00616 0.22330 -0.67851
0.32426 0.09142 0.56492
0.39032 -0.21031 -0.68137
-0.31985 0.10783 -0.78411
0.35063 -0.38958 -0.78411
0.03457 0.11584 0.20773
-0.00247 0.18999 0.28553
-0.15318 -0.49628 0.75907
0.21924 -0.24229 0.75907
-0.29158 -0.46110 0.71859
-0.15113 0.11584 0.09930
-0.17942 -0.50938 -0.38549
-0.32575 0.22330 -0.04879
0.04278 0.18999 0.30583
-0.36698 0.18999 0.53883
-0.24010 -0.26022 -0.30544
-0.00642 0.09142 0.13865
-0.22355 0.09142 -0.20450
-0.15577 0.08087 0.75907
0.36261 0.22330 0.61873
-0.05709 0.10162 -0.30544
0.19160 0.18999 -0.72878
-0.25122 0.22330 0.11796
0.39032 0.11270 -0.42422
-0.03933 -0.44336 -0.30544
-0.06135 -0.01462 -0.78411
-0.11855 -0.50938 -0.40616
0.15067 0.22330 -0.33117
-0.18003 -0.19111 0.71859
-0.10766 0.09142 0.30075
-0.17850 0.11584 -0.14377
0.18240 0.18999 -0.42005
-0.35247 0.22330 -0.13893
-0.34439 0.22330 -0.46386
-0.28870 0.11584 0.57714
-0.35484 -0.06563 -0.30544
0.29411 0.22330 0.54058
0.14205 -0.23503 0.75907
0.12180 -0.30001 -0.78411
-0.04473 0.18241 -0.30544
-0.01802 0.22330 0.52773
-0.27803 -0.50938 -0.37160
0.08931 -0.26458 -0.30544
0.39032 0.11371 0.55778
0.14372 0.09142 0.02690
-0.17864 -0.50938 -0.69348
-0.20749 -0.27945 0.71859
-0.07719 -0.30829 0.75907
0.32903 0.22330 0.73458
0.22130 0.18999 0.49449
0.10679 -0.30245 0.71859
0.14644 -0.01839 0.75907
-0.25024 0.18999 0.04775
0.21235 0.18999 0.57400
-0.07611 -0.12047 -0.30544
0.24209 -0.50938 -0.40425
0.10826 0.17235 0.75907
-0.28119 0.22330 0.43609
0.19499 -0.43517 -0.30544
-0.26796 -0.50938 -0.73397
-0.18796 0.11584 0.00199
0.29634 0.22330 0.41743
0.24698 0.18999 0.10385
-0.37911 0.11041 0.68826
-0.13355 0.18999 0.76610
0.02613 0.18999 -0.64862
-0.38343 -0.15414 -0.37402
0.06496 0.11584 -0.26387
-0.05822 0.09142 0.69988
-0.11828 0.22330 0.14426
0.33756 0.22330 -0.27210
0.21151 0.22330 0.24566
0.01812 0.22330 -0.15142
-0.10380 0.09142 -0.00383
-0.27473 0.22330 -0.67426
-0.36670 -0.41670 -0.78411
0.19324 -0.43102 0.71859
0.08923 0.18999 0.62463
0.16279 0.22330 0.40215
-0.37813 0.09142 0.45865
0.29134 -0.35524 0.75907
0.36377 -0.47275 -0.78411
-0.33097 -0.31672 -0.78411
0.02625 0.18999 0.66158
0.08067 -0.42699 0.75907
-0.26618 0.18999 0.36111
-0.18542 0.13206 -0.30544
0.01563 0.09142 -0.01803
0.16390 0.11584 -0.09955
0.28975 -0.50938 -0.40313
0.04877 0.22330 -0.75723
0.10249 -0.39199 0.71859
0.10744 -0.10228 0.75907
-0.39640 0.20854 0.00622
-0.20445 0.22330 0.17576
-0.26897 -0.50938 -0.64857
-0.04543 0.11584 -0.05929
-0.39640 0.21022 -0.50374
0.24575 0.18999 -0.18153
0.35556 0.18999 0.10245
-0.17775 -0.08406 0.75907
0.18854 0.09142 -0.17297
-0.22180 0.11584 0.57910
-0.22345 -0.50938 -0.52018
-0.37911 -0.50634 -0.42996
-0.04304 0.18999 -0.63792
-0.04280 -0.21271 0.75907
0.26312 0.22330 -0.08478
-0.09358 0.18999 -0.07972
0.15201 -0.50938 -0.55664
0.30971 0.13767 -0.30544
-0.33291 -0.36146 0.75907
0.36464 0.18999 -0.38608
-0.06912 0.17210 0.75907
-0.01703 -0.04288 0.71859
0.14696 0.18999 0.26163
0.23660 0.22330 0.73383
0.34513 -0.28264 -0.78411
-0.04590 0.02089 0.71859
-0.30585 0.22330 -0.41265
-0.08688 0.18999 0.31318
-0.39208 0.06344 -0.69823
-0.34322 0.11584 -0.19538
0.39032 0.03733 -0.37928
0.17810 0.11584 0.28649
0.34680 -0.50938 -0.61761
-0.14286 0.22330 0.62348
0.36328 0.18999 0.19319
0.05069 -0.08992 0.75907
0.05038 0.18999 -0.52849
-0.37046 -0.16581 -0.68546
0.05202 -0.41221 -0.78411
0.13056 0.11584 0.14393
0.18098 0.11584 -0.13561
0.15354 0.03089 0.75907
-0.04583 0.15454 0.71902
0.39032 -0.42852 -0.63245
0.18823 0.22330 -0.58347
-0.02490 0.18999 0.48409
0.20961 0.22330 -0.32613
-0.27404 0.11584 -0.29116
0.06846 -0.33397 0.71859
0.39032 -0.44126 -0.32480
0.32524 0.22330 -0.53745
-0.18084 0.22330 -0.47115
0.38176 0.18999 0.04168
-0.36429 0.18999 -0.28365
-0.06192 -0.32473 0.71859
-0.16083 0.11584 -0.21860
0.02241 0.09142 -0.06734
0.04507 -0.16552 0.71859
-0.31424 0.18999 -0.48843
0.31680 0.11584 0.13087
0.29973 0.18999 0.17624
0.39032 0.04943 -0.72003
0.21960 0.18999 -0.59556
0.36435 -0.44224 0.71859
-0.17618 -0.22648 -0.78411
0.32391 0.22330 -0.75023
-0.38758 0.10804 -0.77458
0.20556 0.09142 0.69091
-0.11975 0.22330 0.72490
0.20710 -0.00246 0.75907
-0.09556 -0.46221 0.75907
0.40329 0.20898 -0.66586
-0.26549 0.18999 -0.28204
0.12224 0.11584 0.68099
0.01452 0.22330 -0.47187
0.23802 -0.50938 -0.77017
-0.37911 0.10325 0.02655
0.10923 0.18999 -0.21315
-0.30651 -0.50575 -0.30544
0.36082 0.18999 0.36011
0.23627 0.09142 -0.08417
0.02434 0.11584 0.06061
0.23239 0.18999 0.62861
0.36269 0.22330 -0.51226
0.19368 -0.09040 -0.78411
-0.23440 -0.09208 0.71859
0.34260 -0.03650 -0.78411
0.19896 -0.50938 -0.59263
0.13309 -0.16362 -0.30544
0.30070 0.18999 0.06383
-0.10049 0.18999 0.61395
-0.21764 0.22330 -0.58193
0.01905 0.18999 -0.75217
0.39032 -0.40097 0.73222
-0.14229 0.22330 0.48431
0.39032 0.01115 -0.55718
0.12844 -0.22142 0.71859
0.34472 0.18999 0.40676
-0.13270 0.11584 0.64113
0.13881 -0.27043 0.71859
-0.20724 0.18999 -0.70426
0.22560 0.09142 0.37117
-0.39208 -0.31813 -0.35669
-0.35763 0.18999 0.59963
-0.05985 -0.00624 0.75907
0.32047 0.14684 0.71902
-0.30409 0.18110 0.75907
0.15946 -0.50938 -0.48541
-0.12668 -0.05002 -0.78411
-0.09365 0.22330 0.23452
-0.34216 -0.17535 0.71859
-0.05734 0.22330 -0.06822
0.07914 -0.45718 -0.30544
0.39032 -0.15275 -0.43807
0.18118 0.22330 0.74325
0.10783 0.00358 0.75907
0.16161 0.10464 -0.78411
0.15778 -0.05220 0.71859
-0.37785 -0.26344 0.71859
0.03691 0.18999 -0.24780
0.29512 -0.02379 -0.30544
-0.00873 -0.50938 -0.45766
0.05815 -0.50938 -0.60814
0.36015 0.09142 0.20433
0.26090 0.11584 0.52307
-0.38838 0.01565 -0.77253
0.36679 0.22330 -0.64411
-0.21096 0.18999 0.43110
0.33122 0.11584 -0.23429
0.35730 -0.50938 -0.36904
0.26003 0.09142 -0.28741
-0.32422 -0.44662 0.75907
0.16496 0.18595 0.71902
0.15742 0.22330 0.33424
-0.29102 0.11584 0.28361
0.13181 0.22330 0.51568
0.13500 0.18999 -0.60291
0.27059 -0.48916 -0.30544
-0.25769 0.22330 -0.42373
-0.11892 0.22330 -0.18783
0.26075 0.18999 -0.38479
0.38828 0.11584 -0.11841
-0.00311 -0.42136 -0.78411
-0.19250 0.09142 0.51188
0.39032 -0.20379 -0.39167
-0.39208 -0.47764 -0.47003
-0.19469 -0.36495 -0.30544
0.39032 -0.35432 -0.68449
-0.39208 0.05687 -0.54267
-0.13511 0.18999 -0.10656
-0.08902 0.22330 -0.02103
0.07113 -0.50773 0.75907
0.17898 0.10482 0.71902
-0.14805 -0.05613 -0.30544
0.23127 0.03663 -0.30544
-0.28278 -0.50938 -0.46030
-0.05976 -0.50938 -0.50476
-0.19579 0.11584 0.40749
-0.03897 0.11584 0.04210
-0.37911 0.10213 0.60655
0.11602 0.09142 0.24684
0.18320 0.22330 0.15572
0.31703 0.18999 -0.25229
0.30464 0.17654 -0.78411
-0.36089 -0.37210 0.71859
-0.10335 0.22330 -0.12684
0.01355 0.18999 0.06968
-0.10855 0.18999 0.35265
-0.37345 -0.10487 -0.50585
0.27108 0.11584 0.61628
-0.10218 0.15230 -0.78411
0.01248 -0.29642 -0.78411
-0.08030 -0.27499 -0.78411
0.18899 -0.48567 -0.30544
-0.37314 -0.32750 -0.78411
0.30831 0.11584 -0.12561
0.01122 0.09142 0.70314
0.04862 0.11584 0.38669
-0.28810 0.03086 -0.78411
-0.24336 -0.43654 0.71859
-0.07692 0.09142 0.38953
0.15972 -0.50938 -0.62406
-0.04110 0.18999 0.14013
0.20270 0.09142 -0.03754
-0.33041 -0.10133 0.75907
-0.13314 0.11802 -0.30544
0.09804 0.18999 -0.04620
-0.31664 0.18999 0.23106
-0.37978 -0.40066 -0.42727
0.31271 -0.47944 -0.30544
0.03874 0.22330 0.39141
0.19026 -0.34936 0.75907
0.05923 0.22330 -0.43307
-0.11834 0.18999 0.18405
0.23331 -0.42890 0.75907
-0.33541 0.15090 -0.78411
0.18844 0.22330 -0.22902
-0.09558 0.18999 -0.15616
-0.37046 -0.38908 -0.50512
0.10668 0.22330 0.69038
-0.34962 0.09142 -0.04655
0.34569 0.09142 0.29499
-0.14330 0.22330 -0.03530
-0.19527 0.17078 -0.30544
0.13300 0.22330 -0.72627
0.05560 0.11584 -0.16657
-0.39208 -0.36077 -0.53011
0.39032 -0.47838 -0.48431
-0.23994 0.09142 0.37628
-0.18431 0.09142 0.26761
0.35032 0.11584 -0.26762
0.39032 -0.34040 -0.34364
0.20074 -0.20390 0.75907
0.20920 -0.01636 -0.30544
-0.22958 0.01774 -0.30544
0.26962 0.09142 -0.01657
0.06171 0.09142 0.19381
0.33123 0.22330 -0.60348
0.20327 -0.10402 0.75907
-0.03808 -0.50938 -0.34682
-0.01829 0.18999 -0.05314
0.39032 0.09936 -0.37069
-0.05637 -0.36338 -0.78411
0.25332 0.12609 -0.78411
0.05971 0.03871 0.71859
-0.38729 -0.00654 -0.39267
-0.37664 -0.34369 -0.41404
-0.09622 0.11584 0.28071
-0.32426 0.18999 0.49397
-0.00800 0.09142 0.64572
0.24117 0.09142 0.67313
0.00083 0.18999 -0.43912
-0.32824 0.09142 -0.01583
0.13897 -0.00499 0.71859
-0.08756 -0.50938 -0.70458
-0.21455 0.18999 0.58962
0.21408 0.11584 0.49997
-0.05690 -0.12958 -0.78411
-0.05007 0.18999 0.33362
0.35387 0.18999 0.76156
0.19555 0.15115 -0.30544
0.39032 -0.23507 -0.53713
0.33072 -0.12824 -0.78411
-0.37911 0.00966 -0.48272
-0.32507 0.18999 0.04971
-0.13147 -0.07691 0.71859
0.31083 0.07443 0.71859
-0.03936 0.18999 -0.22646
-0.20243 0.10964 0.71902
0.13348 0.22330 0.73144
-0.22668 0.18999 0.09251
-0.21111 0.18999 0.71125
0.21347 -0.14753 0.71859
-0.26389 0.22330 -0.57092
-0.03587 0.09142 -0.27080
0.35930 0.18999 0.49993
-0.11733 0.18999 -0.39213
0.22160 0.09142 0.54451
-0.10513 0.11584 -0.14319
-0.13475 -0.50938 -0.71095
-0.11566 0.11584 -0.22981
-0.29008 0.18999 -0.79536
0.02778 0.22330 0.33641
-0.38343 -0.08327 -0.38370
0.11143 -0.50938 -0.56633
0.30355 0.18999 0.26978
-0.08477 -0.22965 -0.78411
-0.13558 0.18999 0.44858
0.34766 -0.35724 0.75907
0.14868 -0.43825 0.75907
0.18909 0.18999 -0.26400
0.37801 -0.50938 -0.72752
-0.19762 -0.46533 0.71859
0.14618 0.18999 0.61291
0.10099 0.18999 -0.63779
0.16816 0.18999 -0.11694
0.39032 -0.50742 -0.41210
0.30942 -0.00757 0.71859
0.23534 -0.37265 0.71859
-0.30104 0.03806 0.75907
-0.39208 -0.03006 -0.67661
0.29188 -0.11487 0.71859
-0.29754 0.22330 -0.71654
-0.07344 0.22330 0.67926
-0.04770 0.22330 0.57074
-0.04183 0.09142 0.11846
0.04608 -0.42701 0.71859
-0.39640 0.19602 -0.33102
0.14643 -0.48795 0.75907
-0.18976 0.18999 -0.62376
-0.21607 -0.05496 0.71859
0.25468 0.09142 -0.15353
-0.19335 0.22330 0.10416
-0.37768 0.18999 -0.70698
-0.20247 0.18999 -0.20596
-0.01483 -0.50938 -0.66441
0.12257 0.18999 0.30753
-0.18289 0.18647 0.75907
0.11423 0.10722 0.75907
-0.07810 -0.50938 -0.76055
0.03715 0.22330 -0.37063
0.25078 -0.11941 0.75907
0.12640 0.11584 0.53597
-0.13493 0.09142 0.21942
0.17999 0.18999 -0.33277
-0.22112 0.18999 -0.41896
-0.38027 -0.22414 -0.40165
-0.27088 0.11584 0.53210
-0.07759 -0.07955 -0.30544
0.35392 -0.22257 -0.30544
-0.20766 0.20296 -0.80140
-0.16611 0.22330 0.38187
-0.32765 0.09142 -0.07743
0.28788 0.22330 0.65876
0.12873 -0.22204 -0.30544
-0.11410 0.22330 0.66648
0.32236 0.22330 -0.64501
-0.36922 0.22330 0.62608
-0.05220 0.13046 0.75907
-0.08198 0.11584 -0.06166
-0.39208 -0.46058 -0.60921
0.03851 -0.11581 -0.30544
-0.28201 0.18999 0.31109
0.17232 0.11584 0.39539
0.04535 0.09142 0.59855
0.24451 0.11584 0.30646
0.19194 0.18999 0.52290
0.00062 0.05351 0.75907
0.00103 0.22330 0.01110
-0.30738 0.22330 0.58774
-0.28588 -0.04876 0.75907
-0.25492 0.18999 0.59621
0.34912 0.11584 0.21780
0.32270 0.22330 0.07139
-0.17228 0.22330 -0.38851
0.04861 0.09164 0.71859
0.05591 -0.35874 -0.78411
-0.15514 0.04066 -0.30544
0.35741 0.22330 0.28658
0.25334 -0.04351 -0.30544
0.01782 0.09142 0.01988
0.05182 0.09142 -0.10292
-0.33291 0.01302 0.75907
-0.36216 0.22330 0.74937
0.05283 0.22330 -0.57293
-0.38509 -0.01263 -0.73009
-0.37911 0.10228 0.33304
-0.14603 0.22330 -0.69162
-0.37911 0.00099 -0.32400
0.39032 -0.02699 -0.42831
-0.29524 0.22330 -0.46622
-0.11177 0.22330 -0.75496
0.35128 -0.25865 0.71859
0.14035 0.18999 0.39875
0.13618 0.22330 -0.29348
-0.20936 -0.33088 -0.78411
0.21035 -0.50618 0.75907
0.31183 0.22330 -0.10098
0.39032 -0.23440 -0.46326
-0.37497 0.18999 -0.13901
-0.37911 -0.21887 -0.31581
0.12425 0.18999 0.64652
-0.36987 0.18999 0.69774
0.28562 0.18999 -0.04794
0.11306 0.18999 -0.74733
0.11771 0.09142 -0.15554
-0.04496 0.09142 0.48176
0.30865 0.09142 0.37186
-0.27441 -0.09653 0.71859
0.23488 0.18999 0.27432
0.25310 -0.50938 -0.60951
0.09215 0.09142 0.27942
0.35214 0.22330 -0.07458
0.11215 0.22330 0.14371
0.05810 0.18999 -0.40909
-0.19212 0.18999 -0.16605
-0.10854 0.09142 0.17719
0.04979 0.22330 0.27825
-0.15742 -0.31715 0.71859
-0.37911 0.17688 -0.62386
0.34889 0.09142 -0.00675
-0.37061 0.18999 -0.06203
-0.17771 0.18999 0.18123
0.18915 -0.27820 0.71859
-0.36404 0.18999 -0.56704
0.27255 0.09142 0.18368
-0.22925 -0.49344 0.71859
0.15479 -0.10224 0.75907
0.03750 0.02810 -0.30544
-0.30544 0.09142 -0.18465
-0.04096 0.06593 0.71859
0.29108 0.22330 -0.29759
0.15935 -0.19342 -0.30544
-0.22918 0.18999 0.27477
0.23428 0.22330 0.34830
0.00215 0.22330 -0.77283
0.13570 0.11584 0.19050
-0.26031 -0.23721 -0.78411
-0.11388 0.22330 -0.07310
-0.13670 0.22330 -0.53350
0.37285 0.18999 -0.57228
-0.37911 -0.03567 0.73591
0.23629 0.22330 0.17695
-0.19867 0.18999 0.06262
0.26306 -0.38685 0.75907
0.05157 0.22330 -0.22479
0.11113 0.22330 0.07607
-0.24961 0.18999 -0.09465
0.01471 -0.37457 0.71859
0.09531 0.11584 0.39385
-0.39640 0.20052 0.21770
-0.22588 -0.50938 -0.72298
-0.35874 0.09142 0.23648
0.22984 0.22330 -0.63892
0.25081 0.18999 -0.66501
0.35541 0.11584 0.53839
0.13166 0.02812 -0.78411
0.35873 0.09142 0.34969
0.15941 -0.19175 0.71859
-0.39208 0.15453 -0.37694
0.30410 -0.41246 0.71859
0.16169 0.18999 0.45123
-0.33603 -0.14813 0.75907
-0.00150 0.18999 -0.60921
-0.18611 0.22330 -0.00369
0.08614 0.18999 -0.47176
0.15776 0.18999 0.15999
-0.31286 0.18999 0.26999
-0.02750 0.22330 0.28284
0.03671 0.22330 0.12076
-0.39198 0.02022 -0.55616
-0.33929 -0.50938 -0.77928
0.38919 0.06031 -0.30544
0.39032 -0.12255 0.72254
-0.20744 -0.41992 -0.30544
-0.00191 0.18999 0.03282
-0.12035 0.18999 -0.49958
-0.16865 0.22330 -0.23084
0.04248 -0.50621 -0.30544
0.40086 0.18999 -0.49392
0.15737 -0.01886 -0.30544
0.24285 0.22330 -0.55618
0.05775 0.10856 -0.30544
0.26254 -0.48214 -0.78411
0.39032 0.01531 0.73716
-0.32601 0.09142 0.35794
0.28551 0.18999 0.50579
-0.10396 -0.15798 0.75907
-0.36166 0.18999 0.02513
-0.09229 -0.50938 0.72783
-0.11626 0.22330 -0.66113
-0.36183 -0.50938 -0.55070
-0.15686 -0.02570 -0.78411
-0.26446 0.22330 -0.20286
0.24881 0.11584 0.43316
-0.14093 0.09142 0.28947
0.33508 -0.14533 -0.30544
-0.20228 0.04405 -0.78411
-0.23420 0.11584 -0.05183
0.00244 0.11584 0.28672
-0.37911 0.11358 0.72898
0.25285 0.06288 -0.78411
-0.08690 0.18999 -0.56120
-0.09782 0.11584 0.63506
0.33437 0.09142 0.69216
-0.37911 0.01472 0.72022
0.00241 0.09142 0.43925
-0.01373 -0.47886 0.71859
-0.04697 0.22330 0.65223
-0.23212 -0.31966 -0.30544
-0.37152 0.18999 0.41762
0.28194 -0.50876 0.71859
0.22971 0.11584 -0.19397
-0.37046 -0.38776 -0.63152
0.08531 0.18999 0.40156
0.39032 0.04782 -0.50708
0.09059 -0.07244 -0.78411
0.02168 0.22330 0.51265
0.36301 0.09508 0.75907
-0.25425 0.18999 0.77216
0.24658 -0.47697 0.75907
0.06664 0.18999 0.50967
-0.22758 0.22330 0.64955
-0.14222 -0.42699 0.71859
-0.04564 0.22330 -0.40164
-0.05428 -0.50938 -0.58186
-0.12423 0.11584 0.50240
-0.36592 0.22330 -0.08804
0.27351 0.22330 0.19212
-0.06664 0.18999 0.64450
0.10980 0.22330 -0.53455
0.08881 0.22330 0.34514
-0.39502 -0.25303 -0.35880
0.09830 -0.18666 0.75907
0.39032 -0.27263 -0.46045
0.08897 0.22330 0.44901
0.24833 0.06849 0.75907
0.29259 0.22330 -0.22017
-0.12874 0.18999 -0.63826
-0.35035 0.11584 0.53897
-0.31776 0.09142 0.39787
-0.08120 0.18999 -0.63980
0.34926 -0.50805 -0.78411
-0.34248 0.11584 0.15398
-0.38263 -0.01263 -0.53880
0.09840 0.22330 -0.42861
0.00496 0.09142 0.56408
0.31037 0.18999 -0.07868
0.08672 0.22330 0.59887
0.08123 0.22330 -0.70932
0.16116 -0.49638 -0.78411
0.31536 -0.36709 0.71859
0.30324 0.18999 0.55649
0.10085 0.11584 -0.29405
0.18852 0.11584 0.08578
0.06951 -0.02337 -0.78411
0.39032 -0.30013 -0.63960
-0.14488 0.18999 -0.26799
-0.34237 0.22330 0.40199
-0.17753 -0.50938 -0.58559
-0.28616 -0.31745 -0.78411
-0.18246 -0.10071 0.71859
0.23376 0.18999 0.75174
-0.07506 0.22330 0.05023
-0.09675 0.22330 -0.36866
-0.01702 0.18999 -0.78140
-0.05931 0.11584 -0.22435
-0.07197 -0.39451 0.71859
-0.36920 -0.36555 -0.78411
-0.38343 -0.42258 -0.57362
0.22582 0.18999 -0.43158
-0.39231 0.22330 0.07321
-0.35140 0.22330 0.57261
-0.13406 0.09142 0.34354
-0.30844 0.18999 0.17779
0.30067 0.11584 -0.04696
0.14920 0.22330 0.67741
-0.01807 -0.12830 0.75907
-0.08776 -0.17833 0.71859
-0.33517 0.18999 -0.14300
0.34002 0.09142 -0.14865
-0.25740 0.09142 0.58999
0.14885 -0.50938 -0.40457
0.39032 -0.37033 -0.50979
0.14023 0.18999 -0.34539
0.32518 0.09142 0.49695
0.30664 0.18999 0.70760
0.08935 0.18999 0.01119
-0.31459 0.11584 -0.13712
0.28599 0.22330 -0.48500
-0.14962 0.22330 -0.57663
0.32756 0.11584 0.28183
-0.06695 0.22330 0.27170
-0.38477 -0.07551 -0.66474
0.05736 0.22330 0.42411
0.40329 0.19963 0.22426
0.15198 -0.31374 0.75907
-0.03392 -0.22606 0.71859
0.28866 0.22330 -0.33509
0.39032 -0.15855 -0.34228
-0.30026 -0.44449 -0.30544
-0.31032 -0.14592 -0.30544
-0.09160 0.22330 0.34911
0.39032 -0.23849 -0.78367
-0.20224 0.18999 -0.03801
-0.02909 0.22330 -0.71568
-0.13561 -0.50938 -0.48750
-0.22372 0.18999 -0.73914
0.25407 0.18999 -0.26493
-0.04822 -0.04159 -0.30544
-0.06711 0.11584 0.50517
-0.33933 0.22330 0.65928
0.15269 -0.27880 -0.78411
-0.11772 0.22330 0.76393
-0.22594 0.18999 -0.29579
-0.20294 0.22330 0.39876
-0.16844 0.09142 0.59784
-0.09816 -0.21814 0.71859
-0.26462 0.06613 0.71859
0.09658 0.22330 0.03188
0.39032 -0.06198 -0.60276
0.33057 0.22330 0.39738
-0.18751 0.18999 -0.39857
0.38772 -0.19156 -0.30544
-0.36255 -0.45338 0.71859
0.33728 0.22330 -0.17890
0.09757 0.18999 0.11289
0.36427 0.09142 0.40187
-0.25562 -0.23291 0.71859
0.20550 -0.50938 -0.75188
-0.16661 -0.13914 0.75907
0.29932 0.09142 0.15358
0.24678 0.22330 -0.19822
-0.02797 0.11584 0.42057
0.39032 0.13655 -0.77755
0.39032 0.02889 -0.60260
0.12662 0.18999 -0.46866
-0.24845 0.09142 0.46121
0.01529 0.01609 0.75907
0.26200 0.11584 0.01035
-0.27091 0.18999 -0.32082
0.28290 0.11584 0.40640
0.08768 -0.27195 0.75907
-0.38960 -0.49604 -0.37380
-0.38809 -0.24066 -0.71964
0.11751 0.22330 -0.49524
-0.21156 -0.50938 -0.31891
0.20198 0.22330 0.07694
0.37810 -0.07073 0.75907
-0.04531 0.09142 0.27112
-0.37712 0.11584 0.39737
-0.26082 0.11584 0.25026
0.29047 0.22330 -0.02702
0.07423 0.09142 0.32120
0.10331 0.09142 0.00555
-0.39640 0.19235 0.48338
-0.12264 0.22330 0.19922
0.01352 0.22330 0.28456
-0.38605 -0.10910 -0.46649
-0.34968 0.09142 0.05128
0.15047 0.12906 0.71902
0.09228 0.09142 -0.20246
0.10019 0.18999 -0.55762
0.13672 0.22330 -0.78894
-0.22770 -0.02382 -0.30544
0.35344 0.22330 0.11772
0.33930 0.09142 0.05905
0.10725 0.22330 -0.31751
-0.17742 0.18999 0.33125
0.38372 0.09142 0.64227
0.35093 0.18999 0.60902
0.01489 -0.09753 0.75907
-0.23323 0.09142 0.28600
0.18225 0.11584 -0.03775
0.05602 0.17740 0.71902
0.35967 -0.50003 -0.30544
-0.39640 0.19613 -0.78159
0.04924 0.22330 -0.48332
-0.03859 0.22330 0.47782
-0.37911 -0.21050 0.73905
0.18015 0.18999 -0.59612
0.05097 0.18999 0.54508
0.17917 0.22330 0.36955
-0.39208 -0.04949 -0.74512
0.22542 0.09142 0.15589
-0.30672 0.18999 0.55156
-0.09188 -0.05535 0.75907
0.00285 -0.31961 0.75907
0.19154 0.22330 0.19117
-0.17718 -0.25098 -0.30544
-0.39577 0.22330 0.13944
-0.02165 -0.45263 -0.78411
-0.20902 0.18999 -0.25891
0.00540 -0.05959 -0.30544
-0.29115 0.18999 0.69218
-0.15779 -0.20461 0.75907
-0.37412 -0.50938 -0.66682
0.06153 0.18216 -0.30544
0.39032 -0.08343 -0.35326
-0.39640 0.19286 0.63415
-0.31089 -0.00725 0.71859
-0.39208 -0.45749 -0.51766
0.29941 0.12208 0.75907
-0.33797 0.04512 -0.78411
-0.09111 -0.42218 -0.30544
-0.38343 -0.09048 -0.53747
-0.39208 0.11978 -0.53536
0.24489 -0.12990 -0.78411
0.03468 0.11584 0.24178
-0.15535 -0.45432 0.75907
0.11874 -0.41814 0.75907
-0.30597 0.22330 0.25802
0.39718 0.18999 0.17800
0.15757 0.09142 0.33387
0.16228 0.09142 0.25914
-0.35589 0.18999 0.23561
-0.37911 -0.00235 -0.65260
-0.00360 0.18999 -0.30997
0.14256 -0.05453 -0.78411
0.10229 0.18999 0.25689
0.26161 0.22330 0.44758
0.21948 -0.13255 -0.30544
0.26421 0.18999 -0.75159
-0.20938 0.09142 0.43006
0.38610 0.18999 0.54069
-0.21255 0.18999 0.02641
0.30985 -0.50938 -0.69086
0.03995 0.09142 0.12795
0.27825 -0.30000 -0.78411
-0.39208 0.03506 -0.40868
0.23457 0.22330 0.61550
-0.17712 0.18999 0.12371
-0.05251 -0.19473 -0.30544
0.40269 0.18999 0.72991
-0.07655 0.09142 -0.15749
0.37163 0.22330 0.58346
0.39032 -0.26597 -0.59939
-0.21803 0.01989 0.71859
0.28070 0.11584 -0.09286
-0.25753 -0.47953 0.75907
-0.16690 0.18999 0.25969
-0.30776 0.18999 -0.74720
0.40329 0.19768 -0.04930
-0.05475 0.11584 0.58885
-0.03713 0.11584 0.37033
