-0.37799 -0.27757 0.02506
0.23314 -0.00074 0.01986
0.28458 0.58083 0.01986
-0.42027 0.65444 -0.15325
0.42474 -0.89747 0.11896
-0.17049 -0.86814 -0.00657
0.40956 -0.64874 0.10839
0.01877 0.79977 0.10839
-0.26703 0.21977 0.01986
0.22405 -0.48829 0.01986
-0.20184 0.39844 0.01986
-0.41891 -0.69459 -0.15587
0.42347 0.27332 -0.15587
-0.17805 -0.72649 -0.00531
0.20951 0.59754 0.01986
0.42536 -0.25997 -0.15226
0.40531 0.83263 -0.15219
0.16762 -0.81935 -0.00657
-0.05822 -0.28126 0.01986
0.42528 -0.71133 -0.14530
0.41907 -0.23251 0.10839
-0.36992 0.82591 0.11896
0.41989 0.25902 0.10839
-0.17336 0.83263 -0.14872
-0.42027 0.33842 -0.15557
-0.33843 0.02046 0.12109
-0.41243 -0.60533 0.10839
0.23054 0.27373 0.01986
-0.41690 -0.02203 -0.14530
-0.41554 -0.89490 0.11896
-0.20539 -0.00461 0.01986
0.34038 0.82802 0.10839
-0.24515 -0.58292 0.01986
-0.41430 0.54586 0.11896
0.42484 0.54455 -0.14530
-0.27159 -0.44170 0.01986
-0.16287 0.67476 0.04629
0.11462 0.78771 -0.13494
0.08026 0.38977 0.01986
0.38308 0.00376 -0.12354
-0.40160 -0.44778 -0.14530
0.02760 0.14790 0.01986
0.02114 -0.61781 0.01986
0.24456 -0.27021 0.01986
0.34289 0.24350 0.01986
0.38043 -0.46745 -0.09343
0.42536 0.52559 0.11366
-0.05830 0.59130 0.01986
-0.33274 0.74387 0.04629
-0.42027 0.26440 0.11208
-0.37534 0.46410 -0.04947
0.42536 -0.00871 0.11735
0.34803 -0.89561 0.00463
0.33800 0.68964 -0.00657
0.02042 -0.05097 0.01986
0.05091 -0.26098 0.01986
0.42536 -0.44401 0.11470
-0.40986 -0.76729 0.10839
-0.37799 0.05289 -0.06163
0.34926 -0.72435 0.01986
-0.39242 -0.22899 -0.15587
-0.13464 -0.48033 0.01986
-0.37799 -0.87774 -0.07227
-0.19352 -0.23967 0.01986
-0.01899 -0.88142 0.04629
-0.19895 0.30938 0.01986
-0.34921 -0.18725 0.13783
-0.17858 0.78771 0.09655
-0.37534 -0.89446 -0.13369
0.42210 -0.89158 -0.14530
-0.34807 -0.10965 0.01986
0.38308 0.41783 -0.03549
0.36109 -0.13528 -0.00657
0.42521 0.71926 0.10839
0.17321 0.78771 0.03448
-0.32786 0.59474 -0.00657
-0.42027 -0.41822 0.11220
-0.07405 0.79035 -0.04665
0.02040 -0.42260 0.01986
0.34032 0.13387 -0.00657
-0.33079 -0.25360 0.12857
-0.02657 -0.78385 0.04629
-0.34462 0.79953 -0.15587
-0.31625 -0.68847 -0.00657
-0.33665 -0.12470 -0.08158
0.05741 0.70781 -0.00657
0.18951 -0.69436 0.01986
0.34402 0.44791 -0.00657
-0.30716 -0.86305 0.04629
-0.37534 -0.57462 -0.04768
0.38043 -0.10297 -0.15541
-0.37534 0.28493 -0.03249
-0.42027 0.52539 -0.15030
-0.11596 0.15214 0.01986
0.36143 -0.54985 0.04629
0.42536 -0.70480 0.11087
0.17787 0.82596 0.10839
-0.41772 0.14860 0.10839
0.22684 0.11498 0.01986
0.32914 -0.39170 -0.00657
0.42536 0.11527 -0.15255
0.28095 0.78771 -0.06695
-0.41745 0.66434 0.11896
0.16120 0.43672 0.01986
-0.37534 0.38865 0.09376
-0.33298 0.41895 0.04629
-0.41083 0.17938 -0.15587
-0.10828 -0.67553 0.01986
0.38043 0.69449 -0.12373
-0.37534 -0.71596 -0.03580
-0.03786 0.83173 -0.15587
0.26488 -0.61471 0.01986
-0.08268 0.73640 0.04629
-0.35101 0.11356 0.01986
0.27550 -0.80956 -0.00657
0.11509 -0.12414 0.01986
0.38043 -0.61666 -0.06753
-0.03503 0.31005 0.01986
0.07747 0.55096 0.01986
-0.37534 0.69038 -0.08258
0.38043 -0.04530 0.02240
-0.10705 -0.12005 0.01986
-0.25172 0.79035 -0.04884
0.42186 0.40066 -0.15587
0.38043 -0.29284 -0.03940
-0.21519 0.54580 0.01986
0.26726 0.74949 0.04629
0.17240 0.75796 0.04629
0.38308 0.40067 0.09360
0.38043 0.23448 -0.07499
-0.06701 0.45318 0.01986
0.38043 0.58653 -0.03999
-0.31060 -0.71243 0.04629
-0.30928 0.29506 0.00745
0.14916 -0.38084 0.01986
-0.41385 -0.07010 0.10839
-0.37799 -0.41825 -0.04558
-0.25579 -0.81345 0.04629
0.38043 -0.80269 -0.07013
0.08683 -0.76449 0.01986
0.11554 0.78771 -0.03573
0.37200 0.79035 0.02377
0.42536 -0.56662 -0.15344
-0.35086 -0.50391 0.04629
0.10128 0.65822 0.01537
0.24728 -0.13765 0.01986
0.35242 0.05606 0.04629
-0.42027 -0.20660 0.11479
-0.41531 -0.56145 -0.15587
-0.37534 0.41926 -0.07070
-0.19082 -0.37175 0.01986
0.10586 0.17121 0.01986
0.10440 -0.89022 0.04629
-0.32601 0.03021 -0.00657
0.14600 -0.57473 0.01986
0.38043 -0.35683 -0.12558
-0.26799 0.65822 -0.00176
-0.37534 0.19142 -0.03918
0.10346 0.04782 0.01986
0.38308 -0.34207 0.06734
-0.37534 0.78202 0.00213
-0.23668 0.73428 -0.00657
-0.33728 -0.18436 -0.00657
0.38043 0.14569 0.09847
0.34867 -0.21165 0.04629
0.24780 0.70141 -0.00657
-0.13889 -0.86278 0.04629
0.37769 -0.45487 0.01986
-0.32144 -0.35869 -0.00657
-0.41607 0.09087 -0.14530
0.34373 0.32368 0.01986
0.38043 0.62462 0.07106
0.22519 0.81051 -0.15587
-0.42027 0.46015 -0.15002
-0.37799 0.52905 0.06617
-0.33285 -0.25989 -0.09773
-0.12421 -0.58839 0.01986
-0.37799 0.65361 0.06353
-0.04326 0.03072 0.01986
-0.37799 -0.80511 0.02136
0.21412 -0.89561 0.03386
0.26956 0.48055 0.01986
-0.37799 0.55866 -0.09142
0.38308 -0.81450 0.05030
-0.37799 -0.33738 -0.13856
0.38043 0.53635 0.02195
-0.17125 0.74644 -0.00657
-0.33488 0.01444 -0.09965
0.38308 -0.19558 -0.09161
0.04975 0.78771 -0.03886
0.14128 -0.23078 0.01986
-0.22670 -0.14003 0.01986
0.38308 -0.12207 0.10016
-0.04717 0.68494 0.04629
0.33085 -0.48291 0.04629
-0.36275 -0.04110 -0.00657
0.38043 -0.55155 0.08199
0.02947 0.50593 0.01986
0.11246 0.28556 0.01986
0.38308 0.78712 -0.08198
-0.26927 0.79035 0.09235
0.01713 -0.72649 -0.00048
-0.41560 0.75825 -0.15587
-0.26563 -0.77368 -0.00657
-0.37799 0.04070 0.06536
-0.37534 -0.78405 -0.15513
-0.22208 0.10007 0.01986
-0.37534 0.21127 0.05807
0.07260 -0.50580 0.01986
0.38308 -0.80939 -0.11728
-0.37270 -0.63863 0.03092
0.38308 -0.65441 0.04503
-0.37534 -0.38716 0.05377
-0.33621 -0.53359 0.01986
0.31437 -0.06853 0.03894
-0.30928 -0.28938 -0.00440
-0.42027 -0.12882 -0.15057
-0.37534 -0.21229 -0.05868
-0.41564 -0.66902 0.11896
0.18516 -0.77578 0.04629
0.38308 0.09779 -0.06719
0.00937 -0.17764 0.01986
-0.42027 -0.30478 0.11017
0.41807 -0.44138 -0.15587
0.38043 0.57131 -0.10638
0.33742 -0.84271 0.04629
0.35256 0.10995 0.04629
0.38043 0.44312 0.05972
-0.06103 -0.85829 -0.00657
0.38043 0.33941 -0.10197
-0.30928 0.49049 0.00140
0.38043 0.50657 -0.07292
-0.37684 -0.90090 0.02813
0.31437 0.16595 0.00266
0.35940 0.70634 0.04629
-0.37799 -0.51495 0.10324
-0.10947 0.72522 -0.00657
0.32236 0.71605 0.04629
-0.37534 0.37119 -0.00513
-0.37534 0.25391 -0.14857
0.09222 0.78771 0.05898
0.14506 0.70418 -0.00657
-0.16237 0.79035 -0.08377
0.38043 -0.28328 0.06869
-0.03927 0.22457 0.01986
0.27989 0.35359 0.01986
0.38308 -0.70937 -0.07939
-0.37534 -0.64415 -0.09672
-0.37534 -0.78409 -0.06932
-0.37534 -0.25220 0.07237
0.31437 -0.31796 0.03678
0.07284 -0.05028 0.01986
-0.33065 -0.09765 0.13310
-0.16069 -0.77148 0.04629
-0.08214 0.79035 0.10435
0.04975 -0.82982 -0.00657
0.03172 0.68343 0.04629
-0.08175 -0.74781 0.04629
0.40654 0.08204 0.11896
0.41231 -0.80103 0.10839
0.31724 0.80354 -0.15587
-0.37534 -0.32396 -0.05599
0.38308 0.31100 0.07896
0.02218 0.78771 -0.12379
-0.37799 0.31523 0.06978
0.21269 0.74589 0.04629
0.38308 -0.89549 -0.08962
-0.35061 -0.76090 0.01986
-0.10809 0.36824 0.01986
-0.11566 -0.79249 -0.00657
-0.03796 0.79035 0.02751
0.38308 -0.39182 -0.04268
-0.26060 -0.88757 -0.00657
-0.31090 -0.62607 -0.00657
0.23379 -0.75697 0.04629
0.38043 -0.08328 -0.05821
-0.10926 -0.03094 0.01986
-0.25973 0.78771 -0.13987
-0.27882 -0.04438 0.01986
0.38308 -0.66807 -0.00518
0.33869 0.39918 0.04629
0.31437 -0.54978 -0.00026
0.17490 0.79035 -0.09807
-0.40582 0.61215 -0.14530
-0.09993 -0.20856 0.01986
-0.37799 -0.14941 0.08218
0.22551 0.66604 0.04629
-0.15497 0.21742 0.01986
0.30597 -0.77353 -0.00657
0.38308 0.01758 -0.01140
0.21903 -0.83923 -0.00657
-0.36470 0.70334 -0.00657
0.26211 0.81770 0.10839
0.12421 0.83263 0.11124
-0.40200 0.46288 0.11896
-0.13686 0.58259 0.01986
0.38043 0.01584 -0.04274
0.31747 -0.00523 0.04629
0.32623 -0.78915 0.04629
-0.35564 -0.05536 0.04629
0.17029 0.34024 0.01986
-0.37534 -0.51102 -0.10819
-0.33025 0.79035 -0.06802
-0.21954 0.69254 0.04629
-0.37534 0.73709 0.10841
0.41742 0.81585 0.10839
-0.37799 -0.08828 -0.12259
-0.27783 0.16601 0.01986
0.42536 -0.11847 0.11762
0.42241 0.71714 -0.14530
-0.40601 0.01834 0.11896
-0.37799 0.33634 -0.09775
0.38308 0.19420 -0.00353
0.38308 -0.56675 -0.03802
-0.33638 0.69331 0.01986
0.14023 -0.46161 0.01986
-0.39121 -0.60615 -0.15587
0.32247 -0.25582 -0.00657
-0.01977 -0.53966 0.01986
-0.15178 -0.28505 0.01986
0.42368 0.19037 -0.15587
-0.36939 -0.64031 -0.02903
-0.10383 -0.37743 0.01986
0.42536 -0.30102 0.11044
-0.26419 -0.21205 0.01986
-0.31292 -0.79113 -0.00657
0.13303 -0.03217 0.01986
0.25923 0.41601 0.01986
0.16373 -0.89561 -0.00057
0.21074 0.78104 -0.02903
0.38308 -0.62626 -0.14435
-0.09097 0.65822 0.00104
-0.19900 -0.46309 0.01986
0.03543 0.65822 -0.00634
0.33875 0.59722 -0.00657
0.28381 -0.39413 0.01986
-0.10552 0.78771 -0.14066
-0.37799 0.77101 -0.09469
0.32827 -0.16540 0.04629
0.38308 0.15600 -0.09784
0.06645 0.75203 0.01986
0.27579 -0.69837 0.01986
-0.37799 0.62906 -0.03196
-0.37799 -0.14000 -0.03994
-0.37799 0.76587 0.07790
0.00106 0.71873 0.04629
-0.02403 0.78771 -0.11314
0.10848 0.49073 0.01986
0.38308 0.72214 -0.03570
-0.08954 -0.89561 0.02364
-0.33515 0.54480 0.04629
0.40362 0.63072 -0.15587
0.42536 0.04719 -0.15085
-0.30928 -0.30350 0.04506
-0.23863 -0.72009 0.01986
-0.02694 0.38008 0.01986
-0.37799 0.47884 -0.12583
-0.37799 0.12236 -0.10088
-0.37799 -0.71308 0.07909
0.23415 -0.76836 -0.00657
0.29087 0.79035 0.00489
0.41472 -0.16786 -0.15587
-0.12052 0.78771 0.02918
-0.28826 0.37141 0.01986
0.35058 -0.63635 0.04629
0.34377 0.49865 0.04629
-0.36590 -0.57340 0.01986
-0.11867 0.82790 0.11896
-0.37799 0.09869 -0.03004
0.38659 0.47591 -0.14530
0.12473 -0.82146 0.04629
0.38308 -0.20763 -0.01400
-0.37799 0.11958 0.08038
0.13044 -0.73673 -0.00657
-0.21136 0.77741 0.04629
-0.37534 0.52342 -0.00655
0.41809 -0.48832 -0.15587
0.31437 0.05630 -0.00092
-0.35232 -0.43940 0.01986
-0.37534 0.44039 0.00645
0.38043 -0.50403 0.00275
-0.33817 -0.65038 0.04629
0.29284 0.67971 0.04629
-0.33865 -0.47721 -0.00657
0.10737 -0.31659 0.01986
0.38043 0.64338 -0.07936
-0.29725 0.75535 -0.00657
0.27290 -0.89561 -0.00097
0.01450 -0.88113 -0.00657
-0.38008 0.04211 -0.15587
-0.37534 -0.82570 0.06628
0.08452 0.83263 -0.15070
-0.32562 -0.06387 0.04629
-0.33285 0.07688 -0.00714
-0.09741 0.30080 0.01986
-0.37534 -0.13545 -0.06768
-0.22942 -0.68447 0.01986
0.42536 -0.52358 0.11772
0.36013 -0.81899 -0.00657
-0.37799 -0.06654 -0.04481
-0.02228 0.76944 -0.00657
0.13643 0.57642 0.01986
-0.37534 0.62832 0.10397
0.38308 0.26894 -0.02144
-0.33956 0.18179 -0.00657
-0.15971 0.05692 0.01986
0.41952 0.34478 0.11896
0.35113 -0.08069 -0.00657
-0.37799 -0.35555 -0.04269
0.31340 0.75178 -0.00657
-0.24779 0.45921 0.01986
0.30586 0.79035 0.07535
0.38308 -0.29306 -0.11190
0.38308 -0.54573 -0.10966
-0.33381 -0.22925 0.04629
-0.37534 -0.32310 0.11176
0.41923 -0.03939 -0.15587
-0.21409 -0.85572 0.01986
-0.03959 -0.68977 0.01986
0.38308 0.25730 -0.13011
0.38043 0.40050 -0.11225
0.34038 0.21332 0.04629
0.38308 0.35553 -0.01460
0.38161 0.33176 -0.15587
-0.31213 0.63205 0.04629
0.38043 0.09086 -0.00494
0.05352 0.21628 0.01986
-0.41602 -0.38055 -0.15587
0.34577 -0.32768 -0.00657
-0.37799 -0.45090 0.08199
-0.33216 -0.30353 -0.05030
0.10226 0.71081 0.04629
-0.42027 -0.13812 0.11426
-0.28727 0.70075 0.01986
0.39752 -0.38810 0.10839
-0.36716 -0.20262 0.01986
0.06799 -0.86401 0.04629
-0.35121 0.06764 0.05313
-0.10014 0.51738 0.01986
-0.08412 -0.82938 0.04629
0.02826 0.77822 0.04629
-0.33628 -0.36322 0.04629
-0.31005 0.83048 0.11896
-0.40971 -0.83348 -0.14530
0.38308 -0.76280 0.01087
0.28357 -0.55130 0.01986
0.38308 0.47163 -0.00285
-0.33256 0.18184 0.04629
0.12665 0.76103 0.04629
0.26582 -0.20222 0.01986
-0.37534 -0.48954 -0.03801
0.05196 -0.68465 0.01986
0.36515 0.67560 0.01986
0.20841 0.78771 0.07993
-0.28022 -0.37169 0.01986
-0.37534 -0.32553 0.02171
-0.37799 -0.57711 0.05989
0.38308 -0.16608 0.03573
0.18311 -0.63863 0.01986
0.38308 -0.74832 -0.12972
-0.41664 0.34918 0.10839
0.15181 -0.74600 0.04629
-0.36080 0.01632 -0.00657
-0.00508 -0.82209 0.01986
0.38043 0.00184 0.06731
-0.34690 -0.05677 -0.08245
0.11253 -0.63271 0.01986
0.38043 -0.75214 0.07781
0.31437 0.52953 0.00048
-0.22185 -0.07361 0.01986
-0.37799 0.24613 0.01388
-0.37799 0.00476 -0.06871
0.38308 0.55712 0.09434
0.17757 0.50378 0.01986
-0.31364 -0.59662 0.04629
0.36566 -0.89561 0.04400
0.18762 -0.16200 0.01986
0.00867 0.59453 0.01986
0.40798 -0.59198 0.11896
0.41754 0.18885 0.11896
-0.37534 0.70921 -0.15258
-0.38282 0.20087 0.11896
-0.19939 0.62894 0.01986
0.38697 0.77221 -0.15587
0.17019 0.65853 0.01986
-0.38811 0.39801 -0.15587
0.31802 0.63195 0.04629
0.38308 -0.45625 -0.05588
-0.37799 -0.40926 -0.11167
0.03163 -0.77398 0.04629
-0.37799 0.58316 0.02953
0.27118 -0.84720 0.04629
0.38308 0.69389 0.08400
0.38043 -0.19980 0.08758
0.31437 -0.42154 0.04295
-0.28437 -0.11863 0.01986
0.38308 0.27940 0.02791
0.38043 -0.70696 0.07874
0.17439 0.03162 0.01986
-0.19244 0.77714 -0.02760
-0.33679 0.07319 -0.08552
0.38043 -0.13411 -0.11733
-0.42027 -0.28554 -0.14579
0.41438 0.45050 0.10839
-0.20009 0.68587 -0.00657
0.15890 0.13091 0.01986
-0.37799 0.23248 -0.07576
-0.37534 0.42476 0.08557
-0.39471 0.08306 0.11896
0.08682 -0.39011 0.01986
0.40612 -0.31443 -0.15587
-0.37534 -0.47038 -0.09916
0.33687 -0.02256 -0.00657
0.18597 -0.32662 0.01986
0.04501 0.09269 0.01986
-0.27548 0.78506 0.03087
0.33763 -0.26066 0.04629
0.31437 -0.64038 0.04278
-0.14755 -0.17185 0.01986
-0.04413 -0.75745 -0.00657
0.38043 -0.05256 0.10663
-0.23898 -0.88754 0.04629
0.38308 0.78405 0.08673
-0.31332 -0.52116 0.04629
0.38043 -0.85483 0.10924
-0.33230 0.26390 0.04629
0.38308 -0.47924 0.05837
-0.30436 -0.77497 0.04629
-0.37534 -0.16460 -0.13862
-0.28716 0.09778 0.01986
0.37779 0.17909 0.04077
0.02234 0.42224 0.01986
0.27906 -0.73356 0.04629
0.31810 -0.68814 0.04629
0.35078 -0.58942 0.04629
0.02525 0.28869 0.01986
-0.02232 0.12168 0.01986
-0.37534 -0.20488 -0.12263
-0.03427 0.83263 0.11353
0.38308 0.13592 -0.01841
-0.20903 0.83251 0.11896
-0.04822 -0.09352 0.01986
-0.20956 -0.77728 0.01986
-0.09944 0.83263 -0.14558
-0.37799 0.47543 0.03345
-0.18738 -0.61105 0.01986
0.38043 -0.17713 -0.04616
0.04928 0.00764 0.01986
-0.30928 -0.15469 0.02802
0.37624 0.59760 0.01986
-0.37534 0.56676 -0.14881
-0.03845 0.71839 0.01986
0.19408 -0.84310 0.04629
0.38043 -0.32974 -0.06782
-0.31454 -0.41247 -0.00657
0.05272 -0.54686 0.01986
-0.33292 0.23957 -0.00657
0.26134 0.78771 -0.11755
0.33856 0.57336 0.04629
0.38308 -0.67023 -0.11880
-0.33274 0.07551 0.11377
0.38308 -0.89268 -0.04048
-0.27770 0.53880 0.01986
-0.17854 0.15839 0.01986
0.21409 -0.42625 0.01986
0.03769 -0.89561 0.04318
-0.37534 -0.70176 0.02075
-0.42027 -0.48385 0.11758
-0.37799 -0.83963 -0.09748
-0.32431 -0.02197 -0.00657
-0.12239 -0.86759 -0.00657
0.36527 -0.26822 0.01986
0.33243 0.36995 -0.00657
-0.35548 0.36051 0.04629
-0.37534 0.70176 0.05767
-0.33109 -0.03975 0.12784
-0.33075 0.78771 0.04406
-0.37799 -0.09070 0.07926
0.31437 0.28492 0.00528
-0.21822 0.79035 -0.11206
0.38043 -0.49305 0.10872
0.42536 -0.19110 0.11774
0.34715 -0.37008 0.04629
0.06823 0.80301 0.11896
0.38308 -0.21032 -0.14528
0.34881 0.19125 -0.00657
-0.03766 -0.40201 0.01986
0.38308 0.05670 0.08852
0.34816 0.79035 -0.00862
0.33898 -0.61255 -0.00657
-0.37799 -0.73404 -0.12749
-0.10424 0.79035 -0.08406
-0.31932 -0.86784 -0.00657
0.21456 0.17448 0.01986
0.08967 -0.87112 -0.00657
-0.36477 -0.84227 -0.01945
-0.37534 0.63384 -0.10977
0.38308 -0.62987 0.06780
0.38308 -0.01924 -0.09075
-0.37534 -0.01570 -0.13168
0.38308 0.48781 0.10232
0.14542 0.78771 0.10149
-0.17860 0.49771 0.01986
0.35908 -0.43376 -0.00657
-0.00116 0.78771 -0.06898
0.38043 -0.42015 -0.11163
-0.33646 -0.18296 -0.08166
0.23335 -0.07933 0.01986
-0.24831 0.61481 0.01986
-0.32790 0.41055 -0.00657
-0.41946 0.40857 0.10839
0.38965 0.75716 0.10839
0.38308 -0.39624 0.02370
-0.22518 -0.32311 0.01986
0.17212 0.78771 -0.13349
-0.37799 -0.27799 -0.02342
-0.16023 0.44081 0.01986
0.32539 -0.52595 0.04629
-0.02357 0.53185 0.01986
0.38043 0.74396 -0.10363
-0.15046 -0.81488 0.01986
0.02629 0.35502 0.01986
-0.26701 -0.75969 0.04629
-0.34933 -0.29148 0.08763
-0.37534 0.20154 -0.12169
0.38043 0.05524 -0.10728
0.05753 -0.14410 0.01986
-0.12186 0.65822 0.03629
-0.32677 -0.07657 -0.00657
-0.33549 -0.24484 -0.00657
-0.32046 -0.56817 -0.00657
0.38308 0.66202 -0.02892
0.14596 -0.77904 0.01986
0.28662 -0.45896 0.01986
-0.37534 0.30010 -0.13283
-0.37534 -0.57167 -0.09051
-0.31228 -0.73937 -0.00657
0.01906 -0.48827 0.01986
-0.36885 0.57626 -0.02903
-0.34591 -0.64424 -0.00657
0.29383 0.65822 -0.00498
0.38043 -0.74051 -0.03699
-0.01075 -0.72649 0.04198
-0.16143 -0.10065 0.01986
0.19901 -0.23161 0.01986
-0.37929 -0.83994 0.11896
0.38308 0.36338 -0.06463
-0.10707 -0.72679 -0.00657
-0.37270 0.32498 0.01575
-0.32674 0.79035 0.08887
0.33920 0.78771 -0.11448
-0.37549 -0.40523 0.11896
-0.17655 0.72823 0.04629
-0.37799 -0.26842 -0.11636
-0.33795 -0.31359 0.01986
-0.36702 0.40561 0.04629
-0.30928 0.32872 0.04078
0.38308 -0.35678 -0.01714
-0.21089 0.22857 0.01986
-0.30171 0.79035 -0.02773
-0.37534 -0.14751 0.02694
-0.37799 0.16623 0.02409
0.38043 -0.42197 0.08149
0.20680 0.39408 0.01986
0.36430 -0.32950 0.01986
-0.33220 0.50370 0.04629
0.37779 0.73664 0.02652
0.17919 -0.75878 -0.00657
-0.37799 -0.00909 0.07264
0.08532 -0.82440 0.01986
0.40768 -0.34110 0.10839
-0.11487 0.79035 -0.00821
0.38308 -0.76359 -0.08774
-0.37799 -0.34862 -0.08653
-0.41688 0.49248 0.10839
-0.29026 0.74637 0.04629
0.41115 -0.78758 -0.15587
-0.41512 -0.64429 -0.14530
0.38171 0.20827 -0.15587
0.38043 -0.24644 -0.07732
0.34290 -0.18701 -0.00657
0.30715 -0.89561 0.03748
0.13595 0.75718 -0.00657
0.40230 0.65118 0.10839
-0.39152 -0.55512 0.10839
0.31617 -0.72002 -0.00657
0.31437 -0.11956 0.01788
0.11040 -0.79468 -0.00657
0.26967 0.04074 0.01986
0.16350 -0.09751 0.01986
0.38043 -0.70873 -0.14771
-0.07110 0.78771 0.02977
0.38308 0.38641 0.04044
-0.01418 0.68228 0.01986
-0.37799 0.25891 0.08949
0.33629 0.14833 0.04629
-0.37799 0.00410 0.02911
-0.29704 0.79035 -0.11137
0.12837 -0.70289 0.01986
-0.20572 -0.89561 0.01071
-0.09863 -0.53996 0.01986
-0.37799 -0.87181 0.07340
-0.26236 -0.81777 -0.00657
-0.34419 -0.14444 -0.00657
0.10638 -0.18893 0.01986
-0.09974 -0.43970 0.01986
-0.41147 -0.71583 0.11896
-0.24940 0.83263 -0.15316
-0.37799 -0.76100 -0.01776
-0.42027 0.60147 0.11489
0.38308 0.31014 -0.04696
0.21370 0.78771 0.02427
0.30514 0.76038 0.04629
-0.37534 0.39523 -0.03593
-0.42027 -0.25721 0.11709
0.28524 0.71156 0.01986
0.42536 -0.06069 0.11007
0.00033 -0.78254 -0.00657
-0.36606 0.13671 -0.02903
-0.30928 0.63757 0.00469
-0.37799 -0.17925 -0.01676
-0.20600 0.76199 0.01986
0.03482 0.79035 0.00654
-0.37799 -0.62521 0.09303
-0.37270 -0.47179 0.01387
-0.30354 0.83010 -0.14530
0.24683 0.71208 0.04629
-0.03509 -0.14828 0.01986
-0.15222 0.10966 0.01986
-0.37799 -0.53186 0.00225
0.34359 0.79035 -0.05073
0.27197 0.82313 -0.15587
-0.11524 -0.31072 0.01986
-0.18308 -0.88404 0.04629
0.34988 -0.66750 0.01986
0.19732 -0.58433 0.01986
0.37250 -0.04490 -0.02903
-0.16358 0.77383 0.04629
0.40322 -0.83467 -0.14530
-0.35604 0.62308 0.01986
-0.37799 0.05651 0.10805
0.21934 0.81224 0.10839
0.41727 -0.65949 -0.14530
-0.29451 -0.65294 0.01986
-0.33801 0.45250 0.01986
-0.37534 -0.66159 0.08481
-0.35172 0.20958 0.01986
0.05938 0.78940 -0.15587
-0.24211 0.73559 0.04629
-0.38280 0.30956 0.11896
0.25107 -0.72649 -0.00620
-0.39840 0.80522 -0.14530
-0.37534 -0.76294 0.06978
-0.37799 0.60523 -0.06786
-0.30928 -0.25217 0.02585
0.38308 0.29137 -0.08996
-0.37799 0.07384 0.00894
-0.40646 -0.51816 -0.15587
0.09789 0.12008 0.01986
0.00834 0.80829 -0.15587
0.38043 0.21797 0.06885
-0.24077 0.78506 -0.00120
0.37293 -0.58401 0.01986
0.39139 -0.53249 -0.14530
0.38308 -0.11976 0.05098
-0.12659 -0.75732 0.01986
0.01312 -0.37169 0.01986
-0.37270 -0.85679 0.02505
-0.32335 0.35462 -0.00657
-0.28181 -0.54698 0.01986
-0.37799 -0.69423 -0.08797
-0.05657 0.79035 -0.13905
-0.21561 -0.81066 0.01986
-0.37799 0.07852 -0.13162
-0.37534 -0.09310 -0.00057
-0.42027 -0.77125 -0.14580
0.18162 0.83104 -0.14530
0.16452 0.78041 -0.02903
-0.37799 -0.68439 -0.00447
-0.37534 0.50618 0.11263
0.24496 0.77187 -0.00657
-0.40659 -0.07048 -0.14530
-0.19535 0.78771 -0.14138
-0.41600 0.71503 0.11896
0.38043 -0.85629 -0.07546
-0.05967 0.78771 0.05872
-0.40139 0.22435 -0.15587
-0.02610 0.63030 0.01986
0.24496 -0.81950 0.01986
0.39246 0.06635 -0.15587
0.40009 -0.40077 -0.15587
-0.12961 0.74509 0.04629
-0.37534 0.69139 -0.04593
0.38308 -0.88456 0.09368
0.41247 0.67310 -0.14530
0.36909 -0.01362 0.01986
-0.37799 0.74621 -0.05191
0.38308 -0.86634 -0.00166
0.30287 0.79229 0.11896
0.35817 0.35480 0.04629
0.38043 -0.13088 -0.07052
0.38308 0.25110 0.10172
0.38308 0.51796 0.06999
0.42536 -0.20958 -0.14546
0.10730 -0.78523 0.04629
-0.31410 0.14421 0.04629
0.38308 0.13384 0.03972
0.38043 0.11007 -0.13169
0.10078 0.79035 -0.09413
0.11251 0.79035 0.01167
0.39194 0.15364 -0.15587
-0.36978 0.33825 -0.02903
0.38308 -0.04684 -0.13057
-0.39978 -0.36291 0.11896
0.06287 0.63050 0.01986
-0.14196 0.78771 -0.12424
0.38043 -0.51239 -0.03676
0.38308 -0.71848 -0.00146
0.31550 -0.07771 -0.00657
0.03815 -0.78312 -0.00657
-0.08686 0.11225 0.01986
0.38308 -0.61038 0.00538
-0.30928 0.04097 0.03454
-0.37534 0.51414 0.02338
0.35981 0.01060 0.04629
-0.37534 0.15603 0.09590
0.30669 0.42854 0.01986
0.41321 -0.75216 0.10839
0.37483 0.52325 -0.02903
0.24484 -0.56849 0.01986
0.38308 0.46660 -0.09060
0.38043 -0.30915 0.03943
-0.37534 0.15292 -0.06790
0.12232 0.34804 0.01986
0.38043 0.18380 0.08828
0.38308 0.63785 0.00068
0.26942 -0.50570 0.01986
-0.37799 0.37124 -0.06409
-0.00010 0.78771 0.06650
0.31995 -0.30066 -0.00657
0.32756 -0.85774 -0.00657
-0.37799 0.02846 -0.10824
-0.35002 -0.68825 0.04629
-0.37799 -0.39553 0.01021
0.35479 0.76528 0.04629
0.14007 0.82385 -0.14530
-0.14035 0.79035 0.06954
0.22825 0.45591 0.01986
0.31437 -0.58552 0.02941
0.03993 0.74940 -0.00657
-0.37799 -0.68601 -0.12859
-0.37799 0.28615 0.03693
0.38308 -0.66266 -0.05434
-0.06743 -0.81422 -0.00657
-0.22684 -0.27421 0.01986
-0.35068 0.48383 0.01986
-0.15579 0.28878 0.01986
-0.37799 -0.49337 0.06852
-0.03259 0.79035 -0.04165
0.36986 0.22559 -0.02549
0.32529 0.09305 0.01986
-0.38342 0.14872 -0.14530
-0.32339 0.12979 -0.00657
0.38043 0.54594 -0.15078
0.35965 0.29327 -0.00657
0.18950 0.75752 -0.00657
-0.42027 0.26842 -0.14652
-0.28923 0.79035 -0.06476
-0.14296 0.77714 -0.02080
-0.37799 -0.61917 -0.07003
0.38308 -0.44886 0.08957
0.38308 -0.57969 -0.14171
0.05719 -0.09500 0.01986
-0.37591 0.79035 -0.05213
0.38043 0.06312 -0.03608
-0.32354 -0.89561 0.02876
0.38308 -0.55086 0.00110
0.38314 -0.25950 -0.15587
0.37779 0.42811 0.01718
0.25952 0.79035 0.08366
0.04675 0.79035 -0.08087
0.42219 0.14107 0.11896
0.26192 -0.89177 0.04629
-0.31943 0.58943 0.04629
-0.37534 -0.21108 0.10604
-0.29432 0.41096 0.01986
-0.35729 0.65274 -0.00657
0.32333 -0.43005 -0.00657
0.06086 -0.19719 0.01986
-0.37799 0.47044 0.08614
-0.08317 0.21012 0.01986
-0.24006 0.02585 0.01986
-0.06807 -0.00812 0.01986
0.40639 0.58669 -0.14530
0.23415 0.35597 0.01986
-0.14836 -0.76360 -0.00657
0.08618 -0.59730 0.01986
-0.12394 -0.81572 0.04629
-0.34646 0.79035 -0.10848
-0.17708 0.78771 0.00743
0.31437 0.48627 0.01167
-0.37799 0.59756 0.06447
-0.23630 0.65822 0.02853
0.42022 0.30307 0.10839
0.38308 0.10546 0.08013
0.36565 0.65786 0.04629
0.38308 0.54968 -0.06516
0.36986 0.16154 -0.02711
-0.37534 -0.33497 0.06393
0.13118 -0.53361 0.01986
-0.33627 0.76873 -0.00657
0.14066 0.67408 0.04629
-0.02244 -0.64752 0.01986
-0.37799 0.08904 0.07921
0.11404 0.21602 0.01986
0.28932 -0.26217 0.01986
-0.37006 -0.88366 -0.02903
-0.34944 -0.14186 0.13753
-0.37799 0.67248 0.02470
-0.37534 0.56613 0.00263
0.31437 -0.50502 -0.00575
0.37611 -0.07956 0.04629
0.11417 0.44585 0.01986
-0.37534 0.51226 -0.09805
0.22177 0.79035 -0.11425
0.38043 0.76623 -0.04380
0.38043 -0.87485 -0.14224
0.38043 -0.42124 -0.07538
-0.37799 0.69105 0.09843
-0.37534 -0.23074 0.00015
-0.35426 -0.29084 -0.00657
0.38308 -0.36996 -0.08018
-0.37799 -0.54848 -0.13570
0.31437 -0.63636 0.00110
-0.37534 0.39427 -0.12023
0.33548 0.44105 0.04629
-0.42027 0.71516 -0.15335
0.31437 -0.35038 0.01491
0.33972 -0.74809 0.04629
-0.37799 0.72443 -0.10780
0.34226 0.83217 -0.15587
0.19816 -0.72927 0.04629
0.21422 0.55316 0.01986
0.25616 0.79035 0.02869
-0.15694 0.39633 0.01986
0.23401 -0.89363 -0.00657
-0.37270 -0.34898 -0.00344
0.08498 0.73060 -0.00657
-0.37799 -0.59376 -0.01585
-0.13636 -0.89561 0.02107
-0.30928 -0.48250 0.02497
-0.37270 0.74561 0.02532
-0.37534 0.34691 0.09669
0.07635 -0.72259 0.01986
-0.07558 0.77038 -0.00657
-0.30928 0.21786 0.02556
-0.02472 -0.89561 -0.00403
-0.37534 -0.43274 -0.00492
0.38308 0.04152 0.03179
-0.35409 -0.73990 0.04629
-0.40727 -0.87441 -0.15587
-0.24079 0.79893 0.11896
0.37779 0.39113 0.00201
-0.37534 -0.73505 -0.07928
-0.37534 -0.01817 -0.10037
0.00578 -0.69868 0.01986
-0.37799 -0.60926 -0.11877
0.07275 0.77519 -0.00657
-0.05791 0.79035 -0.09544
0.38043 -0.58790 -0.09728
0.18904 0.30117 0.01986
0.38043 -0.68981 0.11365
-0.14004 -0.35368 0.01986
0.16782 0.72979 0.01986
0.38152 -0.57320 0.11896
0.36986 -0.27459 -0.01084
-0.40026 -0.01990 0.10839
-0.06247 0.35557 0.01986
0.09199 0.00630 0.01986
-0.37534 0.77142 -0.15285
0.31982 -0.81403 -0.00657
0.14168 0.53400 0.01986
-0.34902 -0.16017 0.01986
-0.37534 0.25487 -0.03944
-0.37612 0.12238 0.11896
-0.37534 0.50561 -0.15558
0.22820 -0.33379 0.01986
0.24404 0.78771 -0.06663
-0.25780 -0.16943 0.01986
0.39511 -0.16103 0.11896
0.31437 0.33235 -0.00440
-0.34626 0.06903 0.01986
0.38043 0.50797 -0.11912
-0.37955 0.66578 -0.15587
-0.08782 -0.49875 0.01986
-0.37534 -0.25823 -0.06087
-0.37799 -0.08872 0.04096
-0.38260 -0.27542 0.11896
-0.36477 -0.79793 -0.02717
-0.37534 -0.53317 -0.03946
0.38560 0.21342 0.11896
-0.07581 0.55275 0.01986
0.38043 -0.08820 0.07771
-0.37534 -0.38846 -0.07503
0.18049 -0.47328 0.01986
0.00821 0.76536 0.01986
0.38043 0.21856 -0.11696
-0.11813 0.43813 0.01986
-0.37534 -0.12360 -0.14565
-0.37534 -0.41683 0.06619
-0.05345 -0.56501 0.01986
0.38043 0.48394 0.03223
0.38043 0.43834 -0.13773
-0.37534 -0.30372 -0.12051
0.38043 -0.59431 0.08308
-0.37799 -0.38957 -0.02366
-0.37799 -0.21463 0.05476
0.15845 -0.85462 -0.00657
0.38308 0.33064 0.01757
0.38308 -0.23854 0.03241
0.39493 0.02185 -0.15587
0.38043 0.19266 -0.08931
-0.32359 0.46984 0.04629
0.34956 0.73375 -0.00657
-0.37270 0.10468 0.04176
0.38545 0.60713 0.10839
0.38043 0.60172 -0.07508
0.35561 -0.75604 -0.00657
-0.37534 -0.53647 0.06430
0.38043 0.36415 -0.13477
0.13982 0.79035 0.02470
0.38308 -0.30534 0.10327
0.36474 -0.11511 0.01986
-0.12943 0.70360 0.04629
-0.37799 0.27177 -0.08656
0.21796 0.69834 0.01986
-0.41762 0.41330 -0.15587
0.38308 0.62399 -0.04347
-0.37140 0.60385 -0.00657
-0.37534 0.19077 -0.08207
0.38308 -0.38050 0.06236
0.11236 -0.08295 0.01986
0.00149 -0.58151 0.01986
-0.37799 0.35480 -0.13364
0.08810 0.59799 0.01986
0.38308 0.68337 -0.08952
0.36986 -0.47148 -0.01269
-0.37799 0.39987 0.00620
0.36881 0.06881 0.01986
-0.37558 -0.10072 0.11896
-0.00663 -0.45616 0.01986
0.38043 -0.24167 0.11885
0.41094 0.36112 -0.15587
0.14937 0.06407 0.01986
0.36849 -0.72499 0.04629
-0.30928 0.56296 0.00582
0.38043 0.30582 -0.12912
-0.02791 0.08118 0.01986
0.07464 -0.42912 0.01986
0.25668 -0.65463 0.01986
-0.37534 0.59596 -0.12128
-0.00640 0.26311 0.01986
0.38308 -0.09862 -0.10932
0.37779 0.56841 0.04458
0.03314 0.71028 0.01986
-0.12819 -0.23770 0.01986
0.14325 -0.87846 0.04629
-0.37799 -0.00864 -0.03173
-0.28755 -0.89561 0.01570
0.34115 -0.09018 0.01986
0.37779 -0.85969 0.04395
0.38043 -0.16666 -0.13465
0.30547 0.78771 -0.09602
0.01887 0.77714 -0.02169
0.34490 -0.45590 0.01986
0.40078 -0.59836 -0.15587
0.20798 -0.80048 -0.00657
-0.37799 0.14405 0.05153
-0.26603 0.78771 -0.09490
-0.18570 -0.20029 0.01986
-0.19380 0.79035 -0.07321
-0.33428 -0.22266 -0.08307
-0.37799 0.09174 -0.07130
-0.32864 0.73005 -0.00657
0.38308 -0.50544 -0.08145
-0.36477 0.21198 -0.01485
0.38308 -0.24382 0.07306
0.38308 -0.47960 -0.13127
-0.17351 -0.06265 0.01986
0.38308 0.55638 -0.00844
-0.37534 -0.81752 -0.13290
0.18762 0.78771 0.11383
0.37960 0.82250 0.11896
0.41861 0.49235 -0.15587
0.41553 -0.84066 0.10839
-0.30928 0.25096 0.03105
0.00281 0.17890 0.01986
-0.37534 -0.88744 0.10828
-0.36698 0.78771 0.10870
-0.36706 -0.72237 -0.00657
-0.14121 0.79405 0.10839
0.07770 -0.29042 0.01986
-0.14893 0.71830 0.01986
-0.00631 -0.21388 0.01986
-0.30934 -0.50362 -0.00657
-0.37799 -0.05291 0.02079
-0.41435 0.02266 -0.15587
0.38308 0.34463 0.10385
0.25401 0.67222 0.01986
0.32337 -0.22668 0.01986
0.37424 0.78771 -0.12863
0.01470 0.46082 0.01986
-0.04165 -0.81115 0.01986
0.36986 -0.10531 -0.02196
0.41136 -0.12702 -0.15587
-0.09657 0.79035 0.06794
-0.01831 -0.04548 0.01986
0.28220 -0.15521 0.01986
-0.04627 0.79556 0.11896
-0.37534 0.24857 0.11835
-0.22967 -0.76242 0.04629
-0.37799 0.53707 -0.06179
-0.08762 -0.79831 0.01986
-0.37799 -0.36542 0.08586
0.42536 -0.39226 0.11548
-0.37799 -0.58781 0.09633
0.19632 -0.87137 0.01986
-0.37799 -0.43994 0.04425
-0.37325 0.74649 -0.00789
0.07006 -0.89561 0.02412
-0.36745 0.25480 0.04629
0.38308 0.69704 0.02047
0.04950 0.78771 0.07556
0.38308 -0.77901 -0.02099
-0.37534 -0.05070 -0.14666
0.29058 -0.86707 0.01986
-0.37799 -0.11487 -0.10107
-0.31685 -0.81898 0.01986
0.31437 0.02963 0.03011
0.36986 0.69551 -0.02732
0.42536 -0.55975 0.11093
-0.30928 0.45284 -0.00647
-0.37534 -0.47652 0.10893
0.38308 -0.23451 -0.03353
0.39583 -0.27657 0.10839
-0.37799 0.02875 -0.03182
-0.01816 -0.49752 0.01986
0.38043 -0.83441 0.01430
-0.17633 -0.14657 0.01986
-0.11474 -0.72837 0.04629
-0.37534 0.66041 -0.09060
-0.41588 -0.20070 -0.14530
0.03759 0.72995 0.04629
0.06901 0.67357 -0.00657
0.14839 0.79035 0.06452
0.37166 -0.38689 -0.00657
0.38308 -0.77555 0.10729
0.32134 0.66719 0.01986
-0.11473 0.78771 -0.04748
-0.37799 0.44775 -0.10693
0.11397 -0.74147 0.04629
0.31437 0.21439 0.01851
0.33511 0.79035 0.10753
-0.40930 0.22173 0.10839
-0.23739 0.57838 0.01986
-0.06975 0.68842 -0.00657
0.38308 -0.63631 -0.02579
0.15559 -0.42701 0.01986
0.38043 0.50808 0.00518
0.38043 0.27026 -0.05829
-0.24246 -0.37111 0.01986
0.38043 -0.64525 -0.10038
0.34490 0.63005 0.01986
-0.01402 -0.85645 -0.00657
-0.37534 -0.49793 -0.15233
0.38043 0.19539 -0.04093
0.13880 0.78771 -0.10066
-0.34407 -0.30426 0.12060
0.38043 -0.55989 -0.07577
-0.19984 0.06981 0.01986
-0.37799 -0.09321 -0.06806
-0.41684 0.18610 0.10839
-0.34951 -0.30393 0.05302
0.26365 -0.78578 0.01986
0.38043 0.51298 -0.14951
0.38308 0.43642 -0.06842
-0.19935 -0.83367 0.04629
0.26942 0.78771 -0.03173
-0.19382 -0.83867 -0.00657
0.01513 0.55768 0.01986
0.38043 0.47788 0.07090
0.38043 0.78583 -0.00540
0.38043 -0.52790 0.02879
-0.37534 -0.45004 -0.06785
0.42536 0.02857 0.11864
0.30114 -0.66802 0.01986
-0.22538 0.77725 -0.02903
0.39307 -0.09591 0.11896
-0.29301 0.78771 -0.15164
0.04162 -0.73815 0.04629
-0.15581 0.82974 0.11896
0.38043 -0.23530 -0.11786
-0.15926 -0.63533 0.01986
-0.42027 0.10653 0.11271
0.38963 0.00122 0.11896
0.33843 0.78771 0.01987
0.37779 0.21819 0.03185
0.38043 0.58879 0.07654
0.14088 0.01573 0.01986
-0.38270 -0.15000 0.11896
0.38308 -0.80967 -0.03382
-0.08575 0.42023 0.01986
-0.04260 -0.72649 0.02323
-0.36477 0.47653 -0.01636
-0.39417 -0.31402 -0.15587
-0.37799 -0.29150 -0.06699
-0.37799 0.30919 -0.05758
-0.37534 0.27922 0.00408
0.15320 0.78771 -0.06974
0.38505 0.74112 -0.14530
-0.37534 -0.17232 0.05239
-0.07586 -0.69558 0.01986
0.04377 -0.85461 0.01986
-0.27217 -0.73757 -0.00657
-0.35348 -0.60360 -0.00657
0.38043 0.72953 0.06132
-0.37534 0.71937 0.02946
0.11959 -0.86937 0.01986
0.41364 0.22505 -0.15587
0.37844 -0.13043 -0.02903
0.38043 -0.32293 -0.10371
-0.28454 0.80051 0.11896
0.34630 -0.56388 0.01986
-0.31205 0.70496 0.04629
0.20263 0.08772 0.01986
0.01222 0.68629 -0.00657
-0.37799 -0.79078 0.05481
0.38112 -0.67327 -0.15587
-0.31610 -0.19769 0.01986
-0.08594 0.17268 0.01986
0.31437 -0.38204 0.03539
0.37779 -0.30931 -0.00369
0.38043 -0.16302 0.06783
-0.34422 -0.46823 0.04629
-0.37534 -0.54081 -0.08746
-0.21324 0.13523 0.01986
0.29011 -0.79218 0.04629
-0.37534 0.13244 0.01286
0.17211 -0.89561 0.03273
-0.33718 0.31903 0.01986
-0.37270 -0.24008 0.03690
0.37779 -0.69707 0.02691
0.42075 -0.00327 -0.15587
0.29163 0.79035 -0.13711
-0.12146 0.33467 0.01986
-0.37062 0.42970 -0.02903
0.31437 0.55383 0.02806
-0.34876 -0.02107 0.01986
0.38043 0.16223 0.00452
0.36106 -0.43756 0.04629
-0.37534 -0.61301 0.05924
0.15090 0.37058 0.01986
-0.18630 -0.40745 0.01986
0.38043 0.66310 -0.12834
0.12954 0.73370 0.01986
0.05599 0.57975 0.01986
0.33660 -0.04688 0.01986
-0.06674 0.28211 0.01986
0.38043 -0.84455 0.06967
0.38043 -0.04729 -0.05654
-0.42027 0.37380 -0.15015
0.31437 -0.71660 0.02493
-0.30408 0.67110 -0.00657
0.42262 0.49035 0.11896
0.38043 0.53531 0.11681
0.38043 -0.01566 -0.15324
-0.09012 -0.86810 0.04629
-0.34880 -0.02122 -0.08409
0.21313 0.50146 0.01986
-0.40124 -0.45518 0.10839
0.06085 0.28948 0.01986
0.37175 -0.32730 -0.02903
0.37779 0.11196 0.01442
-0.34670 0.79035 -0.03189
0.38308 -0.15996 0.00247
-0.35041 0.63936 0.04629
-0.33580 -0.08536 -0.10032
-0.30928 0.07349 0.03320
0.37779 0.24676 0.01447
0.33903 -0.14295 0.01986
0.38308 0.03638 -0.07742
0.40039 0.41975 0.11896
0.31437 -0.19183 0.02728
-0.37799 0.16157 -0.11279
-0.20719 0.82078 -0.14530
0.38875 0.71516 -0.15587
-0.37799 0.05148 0.03821
-0.37534 -0.49415 -0.07310
-0.34063 0.10001 0.04629
-0.04916 0.74731 0.04629
-0.37534 -0.85654 -0.12825
-0.16125 0.79522 -0.14530
-0.37799 0.18641 0.08350
-0.37534 0.54645 0.03604
-0.40793 0.57876 -0.15587
0.38043 0.36781 0.07772
-0.34951 -0.41066 -0.00657
-0.33927 -0.77741 0.04629
0.29681 -0.74801 0.01986
-0.29017 -0.89359 0.04629
0.10278 -0.85393 0.04629
-0.38658 -0.39606 -0.14530
0.37779 -0.35682 0.01939
0.39305 -0.45637 0.11896
-0.37799 0.49561 0.05844
0.38043 0.40641 -0.15161
-0.08989 0.66752 0.04629
0.38043 -0.69871 -0.04642
-0.16461 0.79035 -0.04122
-0.23230 -0.76397 -0.00657
0.25658 0.13284 0.01986
-0.30928 -0.35157 0.02788
0.38308 0.11987 -0.09851
0.01505 0.64824 0.01986
-0.37643 -0.06609 0.11896
-0.37534 0.16032 -0.00280
0.22320 0.67661 -0.00657
0.13386 -0.82571 -0.00657
-0.36321 -0.27644 0.04629
0.33458 -0.21943 -0.00657
-0.39150 -0.26929 -0.15587
0.31437 0.24220 0.03926
-0.38877 -0.67208 -0.15587
-0.06565 -0.21210 0.01986
-0.13552 0.70073 -0.00657
-0.37911 0.66340 0.11896
-0.30928 -0.68709 0.02713
0.16163 -0.01300 0.01986
-0.24941 -0.83564 0.01986
-0.29043 -0.80642 0.04629
0.38043 -0.84795 -0.10829
-0.37799 -0.75556 0.10308
-0.32998 -0.61132 0.01986
-0.29212 -0.60093 0.01986
-0.37978 -0.60649 0.11896
0.38043 0.65581 0.07186
-0.19374 0.66281 0.01986
0.38043 -0.44956 -0.13582
0.18495 0.79035 0.00228
0.38043 -0.05472 -0.09730
-0.37799 0.79013 -0.12233
-0.26812 -0.72649 0.03604
-0.22952 0.78859 -0.15587
-0.22442 -0.17664 0.01986
-0.37534 0.56587 0.07689
0.06431 0.65822 0.03962
-0.30940 0.19683 -0.00657
-0.37799 0.42530 0.02110
-0.21117 0.72974 0.01986
0.31437 -0.58927 -0.00437
0.23742 -0.85084 0.04629
0.39755 -0.06552 -0.15587
0.38308 0.40356 -0.07690
-0.19139 -0.70805 0.01986
0.38308 0.74962 0.00340
-0.19694 -0.29019 0.01986
-0.37799 -0.17889 -0.06351
0.10686 -0.43948 0.01986
-0.12386 0.81163 -0.15587
0.37779 -0.75126 0.04412
0.38043 0.60191 -0.12990
-0.31256 -0.04241 0.01986
-0.30881 0.72672 0.01986
-0.30542 0.78771 0.01590
0.19072 0.66262 0.04629
-0.30928 -0.38849 0.01718
0.35957 0.14185 0.01986
0.38043 -0.51135 0.08048
0.38419 -0.53105 0.10839
-0.37799 0.08331 0.04177
-0.14894 0.78506 0.02109
-0.39746 0.38546 0.11896
0.38308 0.17349 -0.12565
-0.37636 0.60000 -0.15587
0.35533 -0.31998 0.04629
-0.37799 0.06413 -0.10132
0.04193 -0.02523 0.01986
-0.37534 -0.66614 0.05300
-0.37534 -0.46613 -0.13548
-0.37534 -0.05813 -0.10825
0.20596 -0.74825 0.01986
0.11899 -0.28522 0.01986
-0.24956 0.78771 0.06644
0.38308 0.45547 0.09542
0.38786 0.17286 0.11896
0.38308 -0.02312 0.09110
-0.36072 0.32755 0.04629
-0.04889 -0.79213 -0.00657
-0.09143 -0.84841 -0.00657
-0.37534 0.54354 -0.03078
0.36028 -0.68489 0.04629
0.34699 0.05956 -0.00657
-0.30928 -0.55847 0.03462
0.38043 -0.83329 -0.05697
-0.30928 0.26195 -0.00025
0.35307 0.48505 -0.00657
-0.39334 0.57140 0.11896
0.40732 0.30259 -0.14530
-0.37534 -0.23275 -0.10499
0.30715 0.78506 0.02452
-0.40991 -0.10283 0.10839
0.05142 0.12500 0.01986
0.16329 -0.72993 -0.00657
0.22724 0.75911 0.01986
-0.37534 0.64777 -0.06057
0.41628 -0.47705 0.10839
0.38308 0.53904 -0.11189
0.40002 -0.42410 0.10839
0.38308 -0.39366 -0.13084
-0.11520 -0.15184 0.01986
-0.41619 0.05808 -0.14530
0.27459 0.78771 0.04908
-0.11018 0.70174 0.01986
-0.40737 0.29702 -0.15587
-0.04258 0.47497 0.01986
-0.11254 0.19567 0.01986
-0.30928 0.39526 0.04436
0.20992 -0.82230 0.01986
0.38043 -0.63561 0.10154
0.38043 -0.60289 0.04958
0.36407 0.32558 -0.00657
-0.38525 -0.65723 0.11896
-0.37534 0.04383 0.00177
0.31626 0.10973 -0.00657
-0.09410 -0.57614 0.01986
0.38308 -0.59541 -0.02277
-0.37799 0.10170 0.01481
-0.36477 -0.45612 -0.02327
-0.07812 -0.72649 0.00810
-0.30557 0.77498 0.04629
-0.33693 0.28349 0.01986
-0.37534 0.73645 0.06449
0.03862 0.39422 0.01986
-0.37270 -0.54326 0.03272
-0.30928 0.53287 0.02392
0.37779 -0.20021 0.01657
0.19864 0.65822 0.00368
0.03573 0.82184 -0.14530
0.21246 0.79035 -0.06032
-0.02132 0.79035 -0.14522
-0.37799 -0.23113 -0.03258
0.38043 0.76262 0.07035
-0.11390 -0.85111 0.01986
-0.07655 -0.36018 0.01986
0.39122 0.72980 0.11896
0.38043 0.09393 0.04880
0.35789 0.09228 0.01986
-0.37799 -0.81586 0.09685
-0.36120 -0.50585 -0.00657
-0.36979 -0.36916 0.01986
-0.37799 0.23351 -0.11916
-0.31596 -0.45145 0.01986
-0.40287 -0.74422 -0.14530
-0.03393 0.65822 0.03428
-0.32756 -0.12087 -0.00657
0.38043 -0.29526 0.01611
-0.07802 0.80739 -0.15587
-0.15567 0.75599 0.01986
0.06722 0.69164 0.01986
0.23167 -0.79035 0.01986
-0.36199 -0.31854 -0.00657
0.31161 0.79035 -0.05053
-0.28329 -0.77018 0.01986
-0.23663 0.75269 0.01986
0.40329 -0.03396 0.11896
0.31437 0.25516 -0.00633
-0.37799 0.49400 -0.06037
0.24777 -0.72723 0.04629
0.38308 0.60977 -0.02071
0.28387 0.69376 -0.00657
0.38043 -0.78055 0.03723
-0.37534 0.47622 -0.09293
0.38043 -0.82717 0.09996
-0.27377 0.74003 0.01986
-0.37586 -0.19126 -0.15587
-0.21056 -0.11269 0.01986
-0.28119 0.71724 -0.00657
-0.42027 0.04664 0.11749
0.37779 0.04514 0.00295
0.36075 0.57436 -0.00657
-0.37534 -0.43916 -0.11878
-0.31076 -0.22498 -0.00657
0.32896 0.36903 0.04629
0.09753 0.74274 0.01986
0.06449 0.79035 0.04392
0.16364 -0.35267 0.01986
0.33527 -0.41587 0.01986
-0.09661 -0.88931 -0.00657
-0.36817 0.81781 -0.14530
0.06076 0.24706 0.01986
-0.04793 -0.77432 0.01986
0.42536 0.10589 0.11033
-0.13820 -0.72797 0.01986
0.36767 -0.50399 0.04629
-0.37799 -0.79064 -0.00272
-0.15564 -0.79843 -0.00657
-0.39599 0.81165 0.10839
0.31437 0.16888 0.03671
-0.33059 0.14908 0.01986
0.35473 -0.61968 0.01986
0.15090 -0.82350 0.01986
0.39560 0.36929 0.11896
0.05198 -0.79314 0.01986
-0.17073 0.78771 -0.11395
-0.05407 0.79035 0.08699
-0.27798 0.81526 -0.15587
-0.39827 0.69097 -0.15587
0.38308 -0.73615 0.10465
0.31437 -0.45892 0.03445
0.38308 0.74931 -0.07288
0.08143 0.78771 0.09502
-0.32771 -0.84833 0.01986
0.38043 -0.21038 0.11813
-0.37534 0.57188 -0.05932
0.16861 -0.82493 0.04629
-0.37534 -0.65492 -0.12961
0.36986 -0.84651 -0.01712
0.38308 0.14928 -0.06740
-0.01701 0.79593 0.10839
0.34597 0.79801 -0.14530
0.38308 -0.70438 -0.11009
-0.34964 -0.80101 0.01986
0.35360 -0.04878 -0.00657
0.30744 -0.85085 0.04629
-0.22850 0.69844 -0.00657
-0.24495 0.82970 0.11896
0.42492 0.21901 0.11896
-0.32098 -0.09457 0.04629
-0.37799 0.74800 -0.12626
-0.17915 0.78771 0.06552
0.31961 0.07783 0.04629
0.38043 0.70111 0.11429
0.29220 0.72620 -0.00657
-0.37799 -0.75970 -0.09787
-0.04251 -0.88714 0.01986
-0.38243 0.01311 -0.14530
0.37779 0.62690 0.02501
0.12508 0.60522 0.01986
-0.33721 0.52018 0.01986
0.38043 -0.14469 -0.14841
-0.35347 0.17372 0.01986
0.01793 0.31874 0.01986
0.38308 -0.01651 -0.05732
0.18793 -0.50328 0.01986
0.38043 0.02378 0.10004
0.36338 -0.28567 0.04629
-0.37534 -0.67077 -0.06813
0.42318 0.67125 0.11896
0.32283 -0.76453 0.01986
0.42536 -0.53603 -0.14995
0.38043 -0.09263 0.00297
-0.37799 -0.11230 -0.02100
0.33154 -0.12688 -0.00657
-0.37959 -0.56957 -0.15587
-0.28545 -0.82129 0.01986
-0.14968 -0.89387 -0.00657
0.06193 -0.37211 0.01986
0.32437 0.55770 -0.00657
-0.33561 -0.14910 -0.10021
-0.35859 0.40963 -0.00657
-0.08776 0.78771 -0.10983
-0.39883 0.43585 0.10839
0.08046 -0.77868 -0.00657
-0.34939 0.04135 -0.09739
-0.01498 -0.74798 -0.00657
0.18667 -0.13138 0.01986
0.37779 0.51180 0.04046
-0.24743 0.70544 0.04629
0.37106 0.82181 -0.15587
-0.39115 -0.69296 0.11896
-0.25335 -0.87397 0.01986
-0.37534 0.29082 0.08278
-0.19155 0.69863 0.01986
-0.37270 -0.63543 0.00517
-0.20701 -0.79803 0.04629
0.16793 0.68779 0.04629
-0.39900 0.43506 -0.14530
0.38308 -0.89894 0.01918
0.01738 -0.87307 0.04629
-0.24370 0.20014 0.01986
-0.10027 -0.77202 0.04629
0.38043 -0.35171 0.09984
-0.08471 0.75827 0.01986
0.39949 0.51041 0.11896
-0.37799 -0.11818 0.01947
-0.07279 -0.79553 0.04629
-0.24162 -0.75210 0.01986
-0.37891 -0.72562 0.10839
0.38308 0.71638 -0.09116
-0.04998 -0.84817 0.01986
-0.34789 -0.25316 0.01986
0.38308 0.08433 -0.11585
-0.19268 0.80240 0.11896
0.34033 0.46220 0.01986
-0.30928 -0.46998 -0.00563
0.01985 0.72672 -0.00657
-0.37534 -0.03418 -0.04768
0.38308 0.28093 0.07596
0.34496 -0.38457 0.01986
0.30529 0.73413 0.01986
0.41250 0.24710 -0.14530
0.09705 -0.83298 -0.00657
0.32479 -0.28696 0.01986
0.37335 0.37909 -0.02903
0.13603 -0.49145 0.01986
0.24450 -0.80504 0.04629
0.09325 0.66329 0.04629
0.06742 0.72577 0.04629
-0.33092 -0.66284 0.01986
0.25174 0.50478 0.01986
0.08290 0.09401 0.01986
0.00814 -0.81653 -0.00657
-0.33240 -0.16570 0.12531
-0.37799 -0.60048 0.01498
0.09344 -0.81189 0.04629
0.02225 -0.67356 0.01986
-0.11418 0.78771 0.09211
0.13508 -0.61288 0.01986
-0.28310 0.78771 0.06584
0.37662 -0.01800 0.04629
-0.27460 -0.86794 0.04629
0.34742 -0.64134 -0.00657
-0.37799 -0.18176 0.10034
-0.13885 -0.02614 0.01986
0.38043 -0.26646 -0.12540
0.36740 0.40141 0.01986
0.04725 -0.71566 0.01986
0.31437 0.60730 0.02977
0.22139 -0.72990 -0.00657
-0.24911 0.72317 0.01986
0.38043 0.09349 0.11004
0.29642 -0.52434 0.01986
0.37779 -0.42535 0.02455
0.25691 -0.23071 0.01986
0.38043 0.78764 0.05024
-0.30928 0.06233 0.00555
-0.15250 -0.31485 0.01986
0.38043 -0.27613 -0.07463
0.25689 0.76199 0.01986
-0.37799 0.62335 -0.13749
-0.37534 -0.31434 -0.08586
-0.35481 0.37410 0.01986
0.38308 -0.16137 -0.07120
-0.02750 0.78771 -0.08272
0.38043 -0.77790 -0.12962
-0.36171 -0.73336 0.01986
0.29195 -0.07236 0.01986
0.33680 0.52794 0.01986
0.00869 -0.89332 0.01986
-0.20510 -0.78998 -0.00657
-0.37799 0.67723 -0.01112
-0.37799 0.59060 0.09325
0.38043 0.01014 -0.09327
-0.37799 -0.07019 -0.01544
-0.37534 0.18058 -0.14257
0.36234 0.19314 0.01986
0.37758 -0.21776 0.04629
-0.30928 0.33016 0.00217
0.32462 0.75873 0.01986
-0.37534 0.37409 -0.09868
0.41158 -0.73523 -0.15587
0.35100 -0.06405 0.04629
-0.41828 0.74247 0.10839
0.30671 -0.81439 0.01986
-0.37270 -0.15566 -0.00077
0.13120 -0.41041 0.01986
-0.36658 0.16813 -0.02903
0.38308 -0.32266 -0.13952
-0.34005 -0.54593 -0.00657
0.38308 -0.45406 -0.02655
-0.24509 0.78506 0.03750
0.15445 0.81171 0.11896
-0.37534 -0.81092 -0.08126
0.37779 -0.62860 0.03839
0.38308 0.04857 0.05333
0.31933 0.42672 -0.00657
-0.32728 0.79035 -0.13069
0.01220 -0.77788 0.01986
0.33074 0.03263 -0.00657
0.33466 0.79035 0.06984
0.21670 -0.10344 0.01986
-0.30928 0.45622 0.02420
-0.37534 -0.75618 0.03568
0.33410 0.33815 0.04629
-0.35023 0.45012 -0.00657
-0.30268 -0.81849 -0.00657
-0.00962 -0.72649 0.01247
0.33081 -0.88095 0.04629
0.38308 0.24190 0.04758
0.12680 0.80183 0.11896
-0.33053 0.05197 0.13085
0.07595 -0.16671 0.01986
-0.37794 -0.90090 -0.00101
-0.38108 0.00752 0.10839
0.33684 0.73227 0.01986
0.40481 -0.23964 -0.15587
-0.37270 0.46202 0.00761
0.14477 -0.05878 0.01986
0.34039 0.78771 -0.08543
0.14664 0.79553 -0.14530
-0.29377 -0.72649 0.01174
-0.19520 0.79035 0.02563
0.32154 0.20123 -0.00657
0.38308 -0.77249 -0.04873
-0.37799 0.63038 0.04504
0.27207 0.65945 0.04629
0.19404 -0.88311 -0.00657
-0.03708 0.74736 0.01986
-0.00382 0.78771 -0.03632
-0.27750 -0.83268 0.04629
-0.34627 0.77518 0.01986
-0.34632 0.54881 0.01986
0.39496 0.57977 0.10839
0.42536 -0.08959 0.11095
-0.37534 0.27587 -0.11711
-0.30928 0.55757 0.04511
0.12542 -0.76516 -0.00657
-0.37534 -0.83378 0.00576
0.42536 -0.06724 -0.14835
-0.37799 -0.41311 0.03705
-0.31572 -0.07328 0.01986
-0.37799 -0.11429 0.05426
-0.36578 0.11250 -0.00789
0.38855 -0.76922 -0.15587
-0.34461 -0.27559 0.14091
-0.08469 0.14091 0.01986
0.38043 -0.36350 -0.15350
0.24729 -0.73843 0.01986
0.37620 0.72108 -0.00789
0.26221 -0.83494 -0.00657
-0.00641 0.44147 0.01986
0.00053 -0.83156 0.04629
0.21012 0.72587 0.01986
0.12510 0.79035 -0.06494
0.33173 0.39071 0.01986
0.36986 -0.23296 -0.00820
-0.20467 0.66327 0.04629
-0.16349 -0.84819 0.04629
0.35193 -0.22815 0.01986
0.31266 0.77714 -0.01973
-0.30928 0.27990 0.04077
0.42370 -0.41288 -0.14530
0.38043 -0.80895 -0.14570
0.33541 -0.52211 0.01986
0.38308 0.04529 -0.13909
0.36704 0.29415 0.04629
0.19953 0.78771 -0.14129
0.41487 0.05693 0.10839
-0.37799 0.35059 0.06066
0.31990 -0.89561 0.01201
0.17399 -0.87065 0.04629
0.24122 0.78771 0.10528
0.40463 0.55010 0.11896
-0.21122 0.75291 -0.00657
-0.37534 0.45247 0.06429
0.39482 0.79851 0.11896
-0.33724 -0.06673 0.12154
-0.37799 -0.13716 -0.11861
-0.35788 0.01432 0.04629
0.38308 0.68387 -0.04950
0.01399 0.12308 0.01986
-0.13962 0.79035 -0.06069
0.32725 0.30714 -0.00657
0.03309 0.73898 0.01986
-0.05795 0.38349 0.01986
0.38308 0.16214 0.07030
-0.34848 0.00084 0.13878
0.34705 0.62032 0.04629
0.22719 -0.84493 0.01986
0.13655 0.79035 -0.01706
-0.37270 -0.03213 0.03587
-0.37897 -0.75607 -0.15587
-0.37534 0.10535 -0.12321
0.15432 -0.78417 0.04629
0.40380 -0.86079 -0.15587
-0.37534 -0.37969 -0.12533
0.28730 0.65822 0.02264
0.31769 0.61587 -0.00657
0.37046 -0.07177 0.01986
0.38043 -0.35514 -0.05578
0.13302 0.12000 0.01986
-0.20498 0.72256 0.04629
-0.15453 0.56079 0.01986
-0.29457 -0.17969 0.01986
-0.36081 0.17963 0.04629
-0.24234 0.23303 0.01986
-0.38589 -0.64424 -0.15587
-0.31906 -0.11738 0.01986
-0.12821 0.68035 0.01986
-0.12749 0.51150 0.01986
0.02576 0.21291 0.01986
0.01544 -0.74555 0.01986
0.34672 -0.13825 0.04629
-0.37799 0.11626 -0.05796
-0.33819 -0.38518 -0.00657
0.38308 -0.00859 -0.00178
-0.16612 0.26289 0.01986
-0.08534 -0.86071 0.01986
-0.04895 0.77840 -0.00789
-0.01933 -0.77892 0.01986
-0.01226 -0.87498 0.01986
0.38308 0.13678 -0.12429
0.39106 -0.61408 0.11896
-0.32809 0.02184 0.01986
-0.21858 -0.86298 -0.00657
-0.37799 0.27508 -0.05899
-0.37534 0.76773 -0.03458
-0.37063 -0.30939 -0.02903
0.10485 -0.74339 0.01986
0.31437 -0.24643 0.04124
0.14535 -0.89196 0.01986
0.35354 0.04775 0.01986
-0.37799 0.54278 -0.13518
-0.31881 -0.72119 0.01986
0.33505 0.74586 0.04629
-0.05330 -0.72649 -0.00417
-0.09458 0.79035 0.01062
-0.40606 -0.16482 0.11896
0.36558 -0.58046 -0.00657
-0.33800 -0.21201 -0.00657
0.14808 0.69662 0.01986
-0.37799 0.73151 -0.02850
-0.37799 0.21438 0.00930
-0.37534 0.64131 0.01090
-0.37270 0.49533 0.00222
-0.23775 -0.79258 0.04629
0.31437 -0.15597 0.02441
-0.37799 -0.59058 -0.07061
-0.36477 -0.20278 -0.01111
0.38308 0.63529 0.09666
0.31437 -0.03465 0.00909
0.30508 0.51230 0.01986
-0.30928 0.35362 0.02039
-0.37270 0.75926 0.04407
-0.30928 0.00899 -0.00129
0.20714 0.47459 0.01986
-0.31400 -0.13469 0.04629
-0.30693 0.69845 -0.00657
0.32638 -0.85027 0.01986
-0.15144 -0.84833 -0.00657
0.29404 -0.74097 -0.00657
0.30764 -0.87666 -0.00657
-0.23183 -0.20310 0.01986
0.23824 -0.88754 0.01986
0.33590 0.08466 -0.00657
0.36526 0.79035 0.10440
0.40632 0.43333 -0.14530
0.34835 -0.71707 -0.00657
-0.37270 -0.48884 0.03289
0.26443 -0.84480 0.01986
0.28256 -0.89561 0.02547
0.38043 -0.51967 -0.11759
0.38043 0.07726 -0.08957
-0.31351 -0.44301 -0.00657
0.35700 0.49071 0.01986
-0.05314 -0.25444 0.01986
0.31437 0.46003 0.00414
0.31437 0.48739 0.03893
0.42503 -0.59697 -0.15587
0.38043 0.22081 -0.05141
0.38043 0.48165 -0.11317
0.31154 -0.73323 0.04629
-0.24015 -0.83574 0.04629
0.39040 0.28131 -0.14530
-0.37799 -0.02307 0.00696
0.11410 0.68076 0.04629
-0.39656 0.72579 -0.14530
0.34487 0.57211 0.01986
0.23723 0.79035 0.06809
-0.09984 -0.76563 0.01986
0.36217 0.34991 0.01986
0.16802 0.66437 -0.00657
-0.33251 0.60960 0.01986
-0.37534 0.40547 0.11503
-0.35512 0.48921 0.04629
0.15405 -0.74038 0.01986
-0.39804 -0.14339 -0.15587
0.38308 -0.05697 0.05954
0.37358 -0.42881 -0.02903
-0.31400 0.78506 -0.00418
-0.41097 -0.33826 0.11896
0.10779 0.70884 0.01986
-0.40056 -0.38781 0.10839
-0.04328 -0.80557 0.04629
0.29624 0.75960 0.01986
0.33756 -0.33741 0.01986
0.10552 -0.72649 -0.00120
-0.37534 -0.07913 -0.09096
0.38308 -0.03673 -0.00557
0.17729 -0.76380 0.01986
0.03280 0.62796 0.01986
0.37357 0.61552 0.04629
-0.37534 -0.28603 0.08314
-0.30928 0.38784 0.01606
0.38308 -0.48076 -0.04468
-0.37799 -0.39171 0.09171
-0.16860 -0.79722 0.04629
-0.38920 0.15675 0.11896
0.08805 0.45229 0.01986
-0.08557 -0.79375 -0.00657
-0.37799 0.38119 0.06806
-0.37534 -0.72422 0.05476
-0.04147 -0.76151 0.04629
-0.33912 -0.57522 0.01986
0.38043 -0.44988 0.06287
0.05913 -0.72649 -0.00163
-0.37924 0.74504 -0.15587
0.40377 -0.50869 -0.14530
0.08800 0.79035 -0.13688
0.38043 -0.10773 -0.08424
0.38043 0.67128 0.09816
-0.07288 0.69161 0.01986
0.36986 0.08854 -0.02726
0.38308 0.31872 -0.08517
-0.21067 -0.85837 0.04629
-0.05836 0.66419 -0.00657
-0.36292 0.67727 0.04629
0.33258 -0.33512 0.04629
-0.06709 0.61656 0.01986
-0.30928 0.43232 0.03622
0.08340 0.78506 0.01422
-0.26966 0.14058 0.01986
-0.34171 -0.47479 0.01986
0.38043 0.38845 -0.05504
0.34263 -0.71830 0.04629
-0.30928 -0.54990 0.00938
0.05494 -0.79493 0.04629
-0.37799 -0.20972 -0.09188
0.02203 0.78771 -0.04593
-0.34991 0.00659 0.01986
-0.39841 -0.22121 0.11896
0.38308 0.45890 0.03594
0.09328 0.19937 0.01986
-0.29486 0.76790 0.01986
-0.13862 -0.50664 0.01986
0.33653 0.28289 0.01986
-0.16026 0.67628 0.01986
-0.20517 0.49676 0.01986
-0.08020 0.76898 0.04629
-0.37799 0.42980 0.05070
-0.37799 -0.84227 0.09254
0.38043 -0.52900 -0.05748
-0.29198 -0.73195 0.04629
0.12638 0.66557 0.01986
-0.37534 0.18058 0.10981
0.38308 -0.66443 -0.08224
-0.10146 -0.47600 0.01986
0.36617 0.67353 -0.00657
0.03778 0.65822 0.04073
0.38043 -0.79901 0.09521
-0.37799 -0.29233 -0.14430
0.38308 0.57613 -0.06664
-0.35963 -0.50693 0.01986
-0.33960 0.61848 -0.00657
-0.37799 -0.34650 0.04024
-0.11463 -0.28428 0.01986
-0.32215 0.79035 -0.09811
-0.42027 0.20393 -0.15317
-0.37534 -0.75590 0.00804
0.39226 0.81011 -0.14530
-0.41721 -0.80818 -0.14530
-0.42027 -0.72555 -0.15199
-0.39564 -0.43170 0.11896
-0.37799 -0.87484 -0.00479
0.34849 0.10778 -0.00657
0.38308 0.12290 -0.05935
0.38308 -0.14010 0.03172
0.18712 0.78771 -0.04027
-0.29201 -0.20813 0.01986
-0.37534 -0.24279 -0.14147
0.09833 0.83263 0.11558
0.23868 0.82647 0.11896
-0.23655 -0.89561 0.02144
-0.37534 -0.31163 0.07587
0.38043 -0.06985 -0.03035
0.12382 -0.37432 0.01986
-0.37534 0.44823 0.09971
0.35391 -0.35253 -0.00657
-0.39495 -0.87383 0.11896
-0.42027 -0.61880 -0.14792
-0.14232 -0.45537 0.01986
-0.35135 -0.20291 -0.08953
-0.37534 -0.77934 -0.04214
-0.36371 -0.29536 0.01986
-0.42027 -0.15555 -0.14971
-0.12205 -0.89490 -0.00657
0.07912 0.71481 0.01986
0.33482 0.19833 0.01986
0.40661 0.23928 0.11896
0.38043 0.51741 0.09588
-0.35214 0.28074 0.04629
0.38043 0.26521 -0.08381
0.36986 0.48167 -0.02614
0.33305 -0.56674 -0.00657
0.38043 -0.07963 -0.08989
0.38377 0.25400 -0.15587
0.22291 -0.87456 0.04629
-0.36902 -0.66009 -0.00657
0.03965 -0.18218 0.01986
0.24268 -0.86916 -0.00657
0.27342 -0.75926 0.01986
0.08857 -0.09331 0.01986
-0.34089 -0.33767 0.04629
-0.22049 0.78352 0.01986
0.40194 -0.07154 0.11896
0.21036 -0.70972 0.01986
-0.39947 -0.09302 -0.15587
-0.00805 0.78506 0.02404
-0.37534 -0.57040 -0.00504
-0.19130 0.09424 0.01986
0.33085 -0.78063 -0.00657
-0.30758 -0.50778 0.01986
-0.40777 0.69294 0.10839
-0.06069 0.82591 -0.14530
0.40201 -0.19689 0.10839
0.07233 0.79035 -0.07753
0.39405 0.26683 0.11896
-0.10442 -0.72649 0.01907
0.38308 -0.68777 0.05795
0.06491 0.81675 -0.15587
-0.27254 -0.39627 0.01986
0.13292 -0.80507 0.01986
-0.37799 -0.15409 -0.08521
-0.37677 -0.90090 -0.04687
0.31940 0.05213 0.04629
-0.34564 0.57621 -0.00657
-0.37534 0.20554 -0.06107
0.18412 -0.85509 -0.00657
0.38308 0.67659 0.04404
-0.36477 -0.33616 -0.02423
0.06613 -0.01173 0.01986
-0.00192 -0.39247 0.01986
-0.27527 0.76854 -0.00657
0.39832 -0.64335 -0.15587
-0.30928 -0.26403 -0.00078
-0.37534 -0.84298 0.04642
-0.34876 0.35183 -0.00657
-0.37534 0.19874 0.03579
