-0.36780 -0.51796 -0.23848
0.00306 -0.59604 0.62608
-0.39148 0.46565 -0.73539
0.38156 -0.14550 -0.19366
-0.28216 -0.19410 -0.69669
-0.26980 0.49773 0.63830
-0.29280 0.49773 -0.11448
0.38156 0.03605 0.58356
0.39417 0.47811 -0.73539
0.33549 -0.59869 -0.60043
-0.38679 -0.17908 0.43574
0.41649 0.49773 0.02507
0.38156 -0.62595 0.30408
-0.36780 0.06845 -0.05106
-0.29700 -0.07512 0.67943
-0.29181 0.49773 -0.04648
0.26280 0.49773 0.03374
0.31449 -0.06029 -0.69669
0.21680 0.49773 0.59792
-0.28295 -0.61362 -0.60043
-0.30318 -0.59604 0.62664
-0.00669 0.27973 -0.69669
-0.36780 0.20212 0.55235
0.29355 -0.36209 0.67943
0.38156 -0.64739 -0.17271
0.10790 0.49773 -0.43851
0.38156 -0.13654 0.31148
-0.11033 0.49773 -0.07924
-0.36780 -0.59399 0.25305
0.38156 0.23686 -0.38321
-0.37430 0.24316 -0.40263
0.05641 0.22303 0.67943
0.03498 -0.46586 -0.69669
-0.34669 0.49773 0.31977
-0.36780 0.08262 0.18872
-0.36794 -0.17084 -0.40804
0.38156 -0.41571 0.06202
0.38156 0.19505 0.03181
-0.36780 -0.27504 0.02308
0.27576 -0.59604 0.59998
0.38156 0.13371 -0.48759
0.28125 0.49773 -0.33665
0.38156 0.30646 0.32864
-0.08856 0.49773 -0.72734
0.03510 0.49773 0.27946
-0.05810 -0.29129 0.67943
-0.10248 0.49773 0.57062
0.38156 -0.36061 -0.42477
-0.33626 0.14268 -0.69669
-0.25047 0.49773 -0.44401
0.38156 0.35208 0.67631
0.00075 -0.62039 -0.60043
-0.03549 -0.07163 -0.69669
-0.36780 0.36247 0.05291
0.31685 -0.38318 -0.69669
-0.36780 -0.36473 -0.50234
0.23461 0.20665 -0.69669
0.12743 0.34626 0.67943
0.38156 0.27318 -0.10746
0.17110 -0.06368 0.67943
-0.36780 -0.43954 0.51752
-0.15026 0.49773 -0.43184
0.38156 -0.36603 0.44863
-0.13482 0.15199 0.67943
-0.36780 -0.59472 0.04036
0.29411 0.49773 -0.64069
-0.38788 0.30595 -0.26376
0.38156 -0.39724 0.40500
-0.31122 0.49773 0.45356
-0.38679 -0.01391 0.41902
0.38156 -0.07249 0.09166
0.38156 0.06731 0.48783
-0.36780 -0.01979 -0.38552
-0.36690 -0.05203 0.67943
0.26125 0.49773 0.33673
0.38156 0.26548 -0.63573
-0.23061 -0.46992 -0.69669
-0.36780 -0.35561 0.18586
0.15728 -0.59676 0.57756
0.38156 -0.50475 -0.43074
0.11029 0.49773 -0.17555
-0.29458 -0.37334 0.67943
-0.36780 -0.35812 -0.04366
0.38156 0.27588 0.25955
-0.19060 -0.64797 0.65970
0.31603 -0.06624 0.67943
-0.26990 0.29741 0.67943
0.08799 -0.47722 0.67943
0.38156 -0.52289 -0.10653
-0.40620 0.49773 0.01096
0.04994 0.10662 -0.69669
-0.15809 0.49773 0.18221
-0.36780 0.39633 0.49835
-0.36966 0.30595 0.26500
-0.40224 0.49773 -0.36925
0.38156 -0.12603 -0.53579
-0.36780 0.08838 -0.26123
0.38156 -0.17255 -0.41294
0.13526 -0.24256 -0.69669
-0.36780 -0.58696 -0.45009
-0.38679 -0.19124 -0.16871
0.38156 -0.63426 0.41477
0.38156 -0.17698 0.57418
0.25232 0.20019 0.67943
0.41187 0.49773 0.56445
-0.36780 -0.14767 0.23823
-0.16348 0.32873 0.67943
0.38156 0.38919 -0.23981
-0.05614 -0.06506 0.67943
-0.07862 -0.26126 -0.69669
-0.36780 -0.39762 0.40226
0.38156 0.05545 -0.23259
-0.36780 -0.06949 -0.60090
0.38156 0.44821 -0.48201
0.18747 -0.64050 -0.69669
-0.25146 0.35377 -0.69669
0.38156 -0.64202 0.09201
0.38156 -0.05972 -0.37005
0.02631 0.49773 0.06091
-0.20522 -0.40860 -0.69669
0.10597 0.45973 -0.69669
0.38156 -0.58286 -0.64064
0.37111 -0.26288 -0.69669
-0.36780 0.40784 -0.54348
0.35772 -0.53851 0.67943
-0.36780 -0.07876 0.04124
0.07292 -0.62990 0.57756
0.16070 -0.19238 -0.69669
-0.15154 0.49773 0.32232
0.38156 0.05503 0.27595
-0.22708 0.01448 -0.69669
-0.36780 -0.09337 -0.10180
0.38156 -0.33313 0.20370
-0.33852 0.49773 0.15541
0.38156 0.03012 -0.07568
0.05673 0.49773 0.71739
0.42027 0.46704 0.23696
0.38156 -0.32645 -0.14130
-0.36780 0.32592 -0.61336
0.33793 0.03373 -0.69669
-0.36780 -0.43569 0.13982
-0.38606 0.11813 -0.00504
-0.05860 0.49773 -0.59667
0.07647 -0.18364 0.67943
-0.21880 -0.64797 0.59291
-0.36780 0.26408 -0.12365
-0.36780 -0.33476 -0.33926
-0.09213 -0.59964 -0.60043
-0.38852 0.13038 0.37237
0.38156 0.33218 0.49210
0.38156 -0.25830 -0.03089
-0.10925 -0.57884 -0.69669
0.38156 0.33005 0.08950
0.38156 -0.46386 -0.27528
-0.36780 0.40373 0.62019
-0.36780 -0.26715 -0.55871
-0.36780 -0.26262 0.59186
-0.38852 0.31347 -0.37305
-0.36780 -0.50480 -0.62010
-0.22037 -0.23164 0.67943
0.16317 0.47087 -0.73539
-0.38852 0.14445 -0.54607
0.34529 0.49773 -0.11293
-0.39263 0.46493 -0.23427
0.13922 0.49773 0.16988
-0.24679 0.49773 -0.61645
-0.30131 0.22091 0.67943
0.38156 -0.49114 0.19876
0.06928 0.06516 0.67943
-0.38161 0.24098 0.25879
-0.25066 -0.04799 -0.69669
0.13306 0.25905 -0.69669
0.38156 -0.39102 -0.59619
0.35729 -0.32142 0.67943
-0.36780 -0.34797 -0.68112
0.38156 0.19427 0.62277
0.38156 -0.08670 0.38024
-0.16935 0.49773 -0.22705
-0.36780 -0.03660 -0.25910
-0.14036 -0.48792 0.67943
-0.07482 -0.45702 0.67943
-0.36780 -0.58414 0.44630
0.18048 0.49773 -0.45943
0.04809 0.49773 0.45102
-0.16057 0.19160 -0.69669
0.29808 0.37602 -0.69669
0.03172 0.49773 -0.33503
-0.29450 0.49773 -0.29044
0.31084 0.40881 0.67943
0.38156 -0.48901 0.52553
0.27856 0.36752 0.67943
-0.36780 -0.54246 0.61694
0.38156 0.18124 0.21438
0.13640 -0.41895 -0.69669
-0.36780 -0.34538 -0.17902
-0.28320 0.05997 0.67943
-0.36780 -0.55654 -0.28378
-0.36780 -0.21652 0.59692
-0.36780 0.34883 0.59358
-0.04440 0.49773 -0.25787
-0.35378 -0.16421 -0.69669
-0.07745 -0.59604 0.59849
-0.36780 0.06311 -0.52054
0.40738 0.49773 0.41960
0.24199 -0.62347 0.67943
0.15220 -0.02571 -0.69669
0.26347 0.08780 0.67943
-0.36780 0.04469 0.56111
-0.36780 -0.59283 0.15664
0.38156 -0.01712 -0.32787
0.28073 0.49773 -0.17395
-0.36780 0.21591 0.03548
-0.36780 -0.23026 0.10262
0.38156 -0.28670 -0.28820
0.38156 0.17146 -0.03368
-0.14925 0.42967 0.67943
0.38156 -0.08138 -0.06886
0.38156 -0.35078 0.62480
-0.36780 0.06682 -0.12132
0.27194 -0.55525 -0.69669
-0.38506 -0.28346 0.30948
-0.36780 0.44344 0.23676
-0.36780 -0.14285 0.36500
-0.08936 0.36049 -0.69669
-0.36780 0.36176 -0.06085
0.38156 -0.19315 0.17892
0.38156 0.40246 -0.63488
-0.20948 -0.46351 0.67943
-0.36780 -0.59120 -0.10893
0.38156 -0.62595 -0.32719
0.38156 -0.24705 0.42383
-0.36780 0.40863 0.39089
-0.16055 -0.64727 -0.69669
0.38156 0.41191 -0.03549
0.26954 -0.21121 0.67943
0.13941 -0.36303 0.67943
-0.32153 -0.59594 -0.69669
0.19131 0.46493 0.69646
0.38156 0.47274 0.35723
-0.36780 -0.41952 0.61781
-0.20756 0.49773 0.04054
-0.36780 0.23214 0.40137
-0.02275 0.34681 0.67943
-0.10306 -0.15414 0.67943
0.13015 0.49773 0.41836
0.41564 0.46493 0.69024
0.25694 0.49773 0.50218
0.41698 0.46493 -0.36384
0.38156 0.18534 0.41155
-0.10084 0.08634 -0.69669
-0.38679 -0.01025 0.29920
0.33899 0.49773 0.12938
0.19069 0.35582 -0.69669
0.38156 0.09314 -0.60186
-0.21491 0.49773 0.50323
0.11480 -0.60526 -0.60043
0.03391 -0.59623 -0.69669
-0.36780 -0.11447 0.45766
0.38156 0.25339 -0.49142
-0.31880 0.27093 -0.69669
-0.38226 0.11813 -0.39653
-0.19117 0.01116 0.67943
0.13020 0.49773 -0.61060
0.16689 -0.30445 0.67943
-0.40651 0.47578 -0.12852
0.10597 0.49773 0.60643
0.13833 0.49773 -0.02646
-0.40651 0.49649 0.56896
0.37664 -0.64797 0.60583
0.37848 0.14327 0.67943
0.01665 -0.32592 -0.69669
-0.13216 -0.15551 -0.69669
0.38156 0.23489 -0.25156
0.38156 -0.42583 -0.31921
-0.36780 -0.45115 0.29371
-0.08472 -0.64797 0.66438
-0.36780 -0.21590 -0.30925
-0.36780 -0.25327 0.46268
-0.11790 -0.50756 -0.69669
0.38156 -0.04250 0.56254
0.14160 -0.55266 0.67943
0.22380 -0.48451 0.67943
0.38156 -0.25575 -0.50533
0.23337 -0.64797 -0.62122
0.38156 0.11478 -0.37999
0.38156 -0.26229 -0.15725
-0.16182 0.49773 -0.30007
0.28017 -0.17550 -0.69669
-0.36780 0.19940 0.17294
0.38156 -0.04643 -0.64237
0.18661 0.49773 -0.28693
-0.36780 -0.03704 -0.43655
0.38156 -0.61374 -0.52413
-0.26102 0.47620 -0.73539
-0.36780 -0.46658 -0.11798
0.38156 0.06306 0.00335
0.02694 0.49773 0.15600
0.38156 -0.61581 -0.03040
0.27504 0.49773 0.17823
0.35734 0.16680 -0.69669
-0.04388 0.49773 0.37272
-0.36780 0.23513 -0.54460
-0.00038 0.21789 -0.69669
0.38156 0.36907 -0.43532
0.38156 0.07827 0.14084
-0.37096 0.21055 -0.23662
-0.38506 -0.47917 -0.47155
0.18899 -0.26674 -0.69669
0.38156 0.15367 -0.15715
0.38156 0.39598 -0.10737
-0.36780 -0.44121 -0.40895
0.38156 -0.42077 0.29190
-0.36780 -0.04604 0.20762
0.38156 -0.27862 0.08501
0.11119 0.37043 -0.69669
0.40107 0.49773 -0.58287
-0.39966 0.46493 -0.61840
-0.20785 -0.29323 -0.69669
-0.09567 0.22775 0.67943
0.38156 -0.14975 -0.67059
0.22306 0.49773 -0.11493
-0.08548 0.47599 0.71814
-0.40651 0.49219 0.68790
0.38156 -0.26303 0.31483
-0.00825 0.49773 -0.11291
-0.36780 0.38291 -0.14793
0.38156 -0.18730 -0.34764
0.18506 0.29841 0.67943
0.29377 0.49773 -0.49747
0.38156 0.38701 0.18778
0.38156 -0.45962 0.14920
-0.05425 0.49773 0.24864
-0.36780 -0.02361 0.10343
-0.38506 -0.28433 -0.42357
0.38156 0.13555 0.50314
-0.38620 -0.19192 -0.60072
0.38156 -0.14239 0.00191
-0.00567 0.49773 -0.48415
-0.36780 -0.31413 -0.08488
-0.38161 0.20609 -0.34302
-0.11765 -0.34274 -0.69669
0.38156 0.39133 0.51954
0.05653 -0.14930 -0.69669
0.38156 -0.05872 -0.20229
-0.36780 -0.33262 0.47441
0.38156 -0.04236 0.19042
0.13068 -0.54105 -0.69669
-0.36780 0.02898 -0.64843
0.38156 -0.12998 0.46617
0.38156 0.28078 -0.17028
-0.36780 0.12822 0.65234
0.22502 0.07024 -0.69669
0.36429 0.49773 0.59571
-0.31999 0.49773 -0.53455
0.38156 0.41215 0.06945
0.38156 -0.51086 0.00928
0.38156 -0.52646 0.11293
0.38156 0.25824 0.00290
-0.17616 -0.29281 0.67943
-0.10905 0.49773 0.04253
-0.36780 -0.46384 -0.00401
-0.36780 -0.18953 0.64844
0.38156 -0.51510 0.38787
-0.36780 0.26479 -0.06078
0.38156 -0.01602 -0.68846
0.38156 -0.34837 -0.02023
-0.36780 -0.25196 0.20865
-0.36780 0.41032 -0.32352
0.25704 0.49773 0.71273
-0.40651 0.48986 -0.45412
-0.36687 -0.64797 0.66142
0.02308 0.49773 -0.65671
-0.22193 0.49773 -0.10497
0.38156 0.00903 -0.54138
0.03486 -0.64797 0.67038
0.16553 0.12937 -0.69669
0.38156 0.33199 -0.29898
0.38156 0.15158 0.32505
0.38156 -0.29809 0.56842
0.20223 -0.44763 -0.69669
-0.04654 0.12598 0.67943
-0.36780 0.11063 -0.47938
-0.36780 -0.21005 0.53680
-0.36780 0.03794 0.39025
-0.36780 -0.64762 0.59687
-0.36780 0.07236 0.47567
-0.06689 0.49773 0.48380
0.40589 0.49773 -0.21925
0.36565 -0.37843 -0.69669
-0.36780 0.37835 -0.69335
0.21910 0.49714 -0.73539
0.29629 -0.30620 -0.69669
0.42027 0.47292 0.46276
-0.14277 -0.36461 0.67943
-0.09912 0.49773 -0.35903
-0.36780 -0.12716 0.14450
0.38156 0.02725 -0.42652
0.06044 -0.03392 0.67943
0.23125 0.49773 -0.26258
-0.00329 0.45199 -0.69669
-0.25850 0.49773 0.28253
-0.36780 -0.16700 -0.02448
0.38156 -0.28531 -0.39785
-0.22476 -0.59707 -0.69669
0.19379 -0.16506 0.67943
-0.36780 0.05918 0.07791
0.03756 0.17439 0.67943
-0.38852 0.29118 0.51005
-0.37865 -0.46737 -0.31934
-0.16784 -0.08006 0.67943
-0.30923 -0.39523 -0.69669
-0.38852 0.33392 0.40112
-0.36780 -0.32844 0.13684
0.38156 -0.54934 0.59151
-0.36780 0.21907 -0.63391
-0.22735 0.23715 0.67943
-0.36780 -0.54040 0.54446
-0.38506 -0.48698 0.38585
-0.22775 0.11787 -0.69669
0.38156 -0.48580 -0.62992
-0.36780 -0.11006 -0.34011
0.03175 -0.38510 0.67943
-0.36780 0.04789 -0.29583
0.38156 -0.03177 0.27528
0.38156 -0.12747 0.63944
-0.28718 0.49773 -0.21084
0.15390 0.03304 0.67943
-0.36780 -0.37792 -0.60133
-0.36780 -0.02926 -0.00793
0.13791 -0.64797 0.63185
-0.32967 0.48519 0.71814
0.13452 0.49773 0.26618
-0.05013 -0.64797 -0.69148
-0.23572 -0.54879 0.67943
0.38156 -0.55793 -0.22509
-0.36780 -0.33442 0.62852
0.34741 -0.64797 -0.67782
0.42027 0.46541 0.13371
-0.40651 0.49312 0.40454
0.13810 0.49773 -0.07673
-0.36218 0.05193 0.67943
-0.36780 0.26350 0.64980
0.38156 -0.64392 0.19927
0.38156 -0.04194 -0.02755
-0.32109 -0.49444 0.67943
-0.16494 -0.20117 -0.69669
-0.36780 -0.15837 -0.49756
0.38156 0.36598 -0.52371
-0.36780 -0.58118 -0.55591
-0.37127 0.14960 -0.19202
-0.12782 -0.03119 -0.69669
0.38156 -0.07564 -0.46746
-0.18226 0.49773 -0.53739
0.36104 -0.15802 0.67943
-0.36780 0.35760 0.30569
0.22756 0.49773 -0.39708
0.38156 -0.37445 -0.22909
0.17700 -0.10074 -0.69669
0.12513 0.49773 -0.52281
-0.35816 -0.64797 -0.64515
0.02106 0.42400 0.67943
-0.32652 0.49773 -0.65542
-0.17564 0.41750 -0.69669
-0.36780 0.26781 0.09691
0.05707 -0.04070 -0.69669
0.34135 0.49773 -0.71378
0.38156 -0.44336 0.67797
0.35590 0.02946 0.67943
0.38156 0.37145 0.40034
-0.00429 -0.12700 0.67943
-0.33205 0.37402 0.67943
0.13109 0.14696 0.67943
0.38156 -0.50633 -0.37553
0.38156 0.23263 0.12405
0.38156 0.29065 0.59236
-0.39723 0.49773 0.30943
0.38156 0.03347 0.37642
0.38156 -0.16652 0.09239
-0.00871 -0.51043 0.67943
-0.36780 -0.06589 -0.19536
-0.36780 0.38490 -0.42345
0.04695 0.32029 -0.69669
-0.36780 -0.26906 -0.21650
0.38156 -0.32333 -0.52924
-0.40180 0.46493 0.46896
-0.27499 0.49773 0.14550
0.32091 0.49773 -0.43095
0.02167 0.01324 -0.69669
-0.36780 -0.38174 -0.27791
0.41811 0.46493 -0.29268
-0.36780 -0.04537 0.52697
0.42027 0.48468 0.28767
-0.35756 0.49773 -0.08651
-0.35944 0.49773 0.09141
0.38156 0.27448 0.42032
-0.01292 -0.19600 -0.69669
-0.36961 -0.46737 -0.55584
0.41404 0.49773 -0.50202
-0.34645 -0.48958 -0.69669
0.38156 -0.15250 0.36430
0.22959 0.32875 -0.69669
-0.05936 0.49773 0.13032
-0.09701 0.03467 0.67943
-0.36780 0.38138 0.15800
-0.15181 0.49773 -0.64885
-0.36780 0.16345 0.09381
0.25906 0.00507 0.67943
-0.14823 0.49773 0.66702
0.31397 0.17258 0.67943
0.38156 -0.43461 -0.06570
-0.34363 0.04000 -0.69669
-0.38852 0.30863 0.17774
0.42027 0.47814 -0.08293
0.38156 -0.46404 -0.52004
-0.36780 -0.10475 0.55255
-0.14401 0.49773 0.42193
0.33023 0.49773 0.25133
-0.20065 0.27349 -0.69669
-0.04216 0.13245 -0.69669
0.38156 -0.21577 -0.57537
-0.36780 -0.10121 -0.50639
0.34345 -0.62214 0.67943
0.38156 0.34899 -0.06208
-0.04203 0.00712 -0.69669
-0.29602 -0.17330 0.67943
-0.36780 0.12426 -0.61552
-0.36780 -0.54795 -0.35397
-0.36860 -0.49883 0.09309
0.05115 0.49773 0.51505
-0.37079 0.11813 0.27600
-0.36780 0.17368 -0.08153
-0.38022 0.15745 0.48859
-0.30185 -0.28135 0.67943
0.34209 0.49773 0.54503
0.38156 -0.18667 -0.24290
0.03398 -0.25399 0.67943
0.38156 -0.63860 0.50984
-0.12255 0.49773 0.13569
-0.35994 -0.24613 -0.69669
-0.36780 -0.58165 0.34810
-0.36780 -0.54637 -0.01468
-0.40651 0.49040 0.20939
0.08341 0.49773 0.35608
-0.36780 0.02175 -0.20839
0.10788 0.25109 0.67943
-0.36780 -0.12934 -0.26997
-0.36780 -0.23503 0.36706
0.38156 -0.55660 0.23750
0.38156 0.40181 0.62779
0.38156 -0.17206 -0.10271
0.38156 0.13861 -0.26876
-0.36780 -0.41435 -0.19213
0.38156 0.20643 -0.56639
0.06962 0.49372 -0.73539
0.38156 -0.42104 -0.15592
0.30745 0.26225 -0.69669
0.38156 -0.61522 -0.41151
-0.34291 -0.04776 -0.69669
-0.22242 0.43838 0.67943
0.33921 -0.49946 -0.69669
0.32509 -0.60387 -0.69669
0.38156 0.13625 0.07210
-0.36780 -0.39488 0.06612
0.38156 -0.48062 -0.18441
-0.07266 0.30070 0.67943
-0.02794 -0.53048 -0.69669
0.38156 0.08627 0.37761
-0.38206 -0.01449 -0.08380
-0.36780 0.05487 0.28108
-0.36780 0.18341 -0.29212
0.14045 0.49773 0.07737
0.30147 -0.45058 0.67943
-0.32244 0.49773 0.56694
0.38156 -0.54256 0.45449
-0.36780 -0.22416 -0.47295
0.38156 -0.39765 0.54675
0.42027 0.49726 -0.66127
0.21611 0.40732 -0.69669
0.06461 0.49773 -0.05786
0.38156 -0.33724 0.29583
0.11863 0.49773 -0.34762
0.10310 0.44047 0.67943
0.05903 0.28686 0.67943
0.38156 -0.04484 0.47448
-0.36780 0.33898 -0.48562
0.29855 -0.46998 -0.69669
0.38156 -0.44647 0.45710
-0.13679 -0.58496 0.67943
-0.38852 0.30713 -0.45444
0.38156 -0.05200 -0.11038
0.22756 0.49773 0.11643
-0.36780 -0.01476 -0.53334
-0.36780 0.39173 -0.23083
0.38156 -0.32575 -0.64322
-0.26402 -0.64797 0.66804
-0.10920 -0.64797 0.57843
-0.07442 -0.43284 -0.69669
-0.38506 -0.48156 0.20921
-0.22350 -0.59604 0.64742
0.24070 -0.09619 -0.69669
0.21820 -0.39842 0.67943
-0.36780 -0.11328 0.29934
0.31804 0.25337 0.67943
0.38156 -0.22356 0.51744
-0.13372 -0.24457 0.67943
0.38156 -0.04165 0.65181
0.06518 -0.64797 -0.64666
-0.23009 0.49773 0.56999
-0.36780 -0.58194 -0.20016
0.31229 0.10677 -0.69669
-0.08513 0.24948 -0.69669
-0.29408 -0.29121 -0.69669
-0.20529 -0.64797 -0.62498
-0.01298 -0.00073 0.67943
0.20068 0.49773 -0.58555
0.32491 0.49773 -0.26243
-0.22504 -0.37808 0.67943
0.38156 0.05140 -0.14613
-0.35567 -0.43148 0.67943
0.10900 -0.32125 -0.69669
-0.36780 0.18152 -0.45053
-0.27050 0.49773 -0.37337
-0.22824 0.49773 0.36184
0.17281 0.49773 0.48330
-0.37763 -0.36837 0.29721
-0.06512 0.49773 -0.42094
0.38156 0.39779 0.32251
-0.00743 0.49773 0.57761
-0.36780 -0.36945 0.55027
-0.38279 0.30595 -0.18599
0.36999 0.30774 -0.69669
0.28105 -0.64797 0.61485
-0.21755 -0.12597 -0.69669
0.22341 0.13986 0.67943
-0.17586 -0.60938 -0.60043
0.38156 -0.09371 -0.27863
-0.36780 0.08439 -0.34138
0.00607 0.49773 0.35593
-0.36780 -0.20588 0.29489
0.06105 -0.58714 0.67943
0.38156 -0.13349 0.22806
0.38156 -0.42649 -0.40804
-0.21350 0.49683 0.71814
0.32869 0.48456 0.67943
-0.21696 0.06998 -0.69669
-0.37959 -0.27955 -0.14966
-0.16655 -0.59604 0.59792
0.27200 -0.53712 0.67943
-0.36780 -0.58398 -0.63808
0.10012 0.03486 -0.69669
-0.40651 0.48448 0.13947
-0.23335 -0.31826 0.67943
0.33641 0.49773 -0.55732
0.08882 0.49773 -0.25203
0.38156 0.08126 0.22074
-0.39186 0.49773 -0.55588
-0.37984 -0.20231 -0.10250
0.34431 -0.24297 0.67943
-0.36780 0.43890 -0.03146
0.06129 -0.53757 0.67943
-0.38852 0.32073 -0.01520
0.38156 0.36606 -0.16240
0.21017 0.49773 0.40148
-0.28614 0.42752 0.67943
-0.15992 0.32442 -0.69669
-0.36780 -0.51824 0.33439
0.38156 -0.28381 -0.07253
-0.34336 -0.57182 0.67943
0.26093 -0.12662 0.67943
0.37839 0.24647 0.67943
0.38156 0.43009 -0.54227
0.38156 0.15858 -0.64860
-0.36780 -0.05183 0.35405
0.34937 0.49773 -0.36575
0.23725 -0.36937 -0.69669
-0.27170 0.37768 0.67943
0.38156 -0.10796 0.15173
-0.01136 -0.23203 0.67943
-0.26235 0.21517 -0.69669
0.38156 -0.54779 0.31852
0.05085 -0.53338 -0.69669
0.38156 0.26055 0.19980
-0.37850 -0.31102 0.39797
-0.36780 0.24393 0.47901
0.14456 -0.22145 0.67943
-0.38679 -0.01074 -0.15812
-0.05790 0.41946 0.67943
0.10819 -0.10637 0.67943
0.38156 0.13205 0.62333
0.38156 -0.35250 -0.34343
-0.20621 0.11764 0.67943
0.10748 -0.41649 0.67943
0.38156 0.01648 0.09748
0.02538 0.49773 0.66212
0.22079 0.49773 -0.03421
-0.04785 0.49773 -0.02950
-0.01512 -0.64797 0.59152
-0.38852 0.13482 0.13774
-0.34879 0.49773 -0.33939
0.38156 0.04358 -0.63818
-0.36780 0.19534 0.33185
0.38156 -0.53400 -0.58199
-0.36780 -0.21850 0.02598
0.38156 -0.28011 0.46254
-0.36780 0.29629 0.04614
0.38156 0.05721 -0.30075
0.38156 0.24298 0.46598
0.38156 -0.53151 -0.31429
-0.36780 0.12694 0.57452
-0.38852 0.33494 0.47725
-0.36780 -0.46707 0.44808
-0.36780 0.07850 0.32146
-0.36780 -0.13324 -0.60745
-0.00700 -0.35589 0.67943
-0.02654 0.37143 -0.69669
0.33196 0.42593 -0.69669
0.08845 -0.30915 0.67943
-0.11255 0.43325 -0.69669
-0.36780 0.44182 0.31314
-0.38679 0.01633 0.02984
-0.36780 0.41999 -0.63528
-0.36780 0.30488 -0.54503
0.38156 0.44342 -0.42832
-0.09344 0.49773 -0.49397
0.38156 -0.27480 0.24914
0.38156 0.18373 -0.11238
-0.36780 -0.01663 0.60851
0.06582 0.18687 -0.69669
0.29399 -0.28592 0.67943
-0.36780 -0.14363 0.08290
0.19073 0.49773 0.29166
-0.36780 -0.39723 -0.08649
-0.36555 0.49773 0.62448
0.38156 -0.00187 -0.20601
-0.36780 0.03077 -0.43786
-0.36780 0.16561 0.24596
0.22758 -0.02070 -0.69669
0.38156 0.32021 -0.58294
-0.29246 0.14955 0.67943
0.19036 -0.56098 -0.69669
-0.18741 -0.17371 0.67943
0.04593 0.39872 -0.69669
-0.14612 0.04558 -0.69669
0.19366 0.26245 -0.69669
-0.36058 -0.25799 0.67943
0.03583 0.49773 -0.58617
-0.36780 -0.43546 0.34082
0.38156 -0.25638 0.62735
-0.38506 -0.49364 -0.39638
-0.11245 0.49773 -0.17703
-0.36780 0.28093 0.34670
0.38156 -0.49504 0.27458
0.38156 -0.11524 -0.34923
0.38156 0.23958 0.54854
0.38156 -0.13326 -0.59746
-0.36780 -0.44315 -0.24774
0.29460 0.49773 0.60193
-0.36780 -0.50457 -0.16561
-0.04245 -0.58861 0.67943
-0.36780 -0.11514 0.62100
0.38156 -0.39727 -0.52397
0.18903 0.39981 0.67943
0.34547 0.49773 0.30577
-0.31470 0.49773 0.22357
0.38156 0.43172 0.44000
-0.36780 -0.03715 -0.33530
-0.23963 -0.03513 0.67943
0.09921 0.49773 0.04288
0.38156 0.25980 -0.31507
-0.27927 -0.12597 -0.69669
-0.36780 -0.25208 -0.63584
-0.36780 0.36147 -0.29845
-0.08961 0.17590 -0.69669
0.38156 -0.10598 0.51174
-0.32594 0.49773 -0.46011
0.38156 -0.36381 -0.07708
-0.36780 -0.10680 -0.41279
-0.34746 0.20524 -0.69669
-0.16899 0.22466 0.67943
0.34597 -0.59604 0.58284
0.38156 0.34523 0.01976
-0.36780 -0.33089 -0.55701
-0.36780 -0.08800 -0.66487
-0.29946 0.09048 -0.69669
0.11703 0.49245 0.67943
0.38156 -0.16169 -0.47279
-0.17521 0.47030 -0.73539
-0.27246 -0.53085 -0.69669
-0.37616 0.33741 0.12690
-0.36780 0.44584 -0.40480
-0.36780 -0.31768 -0.25771
0.38156 0.45818 -0.15631
-0.38506 -0.48828 -0.04386
-0.36780 -0.44793 0.04983
-0.36780 -0.40554 -0.34722
0.38156 0.21785 0.34803
0.38156 -0.49637 0.62775
0.38156 -0.57793 0.63647
-0.37742 0.11813 0.05538
-0.38679 -0.00973 0.16896
0.38156 -0.26190 0.16409
-0.27495 -0.64797 -0.68408
0.19782 0.49773 -0.65817
0.38156 -0.62518 -0.59290
0.10329 -0.10020 -0.69669
0.06842 -0.26198 -0.69669
-0.07490 0.49773 0.65153
-0.18358 -0.51283 -0.69669
0.38156 0.44102 0.56840
-0.36780 -0.20646 -0.35935
0.22624 -0.64797 0.62003
-0.12256 -0.00639 0.67943
0.04366 0.35559 0.67943
0.38156 0.31175 -0.44908
0.21077 -0.25008 0.67943
0.17795 0.20111 0.67943
-0.20339 0.49773 -0.36038
0.38156 -0.19307 0.25661
0.25001 0.49773 0.24561
-0.37438 -0.20231 0.18964
0.38156 0.31367 -0.22985
0.38156 0.23379 -0.06387
0.11585 -0.59604 0.64489
0.39510 0.49773 0.49788
0.38156 -0.57366 0.05942
0.15482 0.20337 -0.69669
0.11574 -0.61037 -0.69669
0.01461 0.12876 0.67943
0.20786 -0.56505 0.67943
-0.36780 -0.52428 0.26777
-0.36780 -0.41260 -0.65997
0.38156 -0.58174 -0.14401
0.04366 -0.38435 -0.69669
0.37837 0.43186 0.67943
-0.14990 0.12481 -0.69669
0.38156 0.10966 -0.67965
0.38156 -0.47183 -0.67813
-0.35086 -0.55646 -0.69669
0.05113 0.25035 -0.69669
-0.38360 0.49773 0.51421
0.38156 0.10404 -0.12026
0.18070 0.49773 -0.17732
0.14711 0.31499 -0.69669
-0.35506 0.17360 0.67943
0.38156 -0.29146 -0.22012
-0.35852 0.46493 0.68000
-0.37560 -0.27955 -0.31538
0.27386 0.49773 0.43025
-0.14629 0.49773 0.50884
-0.26844 0.29016 -0.69669
0.40046 0.49773 0.17821
-0.36780 0.44695 -0.18133
0.34062 -0.14678 -0.69669
-0.13078 0.49773 -0.58440
0.08764 0.49773 0.24390
0.38156 0.09456 -0.05616
-0.36780 0.38759 0.22647
0.38156 0.15520 0.15039
0.38156 0.33497 0.21044
0.38156 -0.43879 0.21069
-0.38031 0.49773 -0.27865
0.38156 0.23095 -0.18631
0.38156 -0.21827 0.02137
0.38156 -0.06713 -0.57849
0.38156 -0.21245 -0.65446
-0.27514 0.49773 0.07665
0.38156 -0.61643 -0.24127
0.28345 -0.24384 -0.69669
0.38156 0.18971 -0.33345
0.38156 0.21485 0.29025
-0.07296 -0.20703 0.67943
-0.36780 0.20305 -0.14673
0.38156 -0.35410 0.04672
-0.38506 -0.29212 -0.49770
-0.14356 0.49773 -0.01939
0.09705 -0.38703 -0.69669
0.16544 0.49773 0.55120
-0.38018 -0.27955 0.14868
0.38156 -0.10132 -0.15536
-0.05267 0.44097 -0.69669
-0.24307 0.43380 -0.69669
0.36990 0.49773 -0.43902
0.38156 0.16370 -0.42771
-0.36780 -0.32568 -0.62549
-0.12106 0.49773 0.26051
-0.36780 0.41623 0.09308
-0.36780 -0.35550 0.35074
-0.38506 -0.30797 0.06977
-0.13726 -0.44696 -0.69669
-0.38009 -0.17084 -0.22705
-0.26239 -0.33091 -0.69669
-0.03226 0.24692 0.67943
0.30026 -0.64797 -0.63852
-0.00510 0.07598 -0.69669
0.04217 -0.08798 0.67943
-0.31526 -0.00567 -0.69669
-0.30096 -0.64797 0.60250
-0.36780 0.19844 -0.50779
-0.36780 -0.28546 0.51920
0.38156 0.28198 0.12820
0.26583 0.46493 -0.71838
0.38156 0.00189 0.50053
-0.36780 0.43545 -0.09375
0.38156 -0.21589 0.38352
0.21641 -0.31853 -0.69669
-0.36780 0.33353 0.66763
0.38156 -0.57459 0.52672
-0.38679 0.00452 0.24358
0.13629 0.07918 -0.69669
0.38156 -0.42404 0.33661
0.00512 0.49299 -0.73539
-0.36780 -0.32554 0.26475
0.38156 0.08933 -0.43058
-0.32571 0.42860 -0.69669
0.38156 0.29288 -0.54392
-0.08723 0.49773 -0.65969
0.07308 0.49773 -0.38781
0.38156 0.00292 0.43585
-0.37973 0.17243 -0.59362
-0.25272 -0.13992 0.67943
-0.36085 0.31733 -0.69669
-0.38636 -0.00444 -0.60072
0.38156 -0.39931 0.17896
-0.06731 0.18781 0.67943
-0.17451 0.49773 -0.15689
0.35026 0.30750 0.67943
-0.02457 0.49773 0.70136
-0.03329 0.49773 -0.33932
0.24637 0.31949 0.67943
-0.10038 -0.64797 -0.67234
-0.37985 -0.36885 -0.43924
0.38156 0.13865 0.26167
0.38156 0.47235 -0.62026
-0.36780 0.03567 -0.58675
-0.01796 -0.43671 0.67943
0.41037 0.46493 0.08059
-0.22595 0.49773 0.22661
-0.38852 0.31436 -0.10494
0.38156 -0.53674 -0.04275
0.15954 0.43742 -0.69669
-0.07565 -0.19721 -0.69669
0.41973 0.46493 0.61385
0.34313 0.49773 0.42162
-0.36780 -0.54385 0.48007
-0.04708 -0.31780 -0.69669
0.38156 -0.38355 -0.64221
0.28298 -0.64766 0.67943
-0.33066 0.48679 -0.73539
-0.36780 0.21127 0.62510
-0.23449 0.49773 -0.30696
-0.36780 0.15238 0.42420
0.38156 -0.54990 0.17332
0.38156 -0.34632 0.50817
-0.36780 0.01735 0.50825
-0.07188 -0.34871 0.67943
0.18364 0.08931 0.67943
0.24489 -0.64797 -0.67500
0.12280 -0.04585 0.67943
0.20252 -0.14235 -0.69669
0.38156 -0.38668 0.23617
-0.12628 -0.25145 -0.69669
-0.36780 0.45983 0.37449
-0.36780 -0.06039 0.15471
0.36659 0.49773 -0.01461
-0.38852 0.14301 -0.35458
-0.36780 -0.55269 0.08210
-0.28917 -0.42445 0.67943
0.15420 -0.63063 0.67943
-0.36780 0.27805 -0.65556
-0.14274 0.26177 -0.69669
-0.36780 0.10956 -0.67059
0.38156 -0.44716 -0.46104
-0.36866 -0.40930 0.48417
-0.36780 0.24602 -0.30002
0.36059 -0.32942 -0.69669
0.38156 0.36508 0.57666
0.27440 -0.41098 -0.69669
0.38156 0.09119 0.55321
-0.37153 -0.08121 0.10058
-0.36780 0.46105 0.54346
0.36417 -0.40041 0.67943
-0.38045 -0.07990 0.24887
-0.36780 0.43689 -0.27626
0.24039 -0.32975 0.67943
-0.36780 -0.21709 -0.54730
-0.01007 0.49773 0.42732
-0.40221 0.46493 0.62112
-0.38852 0.11891 -0.06462
0.01061 -0.10967 -0.69669
-0.36780 0.05708 0.61721
-0.21500 -0.23879 -0.69669
-0.36780 -0.54392 0.39952
-0.19245 -0.07074 -0.69669
0.38156 0.27402 0.06208
-0.36780 -0.52624 -0.43587
0.13999 -0.48116 -0.69669
-0.32909 -0.64797 -0.67809
0.38156 0.10480 -0.18849
0.03789 0.49773 -0.52846
0.26101 0.49773 0.64158
0.38156 0.29574 -0.36339
0.08851 0.00606 0.67943
-0.26272 0.49773 -0.55645
0.38156 0.20684 0.51300
-0.14654 -0.09541 -0.69669
0.38156 -0.58437 -0.47004
0.17722 0.49773 0.22304
-0.36780 0.17913 -0.38677
0.38156 0.45252 -0.68314
0.38156 0.39717 -0.30119
0.38156 0.40407 0.12837
-0.07905 0.49773 0.41883
-0.37151 -0.31102 -0.01448
0.38109 0.40159 -0.69669
0.22660 0.14656 -0.69669
-0.12935 0.09053 0.67943
0.38156 0.05822 0.65340
0.38290 0.49773 0.66191
-0.36780 -0.27234 -0.37805
-0.36780 0.21140 -0.02597
0.33593 0.49773 -0.20131
-0.36780 0.26229 0.14836
0.36670 -0.55879 -0.69669
-0.33157 0.10529 0.67943
-0.36780 0.49012 -0.16391
0.30185 0.49773 -0.01353
-0.36780 0.28574 0.44743
0.38156 -0.25182 -0.44910
0.38156 -0.14315 -0.05930
0.13674 -0.16028 0.67943
0.22165 -0.03181 0.67943
-0.36780 -0.48156 0.56100
0.38156 -0.03595 0.34619
-0.36780 -0.43098 -0.04771
-0.36780 0.27912 0.56060
-0.39932 0.46493 -0.06187
-0.09049 0.49773 0.31314
0.38156 -0.32598 -0.46879
0.38156 -0.09032 -0.68378
-0.02533 0.49773 -0.68933
0.38156 0.41381 0.37439
-0.36727 0.23851 0.67943
0.38156 -0.43017 0.00301
0.38156 -0.22854 -0.28995
0.38078 -0.60758 -0.69669
-0.36780 -0.09271 0.40236
-0.36780 -0.21422 -0.25203
0.28849 -0.62678 -0.60043
0.38156 0.00559 0.01947
-0.36780 0.44279 0.15315
-0.15843 -0.64797 0.60853
0.38156 0.02162 -0.49217
0.05596 -0.64797 -0.69040
0.38156 -0.30317 0.01252
-0.22655 0.49773 -0.67327
-0.36780 0.09417 0.40859
0.27695 0.49773 -0.56668
-0.36780 -0.42367 -0.46019
0.14585 0.49773 0.36662
0.38156 -0.59643 0.36823
-0.36780 -0.50603 0.15231
-0.04183 -0.58915 -0.69669
-0.36780 0.07614 -0.18355
-0.02347 0.49773 -0.20200
-0.36780 0.26900 -0.35692
-0.36780 -0.26434 -0.06332
-0.36780 -0.14392 -0.55524
-0.00837 0.49773 0.20401
0.38156 -0.09610 0.59018
0.38156 -0.20464 -0.14140
-0.36780 -0.12528 0.00219
0.07203 -0.64797 0.62377
0.18756 0.02418 -0.69669
0.14162 -0.64797 -0.63164
0.14063 -0.48231 0.67943
0.28680 0.18839 -0.69669
-0.36780 0.25389 0.20438
-0.38506 -0.30803 0.21556
-0.38852 0.14517 0.19601
-0.36780 0.17276 -0.65619
0.10155 -0.64620 0.67943
-0.28772 0.16412 -0.69669
0.38156 0.13978 0.37413
0.38156 -0.29932 0.14137
0.00278 0.05284 0.67943
0.38156 -0.05464 0.02664
-0.36780 0.35405 0.54498
0.38156 -0.47168 0.58157
0.38156 -0.25773 -0.34603
0.14076 -0.35565 -0.69669
-0.36780 -0.23174 -0.41537
-0.27551 0.46493 0.71742
-0.19165 0.27728 0.67943
-0.38679 -0.17555 0.49430
-0.37366 0.20495 0.11944
0.09381 0.49773 -0.11480
-0.36780 0.26263 -0.21740
0.31806 -0.56807 0.67943
-0.00146 0.49773 0.48984
-0.35364 -0.62541 -0.60043
-0.36780 0.40844 0.03374
0.20681 0.03070 0.67943
-0.36780 -0.48830 0.61615
-0.01275 0.49773 0.30086
0.38156 0.02859 0.21015
0.38156 0.13194 -0.32452
-0.04384 0.49773 -0.54048
0.38156 0.32505 -0.12146
0.38156 0.44191 0.26425
0.38156 0.38900 -0.57856
-0.34258 0.29235 0.67943
0.28773 0.31918 -0.69669
-0.23087 0.49773 0.10816
0.38156 -0.47218 0.34908
-0.36780 -0.42390 -0.54523
0.05445 0.49773 -0.20582
-0.16299 -0.56880 -0.69669
-0.14508 -0.64797 -0.63626
-0.36780 -0.59342 0.64000
0.38156 -0.14902 -0.27630
-0.08379 0.38265 0.67943
-0.36780 0.36185 0.35921
0.28295 0.45039 0.67943
-0.36780 -0.50859 -0.10808
0.38156 -0.47014 -0.13232
0.33426 -0.22350 -0.69669
0.38156 -0.25116 0.55880
-0.29608 0.49773 0.32776
0.38156 0.03355 -0.36997
0.38156 -0.22363 -0.19813
0.22660 0.46355 -0.69669
0.21673 0.24430 0.67943
0.25089 0.26578 -0.69669
-0.36780 -0.04706 -0.48676
0.38156 0.18789 0.56806
-0.38161 -0.40442 0.20963
0.38156 -0.47679 0.04765
0.38156 0.06306 -0.52483
0.16934 0.49773 0.02014
-0.01516 0.49773 -0.39457
0.38156 -0.57582 -0.28052
-0.36780 -0.08135 -0.28990
-0.37855 -0.11251 0.19142
-0.38753 0.11813 -0.13379
0.38156 0.44339 -0.25503
-0.25923 -0.48986 0.67943
-0.12028 -0.29791 0.67943
0.24451 -0.48571 -0.69669
-0.37387 -0.49883 0.05364
0.32309 0.49773 0.19900
-0.10339 -0.09264 0.67943
-0.36780 -0.11207 -0.16448
0.05450 -0.63645 -0.60043
0.38156 -0.34926 -0.57697
-0.03457 -0.47200 -0.69669
-0.36780 0.29356 0.60100
0.35190 0.23435 -0.69669
-0.38426 -0.17084 -0.32258
-0.36780 -0.05607 0.28385
0.08774 -0.25603 0.67943
-0.00198 -0.29673 0.67943
-0.29995 -0.45034 -0.69669
-0.00613 -0.37694 -0.69669
-0.38679 -0.00683 0.35773
-0.19380 0.17488 0.67943
0.08497 0.49773 -0.66576
0.38156 -0.09208 -0.41422
0.38156 -0.03318 0.39490
-0.36780 -0.32417 0.56963
0.38156 0.41697 0.01449
0.23822 0.49773 -0.45149
-0.36780 -0.55883 -0.49786
-0.21706 -0.64797 -0.67948
0.38156 0.44082 -0.08699
0.37416 -0.09093 0.67943
-0.36780 -0.02135 -0.65750
0.38156 -0.04772 -0.51510
-0.05829 0.07575 0.67943
0.38156 -0.44749 -0.57219
0.38156 0.12795 0.01813
-0.36953 -0.06488 0.48149
-0.36780 -0.24623 -0.10661
0.30757 0.49773 0.38675
0.38156 -0.57105 0.00022
0.08373 0.49773 0.30137
-0.36780 0.02187 0.45498
-0.33672 0.49773 -0.24763
-0.11260 -0.41846 0.67943
-0.36780 0.08011 0.12860
0.38156 0.16525 -0.22154
0.08343 0.13563 0.67943
-0.36780 -0.44259 -0.62028
0.38156 -0.60427 0.46061
-0.36780 0.48727 -0.50995
-0.35747 -0.35174 0.67943
0.20507 -0.11172 0.67943
-0.36780 0.42512 -0.46039
0.38156 -0.35046 0.15484
-0.38506 -0.49847 0.51410
-0.36780 -0.14310 -0.06853
-0.36780 0.24270 -0.48684
-0.05420 -0.15179 -0.69669
0.04020 0.01516 0.67943
-0.36780 0.40255 -0.37467
0.38156 -0.20266 0.30920
0.26543 0.41908 -0.69669
-0.36970 -0.37374 0.11403
0.38156 -0.39029 -0.27817
-0.36780 -0.24263 0.25799
0.05339 0.45537 -0.69669
0.38156 -0.57350 -0.34034
0.38156 0.04402 -0.57937
0.38156 0.27525 0.51170
0.38156 0.19296 0.45831
-0.36780 -0.15591 0.58577
0.38156 -0.42663 -0.22106
0.24110 0.49773 -0.62634
0.17140 0.49773 0.12683
-0.36780 -0.55020 -0.07549
0.15519 0.49773 -0.22455
0.13549 0.39844 0.67943
-0.02898 -0.24285 -0.69669
-0.04150 0.18620 -0.69669
-0.17203 -0.40960 0.67943
0.08402 -0.48750 -0.69669
0.38156 0.10039 0.44561
0.38156 0.42678 -0.35096
-0.26297 0.49773 -0.16300
0.38156 -0.09451 -0.01705
-0.31176 -0.59891 0.67943
0.19933 0.49773 0.17848
-0.38096 0.24293 0.31485
0.38156 -0.43589 0.53921
0.38156 0.16454 -0.53684
0.38156 -0.22612 0.13209
0.07482 0.39838 0.67943
0.38156 -0.37251 -0.17304
0.38156 -0.16240 0.42421
-0.37014 0.14960 -0.24070
-0.22089 0.49773 -0.23771
-0.37548 -0.49883 -0.52141
-0.18792 0.39345 0.67943
-0.36780 -0.48488 0.66765
-0.38342 0.46493 -0.68301
0.38156 -0.29710 0.40657
-0.28369 -0.59998 0.57756
0.38156 -0.63513 0.03953
-0.36780 0.01820 -0.49281
-0.36780 0.37579 0.42991
-0.00810 -0.07465 0.67943
-0.36332 0.49773 0.43114
-0.26595 -0.24409 -0.69669
0.42027 0.48410 -0.44468
-0.05418 -0.53660 0.67943
-0.36780 0.20146 0.45255
0.38156 0.18935 0.09479
0.37072 -0.59142 0.67943
-0.36780 0.01852 -0.04193
-0.36780 -0.38969 -0.00455
0.35997 0.49773 -0.30112
0.38156 -0.07353 0.24456
-0.07579 -0.02937 -0.69669
-0.37193 -0.40098 0.16099
-0.38506 -0.29630 0.44177
-0.31626 -0.22090 0.67943
-0.38679 0.01175 -0.25435
-0.36780 0.36951 -0.64719
-0.26071 -0.60051 0.67943
-0.38679 -0.18652 0.11753
-0.36780 -0.33871 0.02892
-0.16183 0.49773 0.10203
-0.36780 0.41477 0.67711
-0.07517 -0.37185 -0.69669
-0.03674 -0.39579 0.67943
-0.36780 0.33958 0.21077
0.29060 0.04410 0.67943
0.38156 0.07445 0.32304
-0.36780 0.26899 -0.00983
-0.36780 -0.05126 -0.13086
-0.00525 0.20220 0.67943
0.34985 -0.64797 -0.62310
-0.19587 -0.51251 0.67943
0.38156 -0.38149 -0.47702
-0.40651 0.48044 0.05876
-0.36780 -0.46477 -0.19843
0.05971 0.49773 0.01092
-0.01439 0.49773 0.09112
-0.38852 0.13549 0.32255
-0.18942 0.49773 0.40013
0.38156 -0.37683 0.31984
-0.22601 -0.54754 -0.69669
0.17684 -0.38952 -0.69669
-0.36780 -0.23757 -0.02027
-0.36780 -0.15337 0.53192
0.38156 -0.53539 0.51839
-0.12686 0.29419 0.67943
0.32143 -0.18905 0.67943
-0.36780 -0.33768 -0.38867
-0.35855 0.00187 0.67943
-0.32455 0.35778 -0.69669
-0.36780 0.33809 -0.24377
-0.25592 0.11156 0.67943
-0.21603 0.16633 -0.69669
-0.36780 -0.37619 0.25281
0.38156 -0.47357 -0.33327
0.05653 -0.08888 -0.69669
0.03792 -0.43214 0.67943
0.28401 0.49773 0.54383
0.38156 -0.28125 0.35956
0.21862 -0.18927 -0.69669
-0.26111 -0.38366 -0.69669
-0.24489 0.19088 0.67943
0.04286 0.49773 -0.10228
-0.36780 -0.08352 -0.24528
0.38156 0.37509 0.46789
0.38156 -0.58420 0.27728
0.24249 -0.24614 -0.69669
0.29517 0.49773 -0.38921
0.38156 0.40404 -0.40039
0.04209 -0.14856 0.67943
-0.36780 -0.53523 -0.57285
0.38156 0.05314 -0.69495
0.35471 -0.44067 -0.69669
0.38156 -0.62590 0.13818
0.38156 0.35283 -0.38931
0.34991 0.49773 0.08180
0.38156 -0.33548 -0.28768
0.38156 -0.03504 -0.28255
-0.38843 0.22038 -0.59362
-0.36780 -0.59253 -0.40175
-0.30700 0.32828 0.67943
-0.36780 0.45537 -0.35380
0.17756 -0.51418 -0.69669
-0.36780 -0.15795 -0.36599
-0.17753 0.49773 0.54605
0.27214 -0.04544 0.67943
0.38156 -0.30399 0.61822
0.38156 -0.27380 -0.55030
-0.06160 -0.63673 0.57756
-0.06217 0.49773 0.08199
0.38156 0.13472 0.20105
-0.38506 -0.29304 0.35230
0.38156 0.21888 -0.62278
0.08305 -0.56941 -0.69669
0.38156 -0.17366 -0.51961
-0.28223 0.40568 -0.69669
-0.36780 -0.58727 0.39820
-0.37414 -0.36347 -0.24163
0.13054 0.49773 -0.30098
0.19884 -0.64797 0.65959
-0.33154 0.49773 0.49717
0.38156 -0.50980 -0.50971
-0.37575 0.33741 -0.13474
0.38156 -0.41506 0.58989
0.38156 0.33908 0.25172
-0.05185 0.08015 -0.69669
-0.37059 0.33741 -0.41776
-0.36780 -0.51087 -0.32367
0.38182 0.49773 -0.06219
0.34422 0.36332 -0.69669
-0.36780 0.08870 0.52063
-0.37103 0.14960 -0.03778
-0.36780 -0.54346 0.13107
0.38156 -0.20844 -0.48269
0.15941 -0.40639 0.67943
-0.36780 -0.59859 -0.68519
0.38156 0.18833 -0.28572
0.38156 0.13637 -0.07917
0.38156 -0.37294 0.09055
0.36796 -0.64797 0.65631
-0.21213 0.49773 0.29341
-0.24891 -0.64797 -0.64421
-0.36780 -0.32207 -0.12971
-0.30488 0.49773 -0.61305
0.38156 -0.01462 -0.60701
0.38156 0.12620 -0.56497
-0.36780 -0.15153 -0.13797
-0.03373 0.31881 -0.69669
0.38156 0.03168 0.15007
-0.36780 -0.42267 0.56122
0.38156 0.20063 -0.43557
-0.36780 0.15540 0.01785
-0.36780 -0.38301 -0.13169
0.35529 0.49773 -0.66894
-0.36780 -0.30276 0.66609
-0.36780 -0.13741 -0.66039
-0.36780 0.08439 0.02972
0.02957 0.49773 0.23257
0.38156 -0.32362 0.10197
-0.08230 0.49773 0.00369
0.38156 0.34292 -0.66748
-0.25355 0.49773 0.03006
-0.22816 0.31939 0.67943
0.36697 0.09759 0.67943
-0.36780 -0.53670 -0.65475
-0.36780 -0.23695 -0.15262
-0.36780 0.02750 0.11266
-0.10616 0.01049 -0.69669
0.16735 0.49773 -0.69710
0.38156 -0.57429 0.42342
0.38156 -0.57275 -0.54696
0.38156 -0.14730 -0.14603
-0.14095 -0.30203 -0.69669
-0.36780 0.43514 0.45644
0.41197 0.46493 -0.55008
-0.07897 0.49773 -0.31668
0.38156 0.39039 -0.48819
-0.19192 0.49773 -0.49157
-0.36780 -0.59029 -0.03078
-0.07309 -0.64797 -0.63436
0.38156 -0.55093 -0.42365
0.33096 -0.64797 0.61559
0.38156 -0.18763 0.61966
0.38156 0.23113 0.40321
-0.00968 -0.17325 0.67943
0.38156 -0.36843 0.36845
0.00402 0.27605 0.67943
0.20363 0.49773 -0.22512
0.38156 0.23235 -0.13983
-0.38852 0.31187 0.30709
0.38156 -0.00831 0.23768
-0.38404 0.49773 0.24943
-0.35052 -0.15960 0.67943
-0.36780 0.46139 -0.57180
-0.14341 -0.53909 0.67943
0.38156 -0.21362 -0.39147
-0.36780 -0.26407 0.07092
0.10036 0.20537 0.67943
0.17913 0.15347 0.67943
-0.17390 -0.02685 -0.69669
-0.36780 0.11493 0.45752
0.16025 0.39117 -0.69669
-0.36780 0.02450 0.31735
0.12569 0.06829 0.67943
-0.05756 -0.16199 0.67943
0.27528 -0.40448 0.67943
-0.38600 -0.20231 0.39591
0.27254 0.49773 -0.24206
0.38156 -0.09830 0.04139
-0.13189 -0.59604 0.63497
-0.36780 0.35634 0.00009
0.28246 -0.35252 -0.69669
0.07032 -0.43887 -0.69669
-0.19829 0.46084 -0.69669
0.22650 0.49773 -0.17284
-0.38627 -0.20231 0.07109
0.40143 0.49773 -0.32105
-0.27243 0.49773 -0.67027
0.33396 -0.02390 0.67943
0.26881 0.12833 -0.69669
-0.36780 -0.43795 0.10098
-0.38679 -0.18712 0.33228
-0.36780 -0.38967 0.65275
-0.14688 -0.14039 0.67943
0.38156 -0.01866 -0.42526
0.15316 0.47844 0.71814
0.38156 0.19710 0.17131
0.38156 0.19917 -0.67504
0.38156 0.41190 -0.16290
0.00026 0.49773 -0.24762
-0.29297 -0.64797 -0.63164
0.38156 0.46456 0.41604
0.38156 0.14738 0.45509
-0.36780 -0.07062 0.63771
-0.14518 -0.40201 -0.69669
0.10198 -0.21136 -0.69669
-0.36780 0.36266 -0.53730
0.10286 0.22491 -0.69669
0.17860 -0.50753 0.67943
-0.28823 0.49773 -0.48564
-0.36780 0.02573 -0.38591
0.38156 0.44110 0.14372
-0.10383 0.31742 -0.69669
-0.38036 0.01697 -0.32665
-0.31855 0.49773 -0.15188
-0.30504 0.49773 -0.40283
0.38156 -0.28227 0.20505
-0.36780 0.49096 -0.40012
-0.15689 0.48520 -0.69669
0.29714 0.49773 -0.71786
-0.36780 -0.00674 0.55057
0.39388 0.49773 -0.38491
0.38156 -0.48879 0.44090
0.38156 -0.10028 0.28434
-0.36780 -0.47720 -0.65600
0.38156 -0.39004 -0.04019
0.38156 0.30395 -0.06594
-0.36780 0.16788 0.59367
-0.22035 -0.34747 -0.69669
0.38156 -0.35369 0.57973
0.38156 0.33696 -0.34497
0.07940 0.49773 -0.32529
0.38156 -0.32287 0.34213
-0.40467 0.46493 -0.52319
0.38156 -0.06210 0.42946
0.38156 0.07666 -0.47381
0.21110 -0.29555 0.67943
0.05470 0.06185 -0.69669
0.37440 0.49773 0.24262
-0.18408 0.47353 0.67943
0.25904 0.04110 -0.69669
-0.38215 -0.49883 -0.27656
0.06210 0.49773 -0.62264
0.38156 0.23918 0.62427
0.16762 -0.64048 0.57756
0.14877 0.49773 -0.14573
-0.13536 -0.64797 0.64705
-0.38506 -0.47696 0.33061
-0.36780 0.26955 -0.44124
0.28634 -0.62653 -0.69669
0.16030 -0.10875 0.67943
0.23381 0.36582 0.67943
0.32553 -0.13072 0.67943
-0.09387 -0.59604 0.67314
-0.36780 -0.06302 -0.52975
-0.36780 0.11751 0.09873
0.38156 -0.50661 -0.26204
0.38156 -0.00881 -0.16181
-0.38852 0.33039 -0.58181
-0.12653 0.22009 -0.69669
0.38156 -0.11617 -0.23997
0.38156 0.34974 0.31743
0.26197 -0.44704 0.67943
-0.38227 -0.01449 0.06057
0.00040 -0.48606 -0.69669
-0.38679 0.01187 -0.11976
-0.14114 0.49773 -0.34433
-0.04009 0.46022 0.67943
-0.23550 0.00963 0.67943
-0.36780 0.17328 0.36954
-0.30464 0.49773 -0.33507
-0.32126 -0.08646 -0.69669
-0.20964 0.23011 -0.69669
0.42027 0.46909 0.33604
0.09860 0.28677 -0.69669
-0.31011 -0.24617 -0.69669
0.37994 0.49773 -0.17599
-0.20210 0.49773 -0.63648
0.19993 0.49773 -0.49908
-0.36780 0.39532 0.32864
0.38156 0.28541 0.65757
0.20685 -0.06794 -0.69669
0.38156 0.45373 0.52671
0.35438 -0.49465 0.67943
-0.11907 0.49773 0.20252
-0.36780 -0.11654 -0.46516
-0.36780 -0.05673 0.59048
-0.10464 0.42127 0.67943
0.04695 0.46367 0.67943
-0.36780 0.07265 -0.44757
0.38156 0.29950 -0.01184
-0.38185 -0.33593 0.51564
0.38156 -0.58416 0.20361
0.38156 0.33290 0.36337
-0.01550 -0.28771 -0.69669
0.38156 -0.46559 0.39208
-0.38852 0.31789 0.07778
0.02994 -0.33288 0.67943
-0.38852 0.32034 -0.05813
0.10159 0.16220 -0.69669
0.38156 -0.51408 -0.68822
0.13412 -0.13079 -0.69669
-0.30303 0.49773 0.10994
-0.36780 0.09218 0.24131
0.38156 -0.31817 0.25064
0.32796 0.49773 0.62965
-0.36780 0.13241 0.52175
-0.36780 -0.53438 -0.19834
0.38156 0.28909 0.46115
-0.38679 -0.10433 0.49528
0.38156 -0.08608 -0.62486
-0.36780 -0.54614 0.03929
-0.36780 0.49621 -0.64243
-0.36780 -0.24470 0.31808
-0.38290 -0.17084 0.15769
0.28964 0.32047 0.67943
-0.06904 -0.51708 -0.69669
0.38156 0.48462 0.13478
-0.00076 -0.60003 0.67943
-0.18083 0.36220 -0.69669
0.34812 0.21571 0.67943
0.02868 0.08731 0.67943
-0.04421 0.49773 0.17069
-0.36780 -0.07000 -0.02198
0.38156 -0.00688 -0.09770
0.38156 -0.46489 0.08902
0.16673 -0.59604 0.61947
-0.38811 0.14960 -0.42512
0.38156 0.46295 0.21852
-0.21312 -0.59604 0.60581
-0.00575 0.49773 -0.15571
-0.19466 -0.33667 0.67943
-0.15514 -0.20746 0.67943
-0.36780 0.45729 0.49388
0.38156 0.32138 0.14496
-0.36780 -0.18246 -0.66059
-0.36780 -0.27213 0.63619
-0.36780 -0.28094 -0.67311
-0.36780 -0.22819 -0.19449
0.23498 -0.17576 0.67943
-0.37013 0.46493 0.58599
-0.22832 -0.16731 -0.69669
0.01744 -0.05653 -0.69669
0.38156 -0.21800 -0.04485
-0.36780 -0.54021 0.65954
-0.36780 0.42289 -0.69281
0.38156 0.45854 0.64517
0.14012 0.02230 -0.69669
0.38156 -0.63453 0.34913
0.26087 -0.25915 0.67943
0.13725 0.49773 0.32494
0.16629 0.36356 0.67943
-0.36780 0.10139 -0.22079
-0.36780 0.03956 0.22895
0.38156 0.06942 -0.09176
0.30512 0.46493 0.71260
-0.29915 -0.33113 0.67943
-0.36780 0.35699 0.26326
0.38156 0.35416 0.63393
-0.36780 0.27126 -0.51916
0.03712 0.49664 -0.69669
-0.21408 -0.06895 0.67943
0.28820 0.49773 0.22724
0.13517 0.49773 0.46040
-0.36780 0.24237 -0.69613
0.38156 -0.27595 0.50466
0.38156 0.37114 0.09956
0.41250 0.49773 -0.01701
0.38156 -0.46848 0.24077
-0.05169 0.01622 0.67943
-0.16858 0.49773 -0.38428
-0.09858 -0.64797 0.61930
0.38156 -0.26384 0.02785
0.38156 0.09655 -0.26522
0.38156 0.13178 0.56481
-0.36589 -0.60828 0.67943
-0.38161 0.21052 -0.19581
-0.36780 0.07746 -0.59231
0.38156 0.06883 0.41768
0.07237 -0.34806 0.67943
0.38156 -0.33922 -0.38333
0.17436 -0.31887 -0.69669
-0.18650 0.09888 -0.69669
0.38156 -0.53364 0.64530
-0.36780 -0.38758 -0.69482
-0.36780 0.04023 -0.16199
-0.37465 0.30595 -0.22700
0.38156 0.46328 0.47849
0.29403 -0.49107 0.67943
-0.37280 0.46493 0.11348
-0.38679 -0.18420 0.23144
0.38156 -0.33047 -0.23492
-0.36780 0.03819 -0.07978
0.07100 -0.39408 0.67943
-0.37719 0.14960 -0.49072
0.08761 0.35847 0.67943
0.38156 -0.07390 -0.24204
0.38156 -0.03267 0.06195
0.38156 -0.23359 0.26595
-0.19820 -0.56657 0.67943
-0.36780 -0.53770 -0.39418
-0.38679 -0.17858 -0.26724
0.27609 0.23363 0.67943
-0.37649 -0.46737 0.16152
0.27302 -0.59604 0.67778
-0.29382 -0.05540 -0.69669
0.38884 0.49773 -0.69327
-0.38506 -0.49365 0.01904
0.38156 0.16506 -0.36676
-0.36780 0.36190 -0.38263
0.21398 0.49773 -0.35796
0.38156 0.05059 -0.18753
-0.09827 0.34390 0.67943
0.02076 0.13585 -0.69669
0.38156 -0.00202 0.66326
-0.37052 0.46493 -0.31377
-0.37491 -0.07082 -0.39404
0.38156 0.28814 -0.40383
0.38156 -0.40619 -0.09544
-0.10193 0.49773 0.46242
-0.36780 -0.37748 0.59049
-0.32852 0.42588 0.67943
0.15905 0.49058 0.67943
-0.38506 -0.30046 -0.57835
0.24135 -0.52656 -0.69669
0.13823 0.18974 0.67943
-0.03202 0.29549 0.67943
0.31705 0.46407 -0.69669
0.38156 0.27847 0.37961
0.28789 0.12059 0.67943
0.08699 -0.17336 -0.69669
-0.22812 0.49773 0.68001
0.34304 0.07991 -0.69669
-0.08347 -0.06945 -0.69669
-0.36780 -0.21972 0.42801
-0.36780 -0.10423 0.66083
-0.36780 0.31766 0.56336
-0.36780 0.36252 -0.59593
0.01703 -0.15803 -0.69669
0.38156 0.03532 0.31168
0.09710 0.49244 0.71814
0.38156 -0.12847 -0.10995
0.17973 -0.35771 0.67943
-0.24269 0.06284 0.67943
-0.36780 -0.04884 -0.06752
0.38156 -0.08626 0.18604
0.38156 -0.18374 -0.29723
0.38156 -0.44984 0.50115
-0.38539 0.30595 0.22766
0.38156 0.08982 -0.32476
0.01234 0.49773 0.71793
-0.19880 0.49773 -0.28365
0.38156 0.11779 0.13215
0.38156 -0.29617 0.28459
0.38156 -0.23471 0.46231
-0.34560 0.46891 -0.69669
-0.37933 -0.36885 -0.35763
-0.30036 -0.13324 0.67943
0.38156 -0.15440 0.16749
0.38156 -0.26394 -0.24967
0.38156 0.27187 -0.04144
-0.38852 0.33468 -0.30381
0.00329 -0.64797 0.62741
-0.04302 0.49773 0.32741
0.15824 0.44955 0.67943
-0.02978 -0.64797 -0.65680
0.38156 -0.21163 0.09459
-0.38679 -0.19628 -0.43276
-0.36780 -0.15024 0.40446
0.20350 0.33406 0.67943
-0.36780 0.45987 0.64115
0.38156 0.18271 0.67273
-0.38229 0.11813 -0.28389
0.31997 -0.53461 -0.69669
-0.03438 0.16496 0.67943
-0.36780 0.40219 -0.04754
0.24629 -0.05614 -0.69669
-0.38432 0.30595 0.37327
-0.37332 0.14960 -0.14883
0.11244 0.10806 0.67943
-0.36780 0.02790 0.64795
-0.12582 0.37693 -0.69669
0.17726 -0.64797 0.62467
-0.38852 0.14340 -0.09741
-0.28988 0.49773 0.69967
-0.36780 -0.41140 0.28954
-0.36780 -0.52291 0.18852
0.38156 -0.59978 -0.37468
-0.18238 -0.24385 0.67943
0.38156 0.11413 -0.22940
-0.36816 -0.10713 0.34723
-0.25400 0.49773 -0.03380
-0.38679 -0.02833 0.49639
-0.36780 0.29656 -0.32821
0.38156 -0.64141 0.26742
0.38156 -0.42315 0.25220
-0.36780 -0.50629 0.44161
0.42027 0.48872 0.65186
0.38156 -0.25176 -0.64916
-0.37119 0.33741 0.43929
-0.36780 0.16606 0.15066
0.38156 0.19184 -0.16790
-0.36780 -0.16342 0.19357
0.12723 -0.05645 -0.69669
0.31317 -0.61759 0.57756
-0.36780 -0.44083 -0.16270
-0.40303 0.49773 -0.49527
-0.37545 -0.07082 -0.45566
0.30935 0.15590 -0.69669
0.38156 -0.64568 -0.00449
0.14232 -0.00477 0.67943
0.02452 -0.64797 -0.66645
-0.28518 0.49773 -0.00753
0.31597 0.49773 -0.31782
-0.09807 0.46021 0.67943
-0.25704 -0.17963 0.67943
-0.36780 -0.27821 -0.25879
0.38156 -0.20622 -0.08251
0.38156 0.44221 0.60781
0.38156 -0.51963 -0.46724
-0.15485 0.26319 0.67943
-0.16391 -0.47871 -0.69669
-0.32658 -0.31345 -0.69669
0.28109 0.08276 -0.69669
-0.04822 0.49773 -0.65447
0.38156 0.28873 -0.26026
0.38156 -0.18574 0.21797
0.38341 0.49773 0.28345
0.38156 -0.09343 0.55096
0.15145 0.27803 0.67943
0.38156 0.35530 -0.60065
0.38156 0.49626 -0.52408
-0.10642 -0.39571 -0.69669
-0.38679 -0.17921 -0.52489
0.29730 -0.00983 0.67943
0.38156 -0.04799 -0.16425
-0.26690 0.46978 0.67943
0.20470 -0.43532 0.67943
-0.37485 0.22327 0.52005
-0.36780 -0.23901 0.17163
0.24296 -0.28968 -0.69669
0.38156 -0.47751 -0.01134
-0.36780 -0.56324 0.27737
0.38156 -0.13357 0.11363
0.38156 0.22220 0.20785
-0.36780 0.42802 -0.21606
-0.36780 0.40892 -0.17723
0.17741 0.49773 -0.61703
0.38156 -0.44812 -0.64051
-0.36785 -0.39653 0.34432
0.38156 0.09866 -0.01730
-0.40641 0.46493 -0.57993
-0.07429 0.49773 -0.05825
0.38156 -0.01008 0.31694
0.38156 -0.39091 -0.00116
0.38716 0.46493 -0.20944
0.38156 -0.32066 -0.04769
0.34339 -0.08649 -0.69669
-0.12619 0.49140 -0.73539
-0.36780 0.41940 0.20395
-0.27240 -0.53561 0.67943
-0.25379 0.47602 -0.69669
0.38156 0.32621 0.57435
0.27595 0.49773 0.30078
-0.24608 -0.28656 -0.69669
0.12808 -0.59604 0.60811
-0.17326 -0.43262 -0.69669
0.38156 -0.01932 0.15926
-0.37424 0.26895 -0.56215
-0.24313 0.39147 -0.69669
0.16442 -0.26595 0.67943
-0.38506 -0.41147 -0.59331
-0.36780 -0.26661 0.42426
0.38156 -0.16462 0.05389
-0.38852 0.30686 -0.51264
0.38221 0.49773 0.04259
-0.32357 0.49773 -0.57940
0.33899 0.06403 0.67943
0.38156 -0.49600 0.48768
-0.12650 0.15535 -0.69669
-0.37079 -0.27955 0.11138
0.38156 -0.59323 0.55879
0.32754 -0.38897 0.67943
-0.31449 -0.45665 0.67943
0.38156 0.18090 0.27238
-0.24891 -0.40811 0.67943
-0.36780 0.07712 -0.69105
-0.37092 -0.40146 -0.24471
-0.38506 -0.46768 0.49125
0.38156 -0.38865 0.61890
0.38156 0.37028 0.22946
-0.36780 -0.02937 0.44846
-0.36780 0.04434 0.18812
-0.36780 -0.03523 -0.56571
-0.14808 0.44734 -0.69669
0.25002 -0.36672 0.67943
0.38156 0.30707 0.02560
-0.36780 -0.10689 0.06707
-0.06037 0.38910 -0.69669
0.38156 -0.51020 -0.16030
0.38156 -0.64271 -0.13487
0.38156 -0.31171 -0.57067
0.38156 0.22106 -0.10347
-0.36780 0.37356 -0.33339
-0.28665 0.49773 0.19788
0.36594 -0.21170 0.67943
0.16513 -0.59604 0.66804
-0.37686 -0.27955 0.23937
0.38156 -0.57025 -0.18024
-0.36780 -0.20462 0.14905
0.27398 -0.64634 0.57756
-0.36780 -0.26849 0.38498
-0.19582 0.04882 0.67943
-0.36780 -0.14521 -0.44032
0.38156 -0.60155 0.24356
0.18569 0.46493 -0.70212
-0.10205 -0.46101 -0.69669
0.38183 0.49773 0.44758
0.24574 -0.56548 0.67943
0.01757 0.23242 0.67943
0.03561 0.49773 0.37961
0.03587 0.35653 -0.69669
-0.36876 -0.39608 -0.31178
-0.27695 -0.02923 0.67943
-0.38161 0.23821 0.17687
-0.15263 0.49773 0.21982
-0.15343 0.00484 -0.69669
0.38156 -0.06101 0.29864
0.25093 -0.44051 -0.69669
-0.26490 -0.27392 0.67943
-0.20147 0.49773 -0.07333
0.22464 0.46094 0.67943
-0.36780 -0.36140 0.39217
0.38156 -0.33790 -0.18774
-0.38679 -0.01393 -0.45932
0.42027 0.47594 -0.40800
-0.36780 0.10848 0.34998
0.38156 0.35606 -0.55992
0.21739 0.18646 0.67943
0.38156 0.02290 0.61869
-0.33647 -0.21689 -0.69669
0.38156 -0.13809 -0.31211
0.38156 0.32251 0.52826
-0.36780 0.15355 0.28768
-0.36780 0.46359 -0.48111
0.16642 0.49773 0.40960
0.38156 -0.53609 0.26866
-0.36780 0.43790 -0.13098
0.36171 0.49773 0.16350
0.03596 0.49773 -0.39089
-0.23096 0.49773 -0.73098
0.38156 0.37459 -0.00312
-0.10986 0.49773 0.50121
-0.36780 -0.32990 0.32378
0.08623 0.11445 -0.69669
0.09453 0.49773 0.07970
0.37194 -0.05688 -0.69669
0.38156 -0.38634 0.27811
-0.37503 0.24248 0.36654
-0.38679 -0.17387 -0.56836
-0.36780 0.46226 -0.43801
0.29353 -0.14931 0.67943
-0.38540 0.11813 -0.17073
0.38156 -0.45650 0.64339
0.08782 -0.53225 -0.69669
-0.36780 -0.54539 -0.60840
0.38156 0.23070 -0.02177
0.13113 0.11579 -0.69669
0.38156 0.38494 -0.20309
-0.38852 0.12157 -0.45081
0.38156 -0.31700 0.46117
-0.19996 -0.62018 0.57756
0.38156 -0.19899 0.41935
-0.36780 0.24648 0.43535
-0.38506 -0.33685 -0.58905
-0.36780 -0.05111 -0.63572
-0.36780 -0.03995 0.40112
-0.38458 -0.39859 0.51564
-0.16955 0.49773 0.35445
-0.27110 0.49773 -0.52058
0.10006 -0.59604 0.67815
-0.38158 0.20495 0.25138
0.15422 0.49773 -0.54533
0.39496 0.46493 0.30543
-0.38679 -0.18990 -0.06870
0.38156 0.31108 0.41844
0.38156 0.10725 0.40963
-0.38274 -0.27955 -0.10401
0.38156 0.33116 -0.48010
0.11498 0.40680 -0.69669
0.41229 0.49773 0.11860
0.38156 -0.61258 -0.18387
-0.20722 -0.60282 0.67943
-0.37721 -0.20231 -0.01828
-0.00870 -0.44617 -0.69669
-0.35403 0.49773 0.58589
-0.01432 0.41488 0.67943
0.41814 0.49773 0.52623
-0.11582 -0.59604 0.60217
0.38156 -0.28415 -0.46606
0.38156 -0.13352 0.26457
-0.38679 0.11813 -0.32793
-0.00772 0.17243 -0.69669
0.32381 -0.63586 -0.60043
-0.36780 0.47815 0.34297
0.00371 0.39176 -0.69669
-0.38679 -0.17130 0.00632
-0.10426 -0.21970 -0.69669
-0.38506 -0.37496 -0.56943
0.38156 -0.57683 -0.58311
0.10122 0.32106 0.67943
-0.36780 -0.26443 -0.48168
-0.36780 -0.41431 0.25331
-0.36780 -0.12319 -0.37658
-0.36780 0.29131 0.41155
0.38156 -0.61124 0.62203
0.38156 -0.05521 0.59653
0.18056 -0.21689 0.67943
-0.37049 0.49773 0.39557
-0.36780 0.02672 -0.55165
-0.29983 0.12998 -0.69669
-0.36780 -0.37415 0.47548
-0.32587 -0.54011 0.67943
0.19718 -0.64797 -0.62129
0.38156 -0.63990 0.54601
-0.15453 0.49773 -0.61170
0.38156 0.01957 -0.68146
0.30551 -0.64797 -0.67428
0.09725 -0.54111 0.67943
-0.18077 -0.25035 -0.69669
-0.31512 0.18756 0.67943
0.38156 -0.39015 -0.13723
0.38156 -0.43115 -0.60437
-0.36780 0.01879 0.28151
-0.23606 -0.62823 0.67943
0.38156 -0.14106 0.50335
0.32336 0.29460 -0.69669
-0.31893 -0.64797 0.63373
-0.04440 0.49773 0.00636
0.38156 0.25797 0.16387
-0.36780 0.20600 0.66393
-0.36780 -0.20356 0.48199
0.38156 -0.07442 -0.53926
0.38156 0.17223 -0.07587
-0.36780 0.23882 -0.15086
0.38156 0.07922 -0.64327
-0.36780 0.40644 -0.50753
-0.36780 0.08133 -0.64830
-0.38852 0.32758 0.04315
0.28721 0.49773 0.66619
0.38156 -0.45629 0.29739
-0.30077 -0.55298 -0.69669
0.25905 -0.32527 -0.69669
0.41002 0.46493 0.18926
-0.36780 0.28179 -0.61987
-0.36780 -0.57035 -0.25070
-0.04370 0.49773 0.41291
0.12381 -0.30336 0.67943
0.31321 -0.53259 0.67943
0.01546 -0.63105 -0.69669
-0.32219 0.32206 -0.69669
-0.36780 -0.23221 -0.60607
0.38156 0.25492 0.59028
-0.36780 -0.36230 0.08216
-0.36780 -0.45736 0.37565
-0.38506 -0.46986 0.07218
0.25863 0.14597 0.67943
-0.36780 -0.45302 -0.48873
-0.36780 0.45437 -0.64500
0.38156 -0.32365 0.54347
-0.07820 0.49773 0.27512
0.38156 -0.37694 -0.55443
-0.36780 -0.44554 -0.08030
-0.17664 0.06460 -0.69669
-0.38170 -0.17084 0.26409
0.35368 0.49773 0.38757
0.38156 0.08929 0.58880
-0.00038 -0.64797 0.66516
-0.36780 -0.58392 -0.30656
-0.17245 0.49773 0.48469
-0.18349 -0.11558 -0.69669
0.22462 0.29131 0.67943
0.13413 0.49773 0.01494
-0.23784 0.49773 -0.58190
0.38156 -0.43936 -0.11449
0.22821 -0.51978 0.67943
-0.36780 -0.39015 -0.52718
0.18247 0.31826 -0.69669
