0.18435 -0.04276 -0.04922
-0.14030 0.31352 -0.02123
-0.36629 0.06643 0.07911
0.02076 0.06601 -0.28611
0.06605 0.38410 -0.16535
-0.13044 -0.55066 0.10191
0.10566 -0.53247 -0.14244
-0.41833 0.15488 0.14816
0.38825 -0.03140 0.00159
0.07593 0.41522 -0.22196
0.09772 -0.00019 -0.13005
-0.08517 0.45694 -0.20092
0.16692 -0.46610 -0.04316
0.07589 -0.24799 -0.13118
-0.14527 0.25160 0.39935
0.10228 -0.82907 -0.20303
-0.26049 -0.82441 0.10152
-0.13508 -0.18811 -0.10414
0.17392 0.21809 0.36801
-0.07151 0.06777 0.03720
0.02109 -0.80157 0.22207
-0.15313 -0.60001 -0.27355
0.27119 -0.30873 0.06653
-0.25716 -0.52973 -0.13613
0.18585 -0.53000 0.17806
-0.08484 -0.40819 -0.17633
-0.05327 -0.34802 0.18107
-0.03902 -0.85676 -0.02893
0.15972 0.23446 0.26394
-0.07526 -0.04285 0.13648
0.32277 0.16316 -0.23187
0.21498 -0.83932 -0.00515
-0.09852 -0.68114 0.17947
-0.16108 -0.85967 -0.20300
-0.23738 0.17522 0.35993
-0.03000 -0.34947 -0.07475
-0.04885 0.25962 0.32432
-0.17911 -0.44320 0.05522
0.11250 0.21944 -0.23416
-0.10180 0.28264 0.20523
0.38942 0.13180 -0.04991
0.09856 -0.94619 -0.00851
-0.12054 -0.73463 -0.05038
0.04985 0.03524 0.20113
0.07677 0.19623 0.34801
0.24622 0.11909 0.03622
-0.36702 0.10131 0.21717
-0.07226 0.02159 -0.40980
-0.03089 -0.23939 0.04953
-0.21351 -0.02238 0.06365
0.05494 -0.66173 0.01742
-0.18480 0.38991 0.11020
-0.01746 -0.97187 -0.16277
0.02022 -0.62379 0.27717
0.14061 -0.69438 -0.06380
0.13135 -0.15996 0.00751
0.22446 0.04329 -0.28675
0.26102 0.21043 -0.29377
-0.07432 -0.84366 0.22331
-0.02936 -0.97448 0.16488
-0.09114 0.20151 -0.32282
-0.02704 0.18930 -0.42978
0.34325 0.06411 -0.14865
-0.11981 0.15003 0.19093
-0.19699 0.21758 0.07920
-0.00726 -0.64263 -0.14805
-0.08056 0.09258 0.40215
0.00214 0.27885 -0.04150
-0.00315 0.23114 0.03344
0.20970 0.06465 0.27629
-0.21124 -0.95150 -0.00468
0.14920 -0.67770 0.06746
-0.24883 -0.32113 0.13908
0.07338 0.06959 0.34816
-0.01959 0.38584 0.08172
0.08652 -0.59781 0.10912
0.25797 -0.42073 0.20439
-0.21549 -0.56413 0.02192
0.04363 0.39905 -0.26907
0.11775 -0.45721 0.09667
0.22701 0.18675 -0.13077
-0.27755 0.17495 0.06220
-0.05861 0.31002 -0.17749
-0.03083 -0.50312 -0.02905
-0.02339 0.45006 -0.05944
0.00376 0.48880 -0.23943
0.11572 -0.34167 0.03230
-0.09800 -0.94324 0.10350
0.07866 -0.42381 -0.16944
-0.23948 0.09510 0.16678
-0.11293 0.06297 -0.26422
0.04605 0.19065 0.23215
-0.26052 -0.85540 -0.05204
-0.19910 0.24270 0.26538
-0.01450 -0.73463 -0.09744
0.17903 0.17799 -0.32507
0.22566 0.15109 -0.06201
0.03892 0.11061 -0.40941
-0.15940 0.08081 0.29956
0.29369 0.04043 -0.16533
-0.09879 -0.62816 -0.02398
0.09028 0.11581 -0.21686
-0.03261 -0.84362 -0.24161
0.14169 -0.89147 0.12275
-0.28929 -0.53815 0.16315
0.02745 -0.73463 0.12016
0.30194 0.05046 0.07399
-0.36029 -0.01319 0.17799
0.01407 0.15835 -0.24627
-0.02780 0.12039 0.27714
-0.00098 -0.14572 -0.05402
-0.11457 -0.30591 0.02352
-0.20656 -0.69288 0.07368
-0.01354 -0.18560 0.14801
-0.13716 0.15000 -0.33787
0.16196 -0.56752 -0.02688
-0.10589 0.37449 0.16649
0.20154 0.04086 -0.19907
0.13342 -0.78399 0.12549
0.27348 -0.05959 -0.03223
0.36625 -0.03341 -0.10255
-0.12647 -0.13085 0.04809
-0.05750 -0.74347 0.04938
-0.01159 -0.41918 0.06328
-0.10666 -0.69018 -0.16999
0.16404 0.22426 0.19453
-0.40233 0.14409 0.04846
0.18522 0.11497 0.37275
-0.08196 0.18570 0.10811
-0.00181 0.31627 -0.03859
-0.13361 -0.97145 -0.12079
-0.24647 0.09042 0.03833
-0.20087 0.29660 0.14996
0.14973 0.09738 0.18315
0.10459 0.46782 -0.10560
-0.08680 0.41003 -0.09796
-0.10172 0.20506 -0.00152
-0.15138 -0.61363 -0.10496
0.09513 0.10083 -0.34902
-0.09511 0.35392 -0.22387
-0.01677 -0.63108 0.14832
0.10833 -0.94407 -0.13463
0.04845 0.04986 0.04342
0.22359 0.01355 0.04024
-0.13266 -0.53442 -0.05372
0.04503 0.30451 -0.14288
0.21077 -0.27881 -0.04825
0.04803 -0.87795 0.19584
0.21935 0.15387 0.23496
0.29953 0.05455 -0.04242
0.12140 0.16825 -0.16891
0.04379 -0.45244 -0.02813
-0.21051 0.28226 0.04259
-0.13418 0.14229 0.38934
-0.10746 0.38465 0.03968
0.00163 0.20566 -0.33319
-0.07895 0.28697 0.08423
0.25931 0.20266 -0.15665
-0.03961 0.07375 -0.20802
-0.28948 0.02017 0.10639
0.23278 0.00258 -0.10277
-0.03615 -0.01065 -0.30966
-0.02118 0.50678 -0.14123
-0.13993 -0.77333 0.15847
0.11220 0.14865 0.30069
-0.05588 0.31694 -0.00624
0.14494 -0.78464 -0.10717
-0.11114 0.23803 0.25191
-0.17232 -0.87712 0.16486
0.01620 -0.58141 -0.06326
-0.06049 0.09455 -0.33856
-0.00902 -0.41742 -0.27032
0.17519 0.08465 -0.12835
-0.31224 0.14289 0.15670
-0.21363 0.11905 0.27921
0.03621 -0.08133 0.12437
-0.17691 -0.94788 0.10335
-0.02138 0.27219 0.13274
0.18324 0.12646 -0.26057
0.00508 -0.90846 0.06758
0.14644 0.13597 0.30765
0.28153 0.07293 -0.29543
-0.03560 0.19174 0.38529
-0.01417 0.40552 -0.13075
0.06931 0.38895 -0.06147
-0.13996 0.07502 0.20746
-0.21372 -0.79178 -0.12020
-0.34816 -0.03046 0.07619
0.27699 0.08686 -0.03491
0.01691 0.06723 -0.41598
-0.04944 -0.64935 0.03127
-0.21778 -0.69166 -0.05406
-0.15038 -0.32704 0.11243
-0.05425 0.22897 0.24905
0.39266 0.02499 -0.06720
0.03666 0.17729 0.33344
0.11570 0.14395 -0.31361
0.07882 -0.27533 0.01063
-0.05419 -0.77889 -0.04795
-0.08222 -0.90059 -0.20397
-0.06664 0.10824 0.29758
-0.32236 0.04658 0.00642
0.12989 0.09799 -0.31227
-0.10679 0.09413 -0.39437
0.09886 0.35205 -0.11053
-0.13629 0.36377 0.01770
0.30990 0.14589 -0.11181
0.08940 0.09430 0.22717
0.14300 0.02713 0.24783
0.15547 -0.41669 0.16843
-0.23060 0.09712 0.07406
-0.09723 0.19529 0.12711
0.07209 0.22516 0.25851
0.05350 -0.70129 -0.16045
-0.01858 0.13322 0.35291
0.08278 -0.52104 -0.03404
0.16795 -0.88239 -0.07432
-0.34289 0.08737 0.12095
0.22847 0.11126 -0.24452
0.06919 -0.38501 0.12246
-0.42489 0.00867 0.12887
0.05585 -0.08510 0.02063
0.02842 0.10950 0.26511
0.06361 -0.38856 -0.09725
-0.25836 0.00413 0.17146
-0.08458 -0.48562 0.04719
0.20064 -0.03149 -0.03505
0.28215 0.06312 -0.20378
-0.14910 0.16774 0.28700
-0.16212 0.10364 0.39829
0.05488 -0.17461 0.07507
0.19935 0.23568 -0.22512
0.37123 0.05414 0.01565
0.06882 0.16279 -0.28971
0.20512 0.04431 -0.03773
-0.27918 0.08920 0.21724
-0.33139 0.13289 0.02917
0.12272 0.04147 -0.21457
-0.07257 -0.59162 -0.20230
-0.03508 0.39093 -0.22023
0.04229 -0.55839 0.01253
-0.04320 0.12627 0.21562
-0.13387 0.25215 0.04820
-0.11292 0.19820 0.33154
0.10956 0.16305 0.18007
0.04158 0.32381 -0.24729
0.29705 -0.01299 0.03701
0.11527 0.11363 0.39771
0.10159 -0.97830 0.10828
-0.14441 0.10498 -0.32030
-0.02116 0.09988 -0.40709
-0.20636 -0.89421 -0.12168
0.10746 -0.59208 0.19974
-0.05641 -0.41678 -0.00569
0.21390 0.15818 -0.19625
-0.00779 0.00091 -0.24525
0.00025 0.11139 -0.34348
0.00713 0.29815 0.06172
-0.13287 -0.92550 -0.03353
0.21282 0.07513 -0.10505
-0.07111 0.22629 0.05494
-0.06738 0.14255 -0.28469
0.05474 0.11190 0.17730
-0.03568 0.33344 0.16270
-0.03194 0.33885 -0.09262
0.17793 -0.31972 0.09760
0.14892 0.04331 0.34054
-0.00901 0.08679 -0.27558
0.16082 -0.78184 0.04219
-0.12508 0.22708 0.08423
-0.36712 0.02044 0.19542
-0.43924 0.06522 0.06218
-0.07440 0.19806 0.21030
-0.01441 0.17009 0.04708
-0.11449 0.29544 0.13175
0.04106 0.45765 -0.16275
-0.14348 -0.23379 -0.02600
0.23615 0.14612 0.31676
0.18685 0.09621 -0.28700
0.14819 -0.52990 0.08163
-0.08822 0.27973 0.29658
-0.10745 0.32965 -0.03656
-0.07700 -0.73463 0.13322
-0.17012 0.17159 0.30532
-0.06133 0.38074 0.10035
0.25972 0.11943 -0.14560
-0.01897 -0.42967 -0.11991
0.34613 -0.01295 -0.13813
-0.04244 0.29402 -0.11407
-0.01059 -0.16060 -0.13464
-0.10251 0.02880 -0.34590
0.02404 0.11536 0.30314
0.20876 -0.43468 0.10117
-0.04995 0.32968 -0.25070
0.02642 -0.73463 -0.02232
0.19594 0.20232 0.23656
0.12372 0.15985 0.24541
-0.08670 -0.22183 0.10275
0.04174 0.02556 -0.30127
-0.14149 -0.46831 -0.01967
0.31507 0.01861 -0.06862
0.04494 -0.92171 -0.07251
-0.15933 -0.70492 -0.11566
-0.03792 0.36997 0.01769
-0.07266 0.07364 0.22122
0.32081 0.00927 0.00329
-0.20151 -0.50122 -0.07670
0.32747 0.10934 0.04906
0.01053 0.42727 -0.18761
-0.09529 0.15881 0.41416
0.08501 -0.73463 0.05886
-0.16252 0.15060 0.33734
-0.04058 -0.65710 -0.07924
-0.40141 0.00588 0.05106
0.00136 0.00722 -0.37639
-0.13584 0.32055 0.07088
-0.00948 -0.70586 -0.18572
-0.05906 0.08886 -0.43507
0.08188 0.06913 0.26648
-0.18080 -0.98027 -0.07984
0.04849 0.36573 -0.19338
-0.17650 0.11056 0.21852
-0.23013 -0.78059 -0.03151
0.05644 -0.77032 -0.16580
0.14940 0.12061 -0.19349
-0.13524 0.22916 0.16272
-0.18409 0.18389 0.23212
0.13228 0.06538 -0.16198
-0.11707 0.11406 0.25542
0.09751 -0.58642 -0.08090
0.02116 0.44507 -0.10914
0.28501 0.14697 0.00337
-0.05024 0.24029 -0.01467
-0.05069 0.36593 -0.17021
-0.18020 0.25016 -0.00587
-0.08624 0.12242 0.33951
0.12157 0.12673 0.26835
0.01731 0.33902 -0.12532
0.00432 0.32238 -0.19388
-0.29862 -0.49549 -0.07644
-0.35332 -0.00891 0.04255
-0.25326 -0.86955 0.02660
-0.28185 0.00904 0.04960
-0.30112 0.08840 0.09051
0.18043 0.20883 -0.17003
0.09841 0.34936 -0.23125
0.22861 -0.49889 -0.00559
0.14984 -0.86354 -0.15062
0.10450 0.20879 0.22774
0.00804 0.38315 -0.04029
-0.12875 0.09307 0.34435
-0.22374 0.05252 0.06740
0.11303 0.08932 0.16000
0.05919 0.31093 -0.06592
0.05937 -0.34434 -0.01875
0.23212 0.12712 -0.33279
-0.23121 -0.52824 0.11386
0.17155 0.16247 -0.12815
-0.36502 0.04642 0.14334
-0.31755 -0.03955 0.12207
-0.31813 0.03063 0.21760
0.12233 0.39756 -0.15491
0.26640 0.16104 -0.20608
0.38937 -0.01865 -0.05421
-0.12615 -0.73463 0.02635
0.23518 0.19255 0.28207
-0.42333 0.03164 0.17261
-0.12585 -0.59882 0.02000
-0.07565 -0.61935 -0.12689
0.04239 -0.87366 -0.21244
-0.12410 -0.38051 0.02254
-0.01376 0.21005 0.09622
-0.03818 0.19705 0.32843
-0.00014 -0.40569 -0.19668
0.10315 -0.52417 0.16798
0.28842 -0.01984 -0.12524
-0.11399 0.18932 0.03559
-0.06284 0.24518 0.12559
-0.09546 0.08062 -0.30280
0.30022 0.06838 -0.09481
0.05923 -0.18971 -0.04880
-0.16037 0.21933 0.30271
0.09740 0.44767 -0.16699
-0.14507 -0.92529 -0.17012
0.12221 0.14068 0.34562
0.27136 0.08000 0.06066
0.26048 0.04828 -0.00400
-0.01302 -0.70174 0.16930
0.08733 0.32863 -0.16282
-0.33045 0.14121 0.09143
0.02915 0.05747 -0.23015
-0.00490 0.21171 -0.26301
0.04396 0.15319 -0.35034
0.23713 0.06080 -0.15532
0.18073 0.08520 0.21821
0.21968 0.11871 0.25636
-0.04673 -0.41499 0.15271
-0.05695 0.43424 -0.13362
0.27410 0.11782 -0.27087
-0.10539 -0.92893 0.17458
0.06793 0.08042 -0.39271
0.05486 0.11062 -0.26005
0.00428 -0.21726 -0.09221
0.02338 0.16277 0.29248
-0.40007 0.04416 0.20360
-0.22141 0.20295 0.31120
0.11121 -0.69540 -0.13253
-0.06889 0.09874 -0.24234
-0.06095 0.01514 -0.22745
0.15629 0.04258 -0.26177
0.25796 -0.00355 -0.05193
0.12545 0.16519 -0.25706
-0.04407 0.13406 -0.33281
-0.06123 0.04271 -0.29579
-0.17459 0.24107 0.13149
-0.09396 0.15459 0.27707
-0.25044 0.02629 0.11775
0.14634 0.13290 0.21714
0.22601 0.15830 -0.26241
0.17752 0.01153 -0.01040
0.11303 0.24536 0.28647
0.07261 -0.78056 0.16088
-0.28725 0.08019 0.15668
0.14066 0.08405 0.28207
0.17114 0.22084 -0.27474
0.00647 -0.48484 0.02718
0.09259 -0.82448 0.20029
-0.06101 0.34826 -0.01072
-0.07946 0.27269 0.03060
0.09701 0.03550 0.19036
-0.12567 -0.61688 -0.17038
-0.11146 0.38091 -0.16375
0.09231 0.06677 -0.17023
-0.02963 0.31726 0.08669
-0.03661 -0.71829 -0.03805
0.00647 -0.29660 0.03974
-0.03811 0.37971 -0.06838
0.33863 -0.05600 -0.04934
-0.26509 0.13976 0.10150
0.02096 0.48895 -0.09164
-0.39394 0.07472 0.02587
0.17611 0.14804 0.18744
-0.04884 0.20325 -0.28175
0.12126 0.08496 0.30546
-0.16035 -0.68309 0.12214
0.09211 -0.58831 0.01491
0.18881 0.10130 -0.18624
0.14917 0.09975 -0.24064
0.08354 0.16317 0.25209
0.04870 -0.67862 0.15501
0.16700 0.17281 -0.23018
0.26252 0.06624 -0.12830
-0.33704 0.05287 0.06309
0.00484 -0.65756 0.06199
-0.09319 0.21266 0.30183
0.21262 0.08836 0.00456
-0.04391 -0.93366 -0.11495
-0.09043 -0.61384 -0.25556
-0.14946 -0.19244 0.03761
-0.01061 0.03084 0.01941
0.01420 0.27699 -0.09938
0.15890 0.03448 -0.15706
0.06804 -0.20335 0.01539
-0.00917 0.28214 -0.15504
-0.05117 0.05349 -0.35068
-0.02906 0.10226 -0.32660
-0.08385 0.35637 -0.13382
-0.13374 -0.92653 0.03198
-0.19565 -0.72756 -0.00408
0.23573 0.10175 -0.19007
-0.24983 0.00090 0.09194
-0.17541 0.08710 0.25396
-0.15730 0.27516 0.10244
-0.04728 0.20031 0.01676
-0.13942 -0.79968 -0.21242
0.00761 0.27074 0.09169
0.26663 0.11631 -0.08257
-0.11976 0.15940 -0.28258
0.35608 0.01435 -0.03969
-0.04159 0.27332 0.03068
-0.11125 0.08470 0.25749
-0.00216 0.22915 0.31653
0.01296 -0.61942 0.20383
-0.05642 -0.89493 0.05806
0.21080 -0.01168 -0.05111
0.00579 0.38464 -0.14314
-0.25506 -0.03547 0.10378
-0.15410 0.18024 0.21044
0.14585 0.21671 -0.31325
-0.24805 0.12933 0.16777
0.05606 0.17060 0.28339
-0.12090 -0.25028 0.05365
-0.30699 0.18364 0.11060
-0.08683 0.10193 0.19206
0.16743 -0.88187 0.06557
0.09291 -0.73463 -0.05254
-0.21187 -0.88005 0.11540
0.25539 -0.01613 -0.00111
-0.14568 -0.59529 -0.04184
-0.17286 -0.82716 0.20378
-0.08129 0.33596 0.05989
0.12618 0.05188 0.17167
0.11883 -0.34895 0.10719
-0.42822 0.05267 0.11517
0.29091 -0.02200 -0.06505
-0.04815 -0.17459 0.08681
-0.07786 0.10141 0.24538
-0.03247 0.32071 -0.04592
0.11024 0.03758 0.29942
0.02481 0.11644 -0.30029
-0.08094 0.34319 -0.09433
-0.30351 -0.00647 0.06654
-0.16602 -0.53021 0.14912
-0.31957 0.01580 0.15699
0.25075 0.04867 -0.06980
0.00107 0.04254 -0.32468
-0.03765 0.08668 -0.26788
0.35025 0.02197 0.06987
-0.03443 0.17203 0.24272
0.03322 0.50440 -0.14213
-0.35472 0.09738 0.06932
-0.13887 0.29528 0.03162
0.30179 0.10677 -0.20956
-0.36809 0.06804 0.16420
-0.06128 0.32929 0.11450
0.04216 0.12868 0.21418
0.06341 -0.54135 0.11819
-0.06400 0.17044 0.06962
0.19539 -0.82056 0.07512
0.00253 -0.74960 0.03855
0.07534 0.06362 0.19744
0.05520 -0.47528 -0.06390
-0.02424 0.14729 -0.38613
0.03976 -0.90371 0.02097
0.18430 0.16207 0.28136
0.10797 -0.51169 0.03957
0.04394 0.05262 0.27456
-0.29192 0.10932 0.02451
0.20119 0.06273 -0.32444
-0.02959 0.46774 -0.10845
-0.08257 0.15212 -0.32852
0.29137 0.06800 0.02422
0.03139 0.40910 -0.12259
-0.34276 0.02312 0.10553
-0.16789 0.31336 0.02093
-0.03996 0.18879 0.27868
0.08989 0.14969 0.32583
0.04312 0.37981 -0.10252
-0.07463 -0.95857 -0.17589
-0.04673 0.43313 -0.19334
-0.05103 -0.00023 -0.34390
0.22172 0.08185 0.32809
0.17717 0.11171 -0.34399
-0.03144 0.27395 0.07556
0.24066 0.11650 -0.03039
0.14943 0.12168 -0.14209
0.18385 -0.49298 0.03367
-0.07291 0.17968 0.34714
-0.15482 0.27233 0.15109
0.25998 0.02933 0.04529
-0.07882 0.27887 0.15511
-0.08995 -0.78395 0.18906
0.22654 -0.05770 -0.00179
0.01952 -0.94250 0.17586
0.06419 0.11661 0.35057
0.30327 -0.04417 -0.00944
0.06391 0.42927 -0.07740
0.16549 -0.31221 0.01919
-0.15024 -0.53804 -0.11011
0.21365 -0.55473 -0.05266
-0.17826 0.07873 0.35384
0.09662 -0.70751 0.11005
-0.15435 0.23702 0.04496
-0.09494 0.06535 0.33522
0.23331 0.05898 -0.23255
-0.07118 0.07094 0.28510
0.28008 0.02801 -0.09183
-0.14461 0.23621 0.22174
-0.38557 -0.02035 0.11978
-0.17186 0.14679 0.37491
0.20231 0.01923 -0.08536
0.30047 0.08592 -0.13043
0.04922 0.32214 -0.18382
-0.02440 -0.90730 -0.21076
-0.11854 0.12709 0.30751
-0.34359 0.09071 0.00570
0.12124 0.11104 -0.13847
-0.31198 0.12441 0.20227
-0.09013 -0.83828 -0.23418
0.10089 -0.44109 -0.02707
-0.12496 0.26367 -0.01677
0.04332 0.08173 -0.34323
0.13271 -0.56931 0.02320
-0.02358 0.36704 -0.25681
-0.01800 -0.35340 0.13533
0.12858 0.08750 0.24448
0.29298 0.03616 -0.01473
0.02021 0.34473 -0.07743
-0.01995 0.11630 -0.26640
-0.22126 0.27058 0.08059
-0.10810 0.18204 -0.36509
0.15253 0.18107 0.32842
-0.07881 0.40862 -0.17911
0.33337 0.08391 0.00425
-0.04747 0.13789 0.38740
-0.08847 0.46394 -0.16013
0.06028 0.08287 -0.29752
0.00062 0.31010 -0.07095
0.11700 0.16471 -0.22296
0.04858 -0.53663 -0.14232
0.19339 0.05880 0.00842
-0.19874 -0.81833 -0.19085
0.34988 0.09200 -0.04959
0.01306 0.38974 -0.21806
-0.13851 0.11804 0.23800
0.25858 -0.04536 -0.10430
-0.30952 -0.00191 0.17327
-0.07975 0.01688 -0.27673
-0.13220 -0.97706 0.13353
-0.13404 0.25077 0.28979
0.23232 0.17599 -0.20122
-0.34780 0.16844 0.07729
0.06498 0.16057 0.36602
-0.00961 -0.55355 -0.00880
0.23239 -0.04938 -0.06687
0.16823 0.07439 -0.20858
0.18673 0.11891 0.31555
-0.05434 0.23809 0.35792
0.01962 0.16471 -0.29704
0.07838 -0.38739 0.01117
-0.27132 0.05213 0.08499
-0.13190 0.19135 0.25796
-0.18206 0.14420 0.26320
0.15601 0.12410 -0.27870
-0.11707 0.23238 0.03037
-0.21411 0.13620 0.32682
0.01650 -0.21381 0.08225
-0.04903 0.39482 -0.11308
-0.09441 0.24318 0.11586
-0.07488 -0.36742 0.04390
-0.03018 -0.64042 -0.02764
-0.04779 -0.79504 0.03226
-0.02007 0.05676 -0.39066
-0.28802 0.04736 0.02625
-0.12295 0.29424 0.16493
0.16523 0.16772 -0.19728
-0.25754 0.09274 0.11112
-0.25388 0.12864 0.05501
0.23269 0.02158 -0.02627
-0.26257 -0.01968 0.04761
0.23984 0.21784 -0.19730
0.22372 0.08421 -0.29753
-0.00017 0.37252 -0.18616
-0.16762 -0.75691 -0.10191
0.03042 0.21340 0.27447
0.08202 0.23168 0.32587
0.04423 -0.73463 -0.07665
0.03046 -0.64459 -0.02785
0.26598 0.04827 -0.26488
0.20480 -0.41378 0.19711
0.38054 0.04664 -0.11470
-0.27425 0.11178 0.13251
-0.01829 -0.80415 -0.01678
-0.05836 0.10092 -0.39090
-0.04636 0.04942 -0.24517
-0.02595 -0.73463 0.11603
-0.11699 -0.73259 -0.14252
0.13712 -0.81345 0.17287
0.07264 0.12545 0.29959
0.04895 0.34787 -0.04856
-0.03472 0.35052 -0.05022
-0.04220 0.14947 0.31622
-0.12467 0.28561 0.09625
0.00974 0.40474 -0.08147
0.27060 0.14443 -0.24519
0.02552 -0.39858 0.09509
0.08760 0.39073 -0.12728
-0.10538 0.13299 -0.37061
-0.00656 -0.69517 -0.00970
0.20071 -0.02494 0.01525
0.06202 0.32332 -0.11536
0.14313 -0.76977 -0.05661
0.03284 -0.44159 -0.09775
-0.24017 -0.55574 0.06978
0.05927 -0.81374 -0.22917
-0.06295 -0.69530 -0.17492
-0.16700 0.26508 0.23587
-0.04934 0.39849 0.05830
-0.38371 0.11986 0.13490
-0.10068 0.37235 0.08063
-0.19767 0.19636 0.26782
-0.01980 0.00547 -0.20650
0.18900 0.12776 -0.18164
0.10752 0.39073 -0.20652
-0.15411 0.34981 0.09199
-0.03225 0.06098 -0.42823
0.04518 0.07908 0.22466
-0.35859 0.03796 0.04526
0.20126 0.13174 -0.15543
-0.32762 0.05131 0.18644
0.16585 -0.77369 -0.00884
0.14680 0.21303 -0.16809
0.10609 0.11989 -0.26951
0.08504 -0.15835 0.03452
0.14879 0.18561 0.21092
-0.09914 0.06333 -0.36497
-0.02074 -0.23635 0.10009
-0.21773 0.00305 0.11576
0.06619 -0.56975 -0.03772
-0.03785 -0.92515 0.09548
0.24733 0.08785 -0.06949
0.11168 0.06446 0.21680
0.06411 0.48879 -0.08171
-0.09311 0.12866 -0.25244
0.10915 0.07874 -0.23256
-0.01948 0.36407 0.12318
0.10304 0.18049 0.27030
0.17310 -0.81536 0.13366
0.01370 0.33723 -0.17417
-0.14467 0.20661 0.10074
-0.02262 0.04633 -0.23918
0.28409 -0.00189 -0.02457
0.18387 0.06424 -0.23260
-0.11623 0.16109 0.24954
-0.31662 0.05881 0.13764
-0.13066 -0.59647 -0.21665
-0.40831 -0.01296 0.17089
-0.05962 0.20923 0.11253
-0.26225 0.04302 0.17577
0.21765 -0.00442 -0.01567
-0.34358 -0.01245 0.12544
0.09443 0.12999 0.21544
0.16359 0.21439 -0.22875
-0.10175 0.12905 0.22303
-0.00796 0.16719 0.31411
-0.01950 0.08423 -0.34698
0.15756 0.04380 0.20560
-0.08316 0.19008 -0.28838
-0.32302 0.06696 0.10807
0.16083 -0.46154 0.06571
-0.13141 -0.73214 0.13063
0.12905 0.23041 0.22152
-0.09714 0.29222 -0.01481
-0.15687 0.12253 0.27922
-0.16346 -0.31712 0.06493
0.34190 -0.01424 0.03492
0.00588 0.46661 -0.15007
0.39177 0.03085 -0.01338
0.12911 0.12430 -0.23576
-0.01092 0.36456 -0.10129
-0.22068 -0.91292 0.07888
-0.02582 0.31054 0.02722
0.10685 -0.92483 0.13542
-0.02487 -0.83942 0.01786
-0.05999 0.48700 -0.13276
0.34679 0.00867 -0.08785
0.00730 -0.95823 0.13024
0.17592 0.23732 -0.18941
0.28452 0.10477 -0.00839
0.17926 0.10502 0.26730
-0.06272 0.08260 -0.29759
-0.21219 -0.31500 0.10652
-0.09088 -0.57961 -0.02003
-0.36007 0.17155 0.04243
0.22634 0.13352 -0.00543
0.19091 0.12434 -0.22309
0.09596 0.03603 0.23602
0.29100 0.18920 -0.18239
0.06763 0.15836 0.18352
-0.13784 0.21528 0.36857
0.00087 0.09970 -0.31369
0.11239 -0.43020 0.14922
0.03190 -0.73463 -0.13173
-0.13569 -0.85910 0.20466
-0.03114 0.46331 -0.15786
0.15256 0.11261 0.34443
0.25581 0.02714 -0.14214
-0.13352 0.05857 0.31196
-0.19565 -0.73218 0.04443
0.23818 0.07497 0.03132
0.05681 -0.54010 0.05521
0.10035 0.10411 0.32868
-0.03674 0.17831 -0.31946
0.19206 0.03037 -0.26398
-0.10410 0.25510 0.06138
0.06880 -0.37852 -0.15536
0.18832 -0.87118 0.02323
-0.02303 -0.73463 -0.14933
-0.07441 0.21878 0.02442
-0.20402 -0.93330 -0.09352
0.33106 0.04996 0.03057
-0.04432 -0.41456 0.09834
0.17714 -0.03768 -0.01455
0.27658 0.16252 -0.08125
-0.04284 -0.62322 -0.18158
-0.09207 0.18784 0.24913
-0.07427 0.16798 0.31716
-0.06308 0.30692 0.18876
0.27950 0.11828 -0.17659
-0.02038 0.23568 0.07862
0.28967 0.02567 0.03010
-0.04182 -0.45282 0.02226
-0.10435 0.11824 -0.29772
-0.15159 0.10631 0.32853
0.17837 0.06753 0.33405
-0.00719 0.33827 0.06432
0.04545 -0.73463 0.02440
-0.09578 0.09316 -0.34299
-0.17124 0.27821 0.06189
-0.17153 -0.96025 -0.02929
-0.14242 0.22649 0.00117
-0.22615 -0.92242 0.02976
-0.01678 0.13572 -0.30250
-0.22804 0.01612 0.06356
-0.26797 0.02201 0.13792
-0.06430 -0.61201 0.05624
0.23867 0.07709 -0.25709
0.06278 0.02286 0.16268
-0.12323 0.20048 0.30573
0.22757 0.16580 -0.16937
0.24045 0.06576 -0.02767
0.17175 0.14271 -0.15782
-0.06732 0.36892 0.14042
-0.27147 -0.81099 0.05803
-0.01984 -0.69621 0.05308
-0.07829 0.03484 -0.31843
-0.02364 0.42451 -0.10347
-0.10259 0.32901 0.17583
0.05776 0.04846 -0.32749
-0.06062 0.37611 -0.20666
0.21900 0.09375 -0.13241
-0.02505 0.31307 -0.20898
0.06083 0.09659 0.25474
0.17822 0.04685 0.25310
-0.16685 0.28791 -0.00963
-0.31224 0.10788 0.06622
-0.08763 0.13856 0.25125
0.05208 0.42498 -0.14840
-0.11146 0.19422 0.20749
0.05499 0.37162 -0.23382
0.00790 0.10367 -0.37533
0.29509 0.02277 -0.12596
0.06742 -0.94997 -0.15492
-0.12746 -0.73463 -0.09914
0.15050 0.10951 -0.11991
0.02988 -0.93854 0.09191
-0.10301 0.30857 0.03459
-0.07943 0.23243 0.14573
-0.08820 0.33529 0.02316
-0.07285 0.04659 -0.24812
0.23475 0.03511 -0.10605
0.15785 0.03408 -0.19389
-0.05981 0.30448 0.05236
-0.17510 0.28213 0.02865
-0.01204 0.05740 -0.20811
0.07548 0.06842 0.16390
-0.24607 -0.82191 -0.13162
0.10532 0.12112 -0.17587
-0.16191 0.33522 -0.00682
-0.09958 0.33652 0.14224
-0.02949 -0.01025 -0.27264
-0.12754 0.09945 0.18649
-0.40304 0.01312 0.09599
0.06910 0.47599 -0.13254
0.18796 0.15787 -0.25436
-0.22902 0.21213 0.25998
-0.27624 0.16429 0.13348
0.04864 0.08991 0.31624
-0.02038 0.16738 -0.27224
0.17464 0.16292 0.23100
0.34691 0.03502 -0.00455
0.12596 0.20660 0.27576
0.08939 0.10190 0.19091
-0.08620 0.29915 0.11153
0.06320 0.41377 -0.18068
-0.35413 0.02614 0.01486
-0.16323 0.20109 0.06704
0.06196 0.10752 -0.32096
0.02417 0.01575 -0.24492
0.03540 -0.42247 -0.15720
-0.07893 0.18411 0.04043
-0.16472 0.26638 0.28066
0.07643 -0.74925 -0.13168
-0.00686 0.20232 0.01918
-0.09626 -0.73463 0.09286
-0.07669 0.18992 0.27680
0.05629 -0.31090 0.02549
0.14190 0.18487 0.18016
-0.04327 0.23536 0.28876
-0.25643 0.03450 0.03214
0.10240 0.15867 0.23190
-0.30958 0.01354 0.02192
0.08163 -0.49324 0.00039
-0.07797 -0.87720 -0.02400
-0.07935 0.25261 0.17516
0.26674 0.13640 -0.04343
-0.04120 -0.70771 0.01608
-0.21818 -0.50510 -0.03600
-0.02228 0.37941 -0.16702
-0.05222 -0.74320 -0.01510
0.19844 0.13584 -0.30658
-0.01232 -0.80452 -0.24133
0.02918 0.45201 -0.06513
0.02313 0.02546 -0.41955
-0.01213 -0.75482 -0.02829
-0.03372 0.27932 -0.00070
-0.02461 0.34203 -0.16297
-0.09737 0.21663 0.09117
-0.16064 0.30979 0.16566
0.00932 0.06600 -0.36345
0.19584 -0.31700 0.05033
0.00727 0.33877 -0.23335
0.19580 -0.03758 -0.07663
0.10806 -0.73463 0.02176
-0.13536 0.11215 0.36503
0.31369 0.10867 -0.25997
-0.11687 0.08012 0.38517
0.04471 0.34260 -0.14135
-0.02811 -0.13616 -0.10322
0.06840 -0.92938 -0.03672
-0.07446 0.31960 0.15246
0.18381 -0.43002 0.13830
-0.36395 0.01338 0.07751
0.10401 0.17778 -0.28486
-0.28804 0.07730 0.05058
0.21259 0.10602 -0.04923
-0.17298 0.13049 0.29788
-0.03703 0.11480 -0.22511
0.08171 -0.74729 0.11770
0.12616 0.21206 -0.27513
-0.03770 0.34600 0.05406
-0.33109 0.08479 0.16822
0.08630 0.18927 0.19031
0.17631 0.03395 -0.04701
-0.08406 0.25827 -0.01953
-0.08132 -0.60099 0.01362
0.35923 0.06558 0.04828
-0.00514 -0.70664 -0.06130
-0.18562 -0.97495 0.07154
-0.23271 0.02587 0.13932
0.16150 0.19073 -0.20241
-0.14127 -0.68628 0.15997
0.33576 0.10396 -0.13611
0.00197 0.39107 -0.26768
0.12301 0.02896 -0.17790
0.14568 0.17380 -0.28212
-0.39867 0.05709 0.06060
0.04379 -0.62282 -0.06164
0.34788 -0.02186 -0.02898
0.08906 0.41187 -0.09613
0.01451 -0.63459 0.00996
-0.17459 0.14902 0.22558
0.06293 0.15419 0.22285
0.11879 -0.57662 -0.04587
-0.37979 0.00390 0.14849
0.17794 0.13295 0.24554
0.04129 0.17920 -0.32462
-0.00879 -0.40630 -0.15339
-0.01657 0.41102 -0.05827
0.01495 0.41605 -0.10509
0.18957 0.19233 -0.21012
-0.06339 0.09266 0.33093
-0.03246 0.06441 -0.31457
-0.11982 -0.46919 0.01612
0.05700 0.42834 -0.12159
0.13293 0.06714 -0.28414
0.03149 0.30583 -0.20625
-0.12640 -0.79895 0.20281
-0.16195 -0.73463 -0.04541
-0.00042 0.31741 -0.14118
-0.20876 0.16568 0.25421
-0.28459 0.12795 0.06496
0.15405 0.18187 -0.14465
0.25864 0.03085 -0.03013
0.24400 -0.03610 -0.03367
-0.32537 -0.01784 0.15653
-0.11315 0.03926 -0.30853
-0.00313 0.34980 -0.06028
-0.21744 0.17143 0.28973
0.27293 0.05534 -0.02630
0.14540 0.17823 0.25381
-0.05502 0.33068 -0.13256
-0.02355 0.31708 0.13336
0.27362 -0.04103 0.01766
0.34211 0.02429 -0.11960
0.14310 0.03564 0.29290
0.11715 0.09774 -0.20397
-0.14726 -0.95259 0.06098
0.14680 0.15594 0.27021
-0.02709 0.20761 0.04727
-0.08798 0.22682 0.33634
-0.02863 0.02803 -0.27456
-0.27432 0.10454 0.17293
-0.08251 0.34227 -0.17160
0.30878 -0.02442 -0.04073
0.12708 0.13030 0.17940
0.18127 0.06624 -0.17988
-0.08068 -0.39874 -0.03345
0.22123 0.11180 -0.09056
0.22879 -0.27905 -0.01146
-0.03968 -0.67769 0.18893
-0.00478 -0.36688 -0.04772
0.02950 0.39941 -0.17337
0.22792 0.14112 -0.13380
-0.22099 0.05756 0.09719
-0.39888 0.07058 0.09492
0.03570 0.07936 -0.25816
0.06387 -0.90583 0.17096
0.03738 0.13745 0.26482
0.05397 0.36154 -0.08258
-0.04851 0.14235 0.26027
0.07822 0.18424 0.30438
-0.10302 0.39778 -0.19972
0.07840 0.15830 -0.33245
0.24913 0.13368 -0.18647
0.04454 0.13855 0.32535
0.34760 0.02685 0.02596
-0.10053 0.32154 0.08789
-0.05014 -0.71185 0.15727
0.29965 -0.05696 -0.06179
0.10958 0.18788 -0.19962
-0.25865 -0.85904 -0.01211
0.24456 0.07635 -0.09593
-0.31519 0.07118 0.19204
0.03437 -0.67769 -0.18663
0.16929 -0.82882 -0.14611
0.32938 -0.02792 -0.07210
0.04898 0.29570 -0.09162
-0.30316 0.12486 0.11828
-0.06562 0.32977 -0.20534
-0.00275 0.03044 -0.29210
-0.30105 0.15282 0.08736
0.18230 -0.55770 0.00605
0.18487 -0.84646 -0.07847
-0.08800 0.39759 0.13039
-0.12771 0.10105 -0.35473
0.14752 0.05855 -0.23325
-0.10469 0.12550 0.38752
-0.05077 0.28314 0.08991
0.11889 -0.70318 0.06427
0.01272 0.00250 -0.29987
0.20314 0.13220 0.20137
-0.07083 -0.08091 0.12626
0.02165 -0.16552 0.09470
0.01937 0.11982 -0.23925
0.20416 0.14065 0.29346
-0.03160 0.03382 -0.35514
-0.14185 -0.93019 0.15915
0.18966 0.19557 -0.14114
0.26662 0.07897 -0.17196
-0.02764 0.23409 0.11145
-0.05908 0.15928 0.21656
-0.35560 0.08115 0.04145
0.10174 -0.72506 -0.08978
0.02272 0.28775 -0.06545
-0.10185 0.09451 -0.26716
0.14782 0.15599 -0.22414
0.25690 0.01314 0.01358
-0.10836 -0.82363 0.22747
0.10879 0.10241 0.28260
0.06822 0.36251 -0.13628
-0.02297 -0.42177 -0.02535
-0.03750 0.00549 -0.38004
0.26512 0.09236 0.01428
0.11527 -0.54217 0.06286
0.05813 0.04340 -0.40026
-0.20397 0.18826 0.33838
-0.04619 0.10321 -0.35833
-0.33258 0.08655 0.08850
0.09183 0.13090 0.26446
0.11871 -0.48478 0.06545
-0.39068 0.02594 0.13595
0.21525 0.09927 -0.21948
-0.08577 0.25064 0.01517
-0.14373 0.13222 0.20210
0.13622 0.13317 -0.16864
-0.00258 0.06275 -0.25101
-0.06372 0.07015 -0.26105
0.19479 0.10496 -0.24842
0.32050 0.00979 -0.04333
-0.08345 0.22254 0.27572
0.11366 -0.76394 -0.11579
-0.05655 0.43300 -0.06889
-0.25684 0.07573 0.13736
-0.01900 0.01943 -0.32604
-0.29525 0.04077 0.18302
0.16392 0.12575 0.26876
0.12568 0.11503 0.21572
0.10059 0.11241 0.35987
0.05577 0.33772 -0.21156
0.13319 0.07150 -0.13167
0.02663 0.13246 -0.27899
-0.08000 -0.63088 -0.16298
-0.06058 0.25816 0.04102
0.15112 0.10777 0.29171
0.21843 0.02689 0.00509
-0.27087 0.00212 0.11288
-0.11000 0.42567 -0.17480
0.09637 0.03584 0.27276
-0.31114 0.16077 0.05139
-0.12535 0.29706 0.00312
-0.12369 0.05414 0.24186
-0.38688 0.11004 0.07313
-0.15611 0.16136 0.24481
-0.28657 0.14566 0.03291
0.14185 0.05933 0.24869
0.06087 0.13803 0.24020
0.31007 0.03525 0.00448
0.02177 0.12391 -0.34793
0.31022 0.11815 0.01118
-0.11164 0.26356 0.14746
-0.41589 0.11342 0.03122
-0.03394 0.35150 0.08736
-0.13327 0.13993 0.33311
-0.09863 0.11722 0.27783
0.16722 0.19791 0.26779
0.31376 0.03733 -0.10103
-0.12633 0.09558 0.30845
-0.20035 0.10314 0.31042
0.24946 0.08128 -0.20516
0.08800 0.43987 -0.12411
-0.10232 0.08463 0.22201
0.12984 0.22174 -0.20117
-0.12954 0.13881 0.28841
-0.06343 0.21507 0.07991
-0.10898 0.07148 0.19396
-0.04601 0.09053 0.26439
0.27513 -0.00158 0.01027
-0.14081 0.27217 0.06804
-0.12347 0.23906 0.31359
0.20141 -0.06280 -0.02089
-0.31733 0.14637 0.12575
0.25612 0.11330 -0.23970
-0.07514 0.04494 -0.37843
-0.30098 0.08293 0.00737
0.37763 0.01275 -0.09996
0.00398 0.45937 -0.21795
0.02644 -0.42936 -0.05133
0.17273 0.11479 -0.14281
-0.08726 0.29254 0.05306
0.22521 0.16350 -0.23096
-0.03396 0.24292 0.02815
-0.12870 0.15228 0.21575
-0.03678 -0.14701 -0.04507
-0.03740 0.01702 -0.42088
-0.27480 0.06364 0.11891
-0.08939 -0.73463 0.02846
-0.13333 0.19185 0.06782
0.20023 0.10579 0.29600
0.28165 0.11055 0.04290
0.02849 0.32303 -0.05043
-0.16170 -0.58850 -0.23474
0.36960 -0.04393 -0.03623
-0.03157 0.33495 0.00770
0.20619 -0.06369 -0.05604
0.04281 0.07769 0.25431
-0.06226 0.33093 0.03654
-0.25761 0.03737 0.06570
0.02693 0.05372 -0.32779
0.20215 0.12067 0.33703
0.08155 -0.95862 0.08477
-0.07504 0.38576 -0.14459
-0.05027 0.11446 -0.30986
-0.09756 -0.62131 -0.19363
-0.10816 0.23362 0.22057
0.07088 0.05352 0.29726
0.14830 0.20186 0.23427
-0.04571 0.47351 -0.07606
0.14959 0.15528 -0.30674
-0.08038 0.45534 -0.12257
-0.15328 -0.94764 -0.14262
-0.12290 0.22270 0.12409
0.22596 0.09691 0.28470
0.21376 0.08134 -0.26341
0.08932 0.41259 -0.15411
-0.30142 0.08355 0.12106
-0.04554 0.19441 0.08505
0.06363 0.04508 0.24361
0.00409 0.38645 -0.11128
-0.32352 0.02552 0.05328
-0.19565 -0.71996 -0.05807
-0.31771 0.08189 0.05370
0.32830 0.06660 -0.05913
-0.05139 0.17830 0.04082
0.11561 0.06810 0.26396
-0.11995 0.33282 -0.00287
-0.19251 0.25104 0.04142
-0.12612 0.09389 -0.29226
-0.10347 0.14852 0.35411
0.13512 -0.75972 0.03015
-0.05429 0.11677 0.33569
-0.07577 0.24748 0.09723
-0.05862 -0.69240 -0.04964
-0.06058 0.11630 -0.26503
-0.08608 0.27475 0.12221
0.04414 0.14389 -0.31201
-0.17013 0.18422 0.26441
0.40592 0.04794 0.00912
-0.06853 0.13895 0.19737
0.04618 -0.92388 0.06366
-0.05972 0.14889 0.29244
-0.03376 0.22099 -0.30885
0.00528 0.04106 -0.35976
0.05426 -0.79237 0.18914
0.29257 0.04997 -0.12029
-0.19382 -0.98028 0.00709
-0.01201 0.36831 -0.21658
0.16482 0.18940 -0.29119
0.14437 0.16960 0.29739
0.13405 0.07203 0.35499
0.17308 0.07065 0.29918
-0.14869 0.09993 0.22624
0.13014 -0.93062 -0.11026
-0.13931 0.10296 0.25888
-0.07567 0.00356 -0.32061
0.18616 0.07152 -0.26184
-0.04204 0.40414 -0.15933
-0.02843 -0.57102 -0.03288
0.17946 -0.01187 -0.04109
-0.29493 0.01023 0.19654
0.05054 -0.41401 -0.18809
0.26162 -0.01138 -0.09619
-0.01611 0.08684 -0.24869
-0.10414 0.18083 0.06078
0.01371 0.01888 -0.33782
-0.30010 0.11619 0.14894
-0.25185 0.05471 0.15162
-0.11353 0.34421 0.03890
0.01391 -0.96554 -0.17702
-0.23582 -0.79138 -0.09303
0.28183 0.08371 -0.07194
-0.09520 -0.23412 0.07105
0.01592 0.36567 -0.12102
-0.10357 -0.55772 0.12298
0.02417 0.36465 -0.15950
-0.10186 0.22445 0.06734
-0.05422 0.25314 0.07611
-0.14621 0.12994 -0.36483
0.13109 0.19022 -0.23114
0.03032 0.32491 -0.10024
-0.20595 0.14497 0.36876
0.31467 0.02551 -0.14078
-0.16045 0.24859 0.07399
0.16548 0.06169 -0.28665
0.18774 0.04780 -0.14874
-0.03782 -0.16639 0.11875
0.00249 0.21583 0.06052
-0.15672 -0.32335 0.14617
-0.00169 -0.66462 0.09515
-0.10521 0.40097 -0.13641
0.05066 0.14022 -0.38139
0.10316 -0.79571 0.16591
0.04697 0.46291 -0.09666
-0.15833 -0.68950 -0.14643
-0.37911 0.02182 0.10963
-0.06577 0.06635 -0.22939
0.05381 0.11321 0.27953
0.14439 0.09912 -0.27604
-0.27885 0.02317 0.08282
-0.33107 0.02481 0.13130
-0.30831 -0.00195 0.10942
-0.02282 0.31380 -0.08455
0.30407 -0.00032 -0.10741
0.21631 0.13815 -0.20971
0.08191 -0.68235 -0.14453
-0.03041 -0.73742 -0.06729
-0.29068 -0.03513 0.13459
-0.29859 0.00740 0.13188
-0.01567 0.29300 0.10510
-0.17852 0.21364 0.10758
-0.06526 0.06367 -0.41298
-0.03977 0.26276 0.10101
-0.23600 0.11072 0.10713
-0.12727 -0.97214 -0.15422
0.16108 0.12941 -0.21671
0.16623 0.08810 0.35815
-0.31103 0.03745 0.11157
0.25331 0.09300 -0.30112
-0.11191 -0.56830 0.07978
-0.35349 0.04763 0.10718
0.11570 0.22912 0.25256
0.15989 0.11500 0.24205
0.06626 0.05636 -0.35767
-0.31813 0.05446 0.03704
0.05593 0.33474 -0.08475
0.10895 0.41275 -0.12231
-0.31408 0.05294 0.08663
-0.05373 -0.23790 0.09375
-0.09851 0.13577 0.19305
-0.06816 0.06334 -0.31770
0.22614 0.07052 -0.05163
0.17076 0.04043 -0.21776
0.12175 0.04322 -0.14131
-0.02861 0.12088 -0.36675
-0.09436 0.14533 0.31066
-0.04786 -0.67932 -0.00038
0.02189 0.13382 0.23553
0.02708 0.35474 -0.22169
-0.05516 0.44721 -0.10194
-0.03908 0.34518 -0.22314
-0.12051 0.18788 0.10520
-0.40364 0.06310 0.13519
-0.05958 0.25975 0.01115
0.27752 0.05110 -0.07023
-0.04001 -0.51261 0.00153
0.08534 -0.35592 0.00277
-0.10510 -0.58687 -0.23573
0.27659 0.01280 -0.04899
0.15131 0.08678 -0.18425
-0.19913 0.24094 0.10274
0.21264 0.08065 -0.19861
0.14549 0.15752 0.22845
0.23947 -0.02502 -0.07644
-0.10915 0.23839 0.00647
-0.08865 0.11298 -0.32191
0.11057 -0.96404 -0.03361
0.01179 -0.73463 -0.07070
-0.20550 -0.77437 -0.09343
0.26911 0.00275 0.04461
0.08245 0.32558 -0.09974
-0.00945 0.19976 -0.30245
-0.04453 0.05716 0.02165
0.12135 0.10028 -0.25327
-0.23820 0.10706 0.13620
-0.34407 0.01399 0.16782
-0.08203 0.35652 0.10840
0.30631 0.09908 -0.29050
-0.14752 -0.59058 -0.00942
-0.03344 0.30595 0.05487
0.04102 0.40474 -0.06650
0.01652 -0.72271 -0.15811
0.12209 0.12989 0.24151
-0.23435 0.16194 0.32532
-0.05153 -0.78611 0.00097
-0.27811 0.13683 0.17830
0.17707 0.19462 0.18972
-0.05212 0.36728 -0.11540
0.09294 0.18116 0.22517
-0.16943 0.22914 0.26709
-0.24889 0.03556 0.08808
-0.27108 0.08739 0.07386
0.07798 0.23524 0.28898
0.18297 0.20928 0.33795
0.00206 0.03791 -0.26338
0.07376 0.38266 -0.19400
-0.10213 -0.89786 -0.03047
0.20319 -0.42697 0.16413
-0.02306 0.18606 0.08533
0.09840 0.36645 -0.13954
-0.07083 0.38344 -0.08869
-0.08924 -0.50564 0.02224
-0.03993 0.17333 -0.40867
0.29024 0.01681 -0.06346
0.14059 0.11418 -0.33805
0.37063 0.04286 -0.05189
0.11676 -0.94987 0.10899
-0.08398 0.20029 0.06798
0.23132 -0.06208 -0.02537
0.13098 0.07312 0.18776
0.26516 -0.02908 -0.05553
-0.01224 0.36767 -0.13062
0.02604 0.34819 -0.19167
-0.06393 0.40948 -0.20664
-0.01136 0.27489 0.04960
0.18873 0.00706 -0.05537
0.29532 0.08937 -0.18181
-0.04568 0.04224 -0.31814
-0.05198 0.27057 0.14213
-0.17790 0.21990 0.04415
-0.06475 0.29327 0.01331
0.07110 0.38734 -0.09633
0.19485 0.08004 -0.04369
-0.04949 0.31786 -0.07094
0.01961 0.08180 -0.32545
0.04500 0.17178 -0.27049
0.07825 -0.48798 -0.04588
-0.31202 0.09239 0.14987
-0.05824 0.32715 0.07525
0.27516 0.05579 -0.23538
-0.13513 0.17042 0.23392
-0.16367 0.25841 0.01991
-0.15032 0.07537 0.36845
-0.14264 0.21289 0.13654
-0.03814 0.05073 -0.27710
0.12760 0.13441 -0.28583
-0.05380 0.02725 -0.26324
0.35401 0.09913 0.03515
0.03897 0.38377 -0.13295
-0.22797 -0.85290 0.11772
-0.02255 0.10220 -0.29055
-0.11283 0.20797 0.24224
-0.29011 0.01711 0.16394
0.32411 0.04449 -0.03139
0.11905 0.11878 0.30268
-0.09380 0.06598 -0.33449
-0.12308 0.11403 0.28257
-0.07042 0.37762 0.04760
-0.08497 0.25147 0.31016
0.11061 -0.35044 0.06214
0.25817 0.19273 -0.19762
-0.09162 0.27566 0.06985
-0.23753 -0.00137 0.04217
-0.35257 -0.03027 0.14127
-0.37746 0.06823 0.19425
0.10139 0.10430 0.25510
-0.13940 0.14970 -0.30514
-0.04673 -0.62742 -0.11759
-0.01949 0.30469 -0.17420
0.03679 0.16094 0.22859
0.15883 0.13652 -0.25506
0.14763 0.05782 0.31208
-0.06050 0.10055 0.20693
-0.19173 0.36149 0.09952
0.02110 0.04250 -0.39342
0.16823 0.13341 -0.32335
0.10419 0.07776 0.19800
0.28057 -0.00092 -0.08003
0.08072 0.09801 0.27743
0.24666 0.01554 -0.06996
-0.25550 0.06082 0.04791
0.14516 0.08733 0.32777
-0.28664 0.06196 0.13692
-0.17219 -0.58023 -0.03541
0.13363 0.06076 -0.19216
-0.04224 -0.38950 0.08004
-0.08933 0.33663 -0.00533
-0.15809 0.12905 0.24941
0.08053 0.31287 -0.13052
0.28320 0.10952 -0.12005
-0.03639 0.13159 -0.27878
0.01356 0.35497 -0.09738
-0.02113 0.37432 0.05298
-0.03916 0.19122 -0.25489
0.23865 0.11933 -0.06608
-0.11058 -0.76351 0.15792
-0.19607 0.28481 0.12174
-0.01438 0.41510 -0.17384
0.09184 -0.71768 -0.12329
-0.15360 0.27372 0.04564
-0.00145 -0.20602 0.10615
-0.09206 0.13038 -0.34287
0.01615 0.01682 0.02574
0.25899 -0.05535 -0.00534
0.15509 -0.32624 0.07795
0.19058 0.16570 -0.18111
0.23282 -0.01277 0.01566
-0.09073 0.30387 0.16229
-0.01288 0.35169 -0.18942
0.21346 0.10951 -0.17787
0.00963 0.06215 -0.30564
0.34733 0.00719 -0.01111
0.22716 0.20274 -0.18099
0.18161 0.09256 -0.32045
0.01510 0.08989 -0.23405
-0.12975 0.28724 0.19352
0.07138 -0.71775 0.12411
0.09719 0.06063 0.24799
-0.10643 0.17838 -0.33128
-0.31196 0.15470 0.20685
0.01231 0.06900 -0.44621
-0.26584 -0.03841 0.07527
-0.00207 0.04145 -0.42638
-0.07826 0.13860 0.37939
0.07310 0.47630 -0.16285
0.08681 -0.53362 0.03711
-0.15912 0.19466 0.28931
0.01528 -0.61999 0.23429
0.18035 -0.44281 0.09349
0.20958 0.01507 -0.04428
0.31827 0.05755 -0.13097
-0.03579 -0.81970 -0.03629
0.01231 0.30874 -0.17008
-0.00133 0.46998 -0.08333
-0.00089 -0.13474 -0.08240
-0.09492 0.01579 -0.30200
0.05155 0.08345 0.18758
0.23415 0.12259 -0.16244
-0.08479 0.08505 0.35601
0.37272 0.11332 -0.06730
0.10040 0.05979 0.16448
0.24586 0.09312 -0.02421
0.06809 0.34567 -0.18709
0.21712 0.05717 -0.00945
-0.13754 0.26174 0.17356
0.23470 -0.02874 -0.01402
-0.09879 0.04171 -0.25221
0.01350 0.40939 -0.05583
-0.24890 0.05477 0.12466
0.08713 -0.94766 0.13392
0.04667 -0.44989 0.00180
0.11449 0.37230 -0.16942
0.21100 0.17607 0.27476
0.22893 0.12445 0.29664
-0.12277 0.27982 0.05485
0.04201 0.05948 -0.30528
-0.07486 0.16442 0.24758
0.09124 0.12724 0.38412
-0.06817 0.20522 0.32955
0.23322 -0.01095 -0.03574
0.06282 0.08314 -0.26924
-0.08848 -0.61613 -0.22566
-0.04115 0.00375 -0.24875
-0.29716 0.06955 0.23100
-0.13455 0.20733 0.02942
-0.03911 0.15129 -0.30676
-0.06157 0.11586 0.26083
-0.35186 0.14113 0.06573
-0.37984 0.05170 0.10810
0.18673 0.09123 -0.15137
0.03992 0.08525 -0.38361
-0.11796 0.25682 0.09245
-0.00842 0.44854 -0.13118
0.27495 0.01643 -0.00547
-0.23396 -0.78341 -0.06443
-0.12308 0.32108 0.15580
-0.06357 0.19754 0.05448
0.03272 0.17917 0.25608
-0.25544 0.11162 0.08143
0.05091 0.36165 -0.11635
0.20745 0.11123 -0.32846
0.23915 0.18230 -0.27242
-0.15162 0.24178 0.11277
0.34021 -0.00614 -0.05407
-0.42613 0.04795 0.08238
0.22656 0.04773 0.03148
0.18326 0.13457 -0.20576
-0.07329 -0.73463 0.07421
-0.06688 0.17438 -0.32961
0.21787 0.11797 -0.29342
0.06030 0.04885 0.17683
0.03160 -0.59334 -0.04114
0.29744 0.14967 -0.22519
-0.08559 -0.71238 -0.16693
0.10568 0.13421 -0.23390
0.13729 0.09150 0.21327
0.16069 0.07128 0.26636
-0.03733 -0.68619 -0.08201
-0.14801 -0.88159 0.19029
0.17468 0.10127 -0.22408
0.15256 0.20605 0.35188
0.00143 0.31114 -0.11265
0.26855 0.04651 -0.10755
-0.02998 0.12752 0.30541
-0.17924 -0.53452 -0.10959
-0.07340 0.17431 0.40258
-0.08817 0.44021 -0.09882
-0.09853 0.09159 0.28286
-0.08263 0.13440 0.28537
0.26493 -0.02691 -0.02404
0.23490 0.21825 -0.15987
0.23208 -0.03369 -0.10757
0.11869 0.05013 0.19776
-0.05849 0.42521 -0.16127
-0.09544 0.17216 0.29016
-0.22504 0.04594 0.11975
-0.32881 0.02685 0.08297
0.20222 0.21367 -0.18858
0.28185 0.03365 0.00646
0.10495 0.06488 0.29119
-0.09169 0.21609 0.04154
0.17755 0.08904 0.24675
-0.12874 0.23082 0.38616
-0.08364 0.38004 -0.11444
-0.04361 0.07325 -0.39638
-0.33964 0.09236 0.21966
-0.15348 0.20875 0.22074
0.07237 0.03443 0.21915
-0.22929 0.07931 0.14492
-0.05694 0.20666 0.29358
-0.41344 0.13178 0.15508
0.00601 0.24204 0.07905
-0.18549 0.13330 0.32656
-0.20795 0.03503 0.09335
0.21606 0.08035 -0.15445
-0.07814 0.26508 0.07857
-0.16536 0.10280 0.36272
-0.00943 0.07668 -0.31349
-0.09357 0.40422 0.02395
-0.39474 0.03133 0.17103
-0.07613 0.40579 0.05132
-0.34092 0.05811 0.15345
-0.01631 0.24936 0.05282
-0.41935 0.08729 0.04234
0.10388 -0.58674 -0.01106
0.07737 0.15608 0.29564
-0.02341 0.16128 -0.42586
-0.19796 0.26749 0.06444
0.05797 -0.50408 -0.03393
0.02428 0.47352 -0.12941
0.07865 0.13266 0.19902
-0.14889 0.28811 -0.03086
0.15093 0.22363 -0.25485
-0.03040 -0.68930 -0.19568
-0.03730 0.17201 0.31101
-0.13915 -0.53879 0.14543
-0.08530 0.07542 -0.42938
0.09512 0.10575 -0.24494
0.25377 0.13450 -0.22098
-0.29160 -0.00988 0.14748
-0.15452 0.28150 0.12427
-0.04011 0.20448 0.25079
-0.02533 0.02648 -0.25338
0.22603 0.15975 0.29410
0.30728 0.13568 -0.25457
-0.01786 0.22319 0.28643
0.16815 0.11677 0.19221
-0.06804 0.17659 0.37478
0.22933 0.10902 0.32739
-0.33279 0.12053 0.00384
-0.09090 -0.86270 0.21073
0.25090 0.12024 -0.10563
0.11350 0.17365 0.21814
-0.00654 0.02625 -0.22017
-0.29505 0.06292 0.10038
-0.36189 -0.01924 0.10457
-0.00902 0.00910 -0.27265
0.21408 0.14412 -0.34614
0.26536 0.13981 -0.16417
0.21977 -0.00421 -0.07875
0.18563 0.03076 0.00847
-0.10364 0.09461 0.33179
0.20087 0.17477 -0.15637
0.33215 -0.00074 -0.11168
-0.12376 0.25452 0.23092
-0.13738 -0.70808 -0.14749
-0.00478 0.06235 -0.28431
0.28094 0.03363 -0.04128
-0.41398 -0.01646 0.14370
0.05086 0.07295 0.29516
0.10852 0.07491 -0.19154
-0.11647 0.20464 0.27891
0.08516 0.21321 0.20806
-0.10800 0.04576 -0.28186
0.09110 0.44496 -0.09683
-0.18314 0.11863 0.25290
-0.05602 0.00784 -0.30131
-0.04924 0.34117 -0.18284
-0.04012 0.22370 0.33889
0.23149 0.07965 -0.01620
0.21819 0.07868 0.25388
-0.14755 0.15237 0.31408
-0.06637 0.20196 -0.33519
-0.19160 0.30222 0.04595
0.32838 -0.03325 -0.09925
-0.02604 -0.46239 0.00165
0.07441 0.06386 0.22508
0.21051 0.06537 -0.24302
0.08555 0.12570 0.24188
-0.00481 -0.35556 -0.08431
-0.33928 0.06350 0.08411
0.17343 0.14605 -0.27466
-0.42425 0.04878 0.04581
-0.14206 0.13187 0.35480
0.28816 0.07543 -0.26875
-0.19915 0.22829 0.28891
-0.12658 0.08082 -0.31656
0.20295 0.09480 0.36648
-0.01138 0.23620 0.00762
-0.30041 0.03920 0.04948
-0.16490 0.38004 0.09391
-0.03172 0.25190 0.35048
0.00443 0.14883 -0.27022
-0.12397 0.30160 0.05486
0.07194 0.13010 -0.33310
0.13706 -0.50156 0.05369
-0.12363 0.05342 -0.35739
-0.05363 -0.60467 -0.16443
0.04112 0.10152 -0.28829
-0.01061 0.32994 0.11290
-0.13227 0.31123 0.09639
-0.07444 0.32530 -0.11401
0.03831 0.10592 0.23984
0.07052 -0.80884 0.20441
-0.03211 0.42553 -0.14108
-0.10770 0.14609 -0.30320
0.32918 0.05407 0.05754
0.11747 0.03441 0.25437
-0.07897 0.37926 0.16670
-0.05936 0.30982 -0.09510
-0.11572 -0.61684 -0.22730
-0.19210 0.15691 0.29859
-0.01076 0.34794 -0.21507
0.10078 0.14435 0.36198
-0.07148 0.20129 0.00894
-0.30042 0.17599 0.13767
0.26446 0.11942 -0.02238
-0.13644 0.20159 0.34466
-0.05016 0.02984 -0.20933
0.14111 0.10371 -0.21520
-0.06186 0.12576 -0.24355
0.04113 0.38738 -0.20788
0.14467 0.11163 -0.16311
-0.01742 0.31785 -0.23450
0.23310 0.04324 -0.25310
-0.17211 0.12844 0.34954
-0.04055 0.07618 -0.34040
0.20165 0.04540 -0.07880
-0.11404 -0.28042 0.03236
-0.06011 0.27045 -0.01746
-0.19413 0.22017 0.12854
-0.08024 0.10838 -0.29119
0.01790 -0.41992 -0.13704
-0.37878 0.02397 0.05592
0.20949 0.08194 0.29959
0.09271 0.09817 -0.18139
-0.06011 0.17828 -0.29512
0.18039 0.21483 -0.20793
0.05164 0.29958 -0.11743
0.07721 0.09114 0.32519
0.22593 0.05179 -0.19781
-0.11209 0.20228 0.07568
0.30941 -0.00877 -0.07897
0.06929 0.10930 0.20677
-0.06752 0.20152 0.25463
0.31001 0.07524 0.04182
0.37666 0.00409 -0.07480
-0.11090 0.13347 -0.27690
-0.04766 0.08140 -0.24446
0.07774 0.36146 -0.20955
-0.14659 0.14186 0.22743
-0.06282 0.15677 0.33826
-0.13306 -0.32966 0.13597
-0.22151 0.20253 0.28352
-0.06461 0.09475 0.38109
0.16988 0.06484 0.23124
-0.08486 0.16639 -0.30631
-0.07053 0.07180 0.25863
-0.06753 0.44394 -0.17765
0.05154 0.11306 0.32382
0.19451 -0.00003 0.02166
-0.22157 0.08892 0.10320
0.24171 0.11226 -0.00232
0.19949 0.04949 -0.29263
0.28580 0.11282 -0.22966
-0.05390 0.36035 -0.07680
-0.21691 0.14493 0.27548
-0.28735 0.10939 0.10976
-0.02864 0.08374 -0.30524
-0.07065 0.11810 0.22632
0.38494 0.02195 0.01042
0.08868 0.20161 0.26394
0.07046 0.13467 0.32315
-0.02398 0.01595 -0.29766
0.05974 0.16729 0.31230
-0.01253 0.36440 -0.07715
-0.06380 0.26766 0.11213
0.04280 -0.71882 0.13435
0.29897 0.06942 -0.22283
0.14025 0.11007 0.31577
-0.06565 -0.83252 -0.24142
-0.40805 -0.00525 0.07805
0.07071 0.20474 0.28998
0.30095 0.15784 -0.08945
-0.02575 0.39326 -0.08697
0.13851 -0.88698 -0.14874
-0.05348 0.40017 -0.07352
-0.10151 0.21955 0.15093
-0.21776 -0.01191 0.08715
0.20525 0.15400 -0.13353
-0.10395 0.27494 0.04385
-0.07918 -0.75216 0.15232
-0.21072 0.22138 0.32611
0.03528 0.45147 -0.13770
0.25944 0.05876 -0.04960
0.23040 0.00942 -0.05086
0.13601 0.19654 -0.20103
-0.24300 -0.00055 0.12032
0.00077 0.01826 -0.40857
0.17567 0.15384 -0.21740
-0.03505 0.39499 -0.24578
-0.05093 0.26061 0.16597
-0.11603 -0.57374 -0.01883
0.08219 0.17684 0.37639
0.09959 0.13582 0.18419
-0.11833 0.11089 0.22530
-0.31485 -0.01503 0.12975
0.03663 0.09584 0.20695
0.07164 0.06419 -0.31246
-0.13112 0.25873 0.00779
-0.18838 0.27585 0.15884
0.21111 0.08504 -0.33276
-0.01218 0.17876 -0.41065
0.28666 0.13500 -0.11982
0.14561 0.03256 -0.22218
-0.08731 0.28179 0.00653
0.04377 0.15421 0.34570
0.16550 0.10201 0.32225
-0.17433 -0.77057 -0.12260
-0.33648 0.02604 0.18855
-0.00297 0.48375 -0.13314
0.17863 0.04497 -0.24769
-0.41830 -0.01421 0.11851
-0.06749 0.13159 -0.32554
0.05246 0.14722 0.27348
0.10795 0.15083 -0.29016
-0.03451 0.08412 -0.44075
0.19336 0.18668 0.25949
0.01415 0.29112 -0.12234
0.09848 0.08404 0.25215
-0.28348 0.16666 0.09983
0.00398 0.18951 -0.28320
-0.31299 0.13239 0.07348
-0.04487 0.29331 0.06984
0.15238 0.07327 0.20071
0.17718 0.11962 -0.23713
-0.23348 -0.03766 0.09030
0.13572 0.11957 -0.26345
0.00565 -0.73463 0.10690
0.40583 0.02732 -0.03435
0.05100 0.41921 -0.09694
0.24716 0.04043 0.01626
-0.08901 0.20181 -0.34819
-0.01934 0.19024 0.34413
0.10897 0.14989 0.25812
0.17574 0.22384 -0.24925
-0.19940 0.16933 0.36574
-0.05075 -0.69332 -0.02138
-0.23901 0.03552 0.16879
0.27814 0.08063 -0.00422
0.38706 0.10775 -0.04216
-0.02233 0.36260 -0.23090
-0.14386 0.09608 0.28656
0.04014 0.05855 -0.38855
-0.11349 0.37477 -0.19777
-0.20833 0.17742 0.31591
0.04264 0.11644 -0.38476
0.06319 -0.72800 -0.12800
-0.28370 0.10409 0.04786
-0.01426 0.47937 -0.22438
-0.09886 0.23916 0.29297
0.19465 0.15332 0.24037
0.17146 0.13409 0.21446
-0.20194 0.12752 0.29997
0.28774 0.15683 -0.19320
0.35460 0.01473 -0.13938
0.12473 0.11355 0.35259
-0.12926 0.12215 -0.29708
0.24924 0.15059 -0.07096
-0.37340 -0.00991 0.07551
-0.00236 0.43705 -0.09846
0.04188 0.40128 -0.15152
0.25298 0.01548 -0.01443
-0.09501 0.17870 0.31281
-0.08607 0.05255 0.22410
-0.02723 0.22873 0.31459
0.25792 0.03402 -0.08853
-0.08054 0.14879 0.22432
0.17197 0.16295 0.25950
-0.09248 0.36986 0.05673
0.23601 0.09781 -0.31866
0.35528 0.07211 0.02440
0.16341 0.15724 -0.32944
-0.16508 0.28678 0.17451
-0.14876 0.25621 -0.01449
0.02491 0.14321 -0.36359
0.29022 0.10098 -0.25581
0.25740 0.01251 -0.10241
0.32576 0.02374 -0.01749
-0.04651 0.29966 0.17149
-0.14725 0.14159 0.26621
0.05244 0.45914 -0.12076
0.28631 0.12401 0.01552
-0.00543 0.07818 -0.22593
0.16219 0.03765 0.31441
0.36255 0.02334 0.04564
0.01007 0.12540 -0.26173
0.23110 0.07173 0.00676
-0.00462 0.12379 -0.32238
-0.11285 0.10693 -0.32187
0.04193 0.32505 -0.16015
0.17215 0.09587 -0.25349
0.29781 0.00990 -0.15032
0.05827 0.43816 -0.18098
-0.23019 0.02656 0.04108
0.04714 0.10465 -0.35210
-0.02536 -0.73367 -0.02208
-0.08413 0.42465 -0.16088
-0.31198 -0.02476 0.10029
-0.36718 0.04520 0.19353
0.14315 0.21089 0.25835
-0.25342 0.07508 0.17143
-0.29155 0.08499 0.19612
0.27049 -0.03881 -0.08353
-0.02644 0.30052 -0.13190
-0.03364 0.18517 -0.28934
0.36584 -0.04009 -0.07867
0.06115 0.17064 -0.31193
-0.10116 0.29976 0.18733
-0.39531 0.12718 0.03028
-0.35380 0.03595 0.07855
-0.25894 -0.00069 0.02979
0.30971 0.08431 0.01148
-0.28797 0.14211 0.15196
-0.34008 0.06279 0.01236
-0.09830 0.11646 -0.40071
-0.08152 0.31488 0.00345
-0.02172 0.48536 -0.09301
-0.04310 0.35800 0.12711
-0.24181 0.05978 0.08411
0.04434 0.15830 0.20525
-0.00705 0.36068 -0.16198
0.06820 0.41005 -0.13721
0.25684 0.14359 -0.14134
-0.04767 -0.71441 -0.17195
0.06773 -0.44657 -0.02792
-0.01625 0.36670 0.09690
0.13295 0.04058 0.22982
0.01249 0.36781 -0.07743
0.15755 0.06088 -0.17609
-0.31055 -0.00212 0.04336
-0.03750 -0.43110 0.00080
-0.08577 0.32755 0.11359
-0.07489 0.31975 0.09173
-0.42623 0.07197 0.08751
0.07264 -0.60121 0.00732
-0.02050 0.35458 0.03839
0.20508 0.11380 -0.20751
-0.08148 0.28332 0.19147
-0.00513 0.46618 -0.10995
0.17152 -0.78383 0.02020
-0.02496 0.38352 -0.13198
-0.04434 0.49792 -0.14813
-0.05447 0.45722 -0.12545
-0.04168 0.17898 0.06418
0.15363 0.13836 0.18657
-0.34534 0.00414 0.13968
-0.32317 0.10357 0.04373
-0.36410 0.00330 0.11516
0.05650 0.34406 -0.16515
-0.23528 -0.56167 0.04658
0.20199 -0.04640 0.00366
0.23874 0.11953 -0.13013
0.01429 -0.54862 -0.00933
-0.07746 0.05059 -0.27174
-0.01023 0.25552 0.09839
0.13439 0.07599 -0.22241
-0.09347 0.22240 0.12811
-0.26014 0.01393 0.05952
0.22497 0.05899 -0.11866
-0.27546 0.06016 0.15952
-0.10818 0.13096 0.24294
-0.14097 0.16185 0.37655
-0.06326 0.15303 0.36683
0.07817 0.36205 -0.23565
0.23958 0.14974 -0.20198
0.33693 -0.00961 0.00300
-0.07268 0.38619 -0.18609
-0.11396 -0.78455 0.18562
-0.01975 0.30151 -0.05355
0.20032 0.10893 -0.13540
0.25306 0.22705 -0.17918
0.05264 0.36565 -0.15485
0.19779 0.19886 -0.23194
-0.07807 0.09047 -0.40028
0.04317 0.15746 0.25167
-0.00647 0.11710 -0.24615
-0.09424 -0.62143 0.01457
-0.14219 0.21436 0.06736
-0.09195 0.44170 -0.17616
0.06475 0.03957 0.26711
0.29626 0.03783 -0.08032
-0.16519 0.07542 0.33380
0.11655 -0.68194 -0.11321
0.21200 0.13880 -0.26494
-0.28177 0.08743 0.02448
0.25844 0.11021 -0.04545
-0.04827 0.09511 -0.21513
-0.27064 -0.81187 0.08362
-0.15026 0.09878 -0.34653
-0.02642 -0.17938 0.09607
0.10828 0.04902 -0.17347
0.02866 0.37864 -0.18555
0.19898 0.04624 -0.22730
-0.02455 0.34859 0.14766
-0.12646 0.32870 0.02582
0.06604 0.09071 0.22179
-0.07526 0.38961 -0.22016
0.12154 0.19771 0.24058
0.18179 -0.06155 -0.03472
-0.02246 0.18646 0.02821
0.05005 0.40223 -0.11696
0.20262 0.10266 -0.30389
0.16042 -0.87936 0.08837
-0.12854 -0.70009 -0.16830
0.31512 0.14781 -0.20910
0.00362 0.27411 -0.07014
-0.07617 0.04952 -0.33720
-0.01789 0.35945 0.07144
-0.01679 -0.90582 0.07681
0.33193 -0.02874 -0.04534
-0.12892 0.11451 0.20493
-0.00939 0.26002 0.07499
-0.02131 0.28802 0.01770
-0.44976 0.05365 0.08016
-0.14023 0.20911 0.28784
-0.06465 0.29738 0.15013
0.02661 0.34716 -0.04033
-0.13880 0.29049 0.07348
-0.03536 0.32269 -0.17715
-0.32538 0.16448 0.07011
0.21086 0.19630 -0.15812
-0.09193 0.27423 0.31943
-0.12971 0.16784 0.27322
0.18150 0.11117 -0.20656
0.09428 0.13490 0.29332
-0.30251 0.02893 0.14109
0.30064 0.03571 0.04861
-0.33866 -0.00471 0.18286
0.37776 0.03454 0.02920
0.25238 0.05065 0.05238
-0.15598 0.24635 0.29765
-0.04532 0.31039 0.12677
0.25537 0.06421 0.01906
-0.13364 0.07331 0.33224
0.32431 -0.00212 0.04514
0.20857 0.14875 -0.23907
-0.21006 0.20665 0.24692
-0.02111 0.13865 -0.33599
-0.00020 0.42780 -0.06150
-0.03879 -0.98026 -0.16849
-0.04669 0.16838 0.38066
-0.35655 0.10401 0.11124
0.06228 0.14217 -0.28024
0.38389 0.00873 -0.01582
-0.31104 0.02165 0.18359
-0.12714 0.11757 0.32875
-0.02502 0.35100 -0.14118
0.22391 0.06322 -0.17467
0.14720 0.17316 -0.25280
0.06778 0.20090 0.21809
0.14318 0.16556 0.19357
0.15225 -0.31506 -0.00005
0.01012 0.43434 -0.12840
-0.33918 0.00987 0.04212
-0.17218 0.21668 0.13619
0.08178 0.03472 0.17248
0.05045 0.06539 -0.28529
-0.11348 0.16224 -0.37652
-0.23231 0.18353 0.30328
-0.33158 0.03561 0.02500
0.17513 0.19008 -0.24383
0.27318 0.09887 -0.10174
0.08150 0.34358 -0.12380
0.17026 0.16784 -0.26604
0.17814 -0.41971 0.16332
0.30849 0.04633 0.02545
0.11439 0.13114 0.20302
-0.38156 0.05561 0.21353
