-0.24708 0.23374 0.12427
-0.48177 -0.04006 0.65213
0.55477 -0.18298 0.11082
0.57550 0.00896 -0.77866
-0.49315 -0.26241 -0.78141
0.26969 -0.18693 0.69048
-0.15503 -0.28453 0.08375
-0.15596 0.16464 -0.59484
0.39258 0.23374 0.49134
0.03582 -0.28453 -0.59694
0.39204 0.23374 -0.27154
-0.55088 -0.01690 -0.25510
-0.15615 0.22768 0.75959
0.36692 -0.28453 0.45769
-0.53500 0.22117 -0.76068
0.17308 0.16464 0.07812
-0.12020 0.23374 -0.50773
0.51266 -0.28453 -0.40665
-0.31048 -0.20359 0.69048
0.41656 0.01261 0.64121
0.15014 0.23374 -0.68080
-0.55088 -0.07138 0.23854
-0.34744 0.16464 0.01384
0.25475 -0.28453 -0.06634
-0.40179 0.23374 0.46074
0.50640 -0.05747 -0.38055
-0.17433 -0.01496 -0.76068
0.31453 0.29581 0.04320
0.09884 0.23857 0.39244
0.02202 0.22942 0.70498
-0.32003 -0.28453 -0.34185
-0.28825 0.16464 -0.12616
0.36264 -0.24343 -0.76068
0.29382 0.23374 -0.53229
-0.36455 -0.28453 0.40072
0.19282 -0.22216 0.75959
0.55477 0.10840 0.09101
-0.03857 0.23857 -0.07974
0.57550 -0.26273 0.77445
-0.48177 -0.20250 -0.40122
-0.00636 -0.28453 0.43809
-0.32587 -0.24998 -0.74448
-0.48177 -0.23228 0.02189
-0.57058 0.01024 -0.78141
-0.48454 0.23036 -0.38401
-0.19941 0.16464 -0.75247
0.37876 0.16464 -0.19647
0.41723 -0.28453 -0.39962
0.27491 0.09554 0.70022
-0.41267 -0.08348 -0.62557
0.55477 -0.18960 0.32032
0.27454 -0.10718 -0.73995
0.11309 0.16464 -0.35716
-0.06803 -0.07792 0.73885
-0.48744 0.16464 0.77382
-0.20730 0.16464 0.30985
-0.07926 -0.28453 -0.11194
0.31386 0.16464 0.29650
-0.54822 0.23374 -0.06383
0.55477 0.12945 0.39155
-0.23814 0.23374 0.20492
0.55477 0.13376 -0.46862
0.12218 0.23857 0.26484
-0.56277 0.00075 0.78032
0.48567 -0.24627 -0.09587
0.41656 -0.03682 -0.62543
-0.48177 -0.19325 0.51451
-0.36241 -0.28453 -0.57342
-0.57161 -0.28365 0.76578
0.11476 -0.28453 0.17620
-0.02906 -0.28453 0.62476
0.57550 -0.00434 0.69399
0.36747 0.10563 -0.69158
-0.55088 0.08627 0.49547
0.36469 0.16464 0.59564
-0.42208 -0.05362 0.62138
-0.54406 0.23374 0.20048
-0.47256 0.16464 -0.51648
0.54256 -0.18088 -0.62800
-0.48178 -0.18088 0.23815
-0.44197 -0.22350 0.62138
-0.10636 -0.18252 -0.69158
0.37404 -0.20068 0.69048
0.14197 -0.28453 -0.35359
0.34296 -0.28453 0.19605
-0.15938 0.23374 0.58844
-0.21135 0.23857 -0.30235
-0.18678 0.16464 0.54497
0.10172 0.03879 -0.76068
-0.41051 0.23374 -0.62341
0.50612 0.23374 0.75568
0.55477 0.10220 -0.17461
0.53858 -0.18088 0.55498
-0.31271 -0.28453 0.52743
-0.53015 0.04518 0.00286
0.47900 0.23374 -0.68334
-0.25152 0.22942 0.70821
0.29475 0.16464 0.37025
0.25623 0.23374 -0.44791
0.50459 -0.28453 0.15953
-0.48665 -0.28453 -0.15895
-0.11619 -0.28453 0.31923
0.18717 0.23857 -0.15230
-0.34052 -0.18088 -0.75215
-0.55088 -0.27250 0.56384
-0.09243 0.16464 -0.25148
-0.25768 0.02310 0.75959
0.16614 -0.28453 -0.75536
-0.03290 0.16464 0.14064
0.34935 0.16464 0.17948
0.18137 -0.28453 -0.64878
-0.55088 -0.03339 -0.53134
-0.08029 -0.28453 -0.38263
-0.13267 -0.28453 0.75661
0.50640 -0.00333 0.21642
0.25855 0.23374 0.59147
-0.45873 0.15296 -0.62247
-0.35779 -0.28453 0.21879
-0.34992 0.16464 0.50518
-0.55088 0.11079 0.21913
-0.43830 0.16464 -0.28940
0.16970 0.23857 0.04401
0.01326 0.20949 -0.76068
0.53225 0.22942 -0.10461
0.49277 0.22942 0.22206
0.05556 0.16464 -0.56432
0.55477 0.20245 0.58045
-0.50634 -0.24771 -0.71614
0.20771 -0.28453 0.60940
-0.02412 0.23857 0.21210
0.50640 -0.04480 0.00065
-0.53015 -0.14279 -0.10367
0.07311 0.04393 0.73885
-0.23866 -0.28453 -0.19711
-0.05284 0.09861 -0.69158
0.38611 0.23374 0.22458
0.17324 0.16464 0.53948
0.07103 0.16464 -0.09967
-0.27785 0.09658 -0.69158
0.48567 -0.06987 -0.22128
-0.53015 0.09521 0.56845
-0.29707 0.16464 0.08220
0.16061 -0.28453 0.30594
0.33574 0.29772 -0.04191
0.50640 0.00188 0.47508
0.41930 0.16464 -0.42551
0.19274 -0.28453 -0.02477
0.21934 -0.28453 -0.25086
0.57550 -0.26807 -0.77002
0.24352 0.16464 -0.11661
-0.13570 0.23857 0.41158
0.01600 -0.28453 0.07678
-0.55088 -0.28004 0.36781
-0.25434 0.16464 -0.54912
-0.35765 0.16464 0.27323
0.37914 -0.28453 -0.55325
0.28346 0.22942 0.72062
0.41656 -0.23918 0.62427
-0.45406 0.23374 0.68654
-0.50834 -0.18088 0.07749
-0.55088 -0.28276 -0.53408
-0.34544 -0.28453 0.01095
0.41456 -0.28453 -0.13116
0.55477 -0.19623 -0.24086
-0.48177 0.09931 -0.18267
-0.19440 -0.28453 -0.64465
0.17301 -0.28453 0.51432
-0.39902 0.23374 -0.22390
-0.50147 0.09554 -0.35110
0.43437 -0.28453 0.33426
0.42853 0.16464 -0.03856
0.01900 0.23857 -0.38866
-0.09439 0.06528 0.73885
-0.55088 -0.06004 0.39372
0.48567 0.12665 -0.66726
0.05775 -0.16893 -0.76068
-0.49277 0.16464 0.02368
-0.42221 0.23374 0.24174
0.06609 0.16464 0.57445
0.50975 -0.11955 0.78032
-0.21935 0.23374 0.00742
0.28824 0.16464 -0.59240
0.31910 -0.02714 0.75959
0.45806 -0.10872 -0.73995
0.49655 0.09554 -0.45362
0.30633 0.22942 -0.72960
-0.44848 -0.04702 -0.76068
0.21586 0.23857 -0.32882
0.55477 -0.18134 -0.37844
-0.18324 0.16464 -0.37233
0.17411 0.16464 0.15354
0.08809 -0.28453 -0.11046
-0.55088 0.09687 -0.70125
0.54513 0.23374 -0.04000
-0.55088 -0.25556 -0.11586
-0.32465 0.17321 -0.76068
0.14340 0.16464 0.34137
-0.04602 0.16464 0.68867
-0.02574 0.16464 0.47785
-0.33620 0.23374 -0.44759
-0.13295 -0.28453 -0.50984
-0.07506 -0.24998 -0.72549
-0.17493 -0.28453 0.23409
0.55477 0.23117 0.37756
0.55477 0.09753 0.61430
-0.55088 0.21780 0.37928
-0.48177 0.11056 0.34764
0.20771 -0.28453 0.35743
0.26991 -0.28453 0.75943
-0.13244 0.16464 0.00376
0.04325 -0.24307 0.75959
-0.26586 0.23374 -0.02438
-0.04653 0.16464 -0.42484
0.16077 -0.08217 0.75959
-0.57161 -0.14561 0.72834
-0.55088 -0.10785 -0.66645
0.50640 0.07581 0.75431
0.54692 -0.18088 -0.02420
0.41656 -0.15257 0.62541
-0.48177 -0.18830 -0.22432
-0.32894 0.14458 0.69048
-0.54340 -0.28453 -0.30695
-0.34281 0.23374 0.33385
0.48567 0.14027 -0.29678
-0.45090 0.16464 0.64477
0.57550 -0.14504 -0.69686
-0.31610 -0.28453 -0.47437
0.24278 0.16464 0.47342
0.55477 0.21723 -0.61667
0.21190 0.16464 -0.24211
0.16832 0.16464 0.71412
-0.55088 0.22080 -0.20881
0.50640 -0.12639 0.23778
0.41652 -0.28453 0.01283
-0.48177 0.10995 0.16350
0.41656 -0.19964 -0.63456
-0.45463 0.23374 0.06012
-0.03491 0.02184 -0.76068
0.22837 -0.28453 -0.48542
0.48567 -0.01127 -0.55305
0.45141 0.23374 -0.51522
0.24251 0.03516 -0.73995
-0.18955 -0.28453 0.63917
-0.42297 -0.10141 0.75959
0.48567 -0.16091 0.43586
-0.43445 -0.24998 -0.69933
0.00869 0.23857 0.07921
-0.22130 0.23374 -0.65814
-0.41565 -0.27286 0.75959
0.02908 0.16464 0.29812
-0.47981 0.05834 -0.69158
-0.31536 0.01519 -0.76068
-0.08539 0.16464 -0.62517
0.55032 0.23374 -0.25576
0.00760 0.23857 -0.22239
0.10244 0.23374 -0.51391
0.06855 -0.19139 0.69048
-0.41098 0.04142 0.75959
-0.39451 0.16464 -0.41082
-0.55088 -0.05461 0.53122
-0.46686 0.03940 0.69048
0.55477 0.12934 0.23257
-0.55088 -0.09727 -0.39491
-0.55088 0.16396 -0.63043
-0.14981 0.16464 0.15817
0.47167 -0.28453 0.26837
0.37838 -0.28453 0.73842
0.04336 -0.28453 -0.46144
0.42962 0.23374 0.60817
-0.10721 -0.18088 0.70460
0.50154 -0.24998 -0.53852
0.49384 0.14039 -0.78141
0.16014 0.16464 -0.57511
-0.01873 0.23374 -0.62277
-0.57161 0.11538 0.70280
-0.12210 0.23857 0.32259
0.07251 -0.03064 0.75959
0.48567 -0.24316 0.65607
0.23793 -0.28453 0.07462
-0.48177 -0.16833 0.63526
-0.00009 -0.28453 -0.24994
-0.14350 0.10403 -0.69158
0.32312 0.16464 0.08121
0.51083 -0.24998 0.45218
0.18795 0.23857 0.33735
-0.17273 -0.07670 0.73885
0.08506 -0.28453 -0.52941
-0.36620 0.23374 0.60956
-0.55088 -0.00698 -0.10995
0.41208 0.02023 -0.76068
-0.17946 -0.22427 -0.76068
-0.53161 0.22942 0.51249
-0.52973 -0.28453 0.17067
-0.22575 -0.28453 -0.02246
-0.53015 -0.05120 -0.33082
-0.50241 0.22942 -0.60781
0.34284 0.23374 0.35771
0.29139 -0.28453 -0.33623
0.08701 0.23374 0.63761
-0.03856 0.23374 0.44839
0.22043 0.23685 0.18243
0.12947 -0.07239 -0.73995
-0.21369 -0.28453 0.41617
0.49813 0.16464 0.68196
0.38452 0.16464 0.47000
-0.31274 0.23374 0.55020
-0.55088 0.06592 -0.46504
0.01272 -0.28453 0.27959
-0.05422 0.23374 0.63295
-0.06807 0.23374 -0.69083
-0.06518 0.23857 0.01331
0.37371 -0.02166 -0.76068
-0.35136 -0.28453 -0.10663
0.50640 -0.07763 -0.51613
-0.30326 0.16464 -0.26220
0.33485 0.23374 -0.14822
0.48567 0.09265 -0.00957
-0.11150 0.23857 -0.35662
-0.18861 0.23857 -0.14429
-0.44655 0.16464 0.50537
-0.35979 0.16464 0.19768
-0.26297 -0.28137 0.75959
0.38092 0.23374 -0.35206
-0.13954 0.23857 0.16045
-0.24652 0.16464 -0.07536
0.50640 -0.04461 0.35719
-0.55088 -0.27911 -0.45327
0.47181 0.23374 0.05520
0.08997 -0.28453 -0.24775
0.38925 -0.11749 0.75959
0.48567 0.11750 0.30452
-0.55088 -0.15436 -0.55036
-0.53829 0.23374 0.58532
0.33889 -0.28453 -0.16452
-0.21868 0.23374 -0.41995
0.50905 -0.28453 0.60719
-0.04770 -0.07936 -0.76068
0.20016 0.16464 -0.74088
-0.48177 -0.20570 0.34054
0.48567 -0.00939 -0.12428
0.46729 -0.24919 -0.69158
0.13550 0.09554 0.71727
-0.38433 0.22942 0.72449
0.44073 -0.04007 0.75959
-0.48177 -0.16821 -0.66809
-0.40928 -0.28453 0.54765
-0.40555 0.16464 -0.14940
-0.40996 0.23374 -0.07271
0.48567 -0.08067 0.12008
-0.55088 -0.04644 0.10190
-0.48177 -0.22663 -0.11541
0.23833 0.23374 0.00091
-0.37116 0.16464 -0.60717
-0.55088 0.18891 -0.35892
0.18820 0.23374 0.49697
-0.11571 -0.28453 -0.24872
0.23014 0.23374 -0.64400
0.36610 0.23374 -0.60690
0.19116 0.09554 -0.69939
0.11199 0.23857 -0.27318
-0.44380 -0.28453 0.12430
-0.39664 0.23374 -0.29844
-0.40037 -0.28453 0.29790
0.13613 -0.19772 -0.69158
-0.16517 0.16464 -0.11531
-0.53015 -0.07163 -0.00550
0.29340 0.16464 -0.34030
-0.40234 -0.28453 -0.46648
0.36408 -0.18088 -0.75328
0.29018 0.23374 0.41921
0.56255 -0.01038 -0.69158
-0.53015 0.02994 0.30946
-0.20601 0.11254 0.75959
-0.27614 0.23374 0.42895
-0.15011 -0.28453 0.52174
-0.32480 0.16464 -0.36342
-0.10535 -0.28453 0.03183
0.43080 0.16464 0.33980
0.46341 0.16464 -0.54247
-0.22654 -0.28453 -0.50360
-0.38022 -0.28453 0.64365
0.40665 0.11694 0.69048
0.38175 0.21517 -0.76068
-0.53876 0.23374 -0.48475
0.48567 -0.10751 -0.64867
0.12605 -0.28453 0.43922
-0.54917 0.23374 0.03351
-0.27662 0.16464 0.44719
-0.48177 0.12283 0.22632
-0.49258 -0.19268 0.78032
-0.23586 -0.10979 -0.73995
0.54862 0.23374 0.65341
-0.57161 -0.20412 -0.77253
-0.55088 -0.23031 -0.64424
-0.03670 0.23857 0.36693
0.37389 0.16464 0.04936
0.11447 0.16464 -0.45543
0.48567 -0.09554 -0.33279
0.49677 0.16464 -0.16451
-0.09620 0.16464 0.36395
-0.26538 -0.09515 0.73885
-0.02657 0.12777 0.75959
-0.30287 -0.28453 0.63580
-0.55088 -0.23961 0.44982
-0.55088 -0.26842 0.10587
0.54443 0.09554 0.50154
0.48567 0.11796 0.18123
0.54596 -0.28453 0.02539
0.48567 -0.06597 0.59091
-0.04715 -0.28453 0.14975
0.57550 0.10345 -0.70577
-0.48177 -0.23270 -0.47737
-0.37188 -0.28453 -0.23949
-0.55088 0.09427 -0.07980
0.55332 0.16464 -0.35252
-0.43142 0.04129 -0.62247
0.03298 -0.28453 -0.73797
-0.42812 0.16464 0.10701
0.48567 0.04170 -0.22231
-0.27216 -0.28453 0.12320
0.50640 0.01503 -0.72556
0.07203 0.16464 0.46707
0.49944 0.16464 0.48116
0.31545 -0.28453 0.63151
0.13208 0.16464 -0.03212
-0.20086 0.16464 0.69798
-0.45897 0.23374 -0.24360
-0.44643 -0.28453 0.48407
-0.07320 -0.28453 -0.61704
-0.55088 0.00056 0.61479
0.48455 -0.28453 -0.29068
0.55485 -0.26105 -0.16764
-0.42824 0.23374 -0.49931
0.47566 -0.13140 0.69048
-0.41968 0.22016 -0.76068
0.12975 -0.28453 0.70770
0.46373 -0.28453 0.74531
0.48567 -0.19589 -0.52822
-0.19485 -0.28453 -0.35765
-0.52605 -0.28453 0.67784
-0.53015 0.00834 -0.63755
0.48567 -0.21661 0.39852
-0.33945 0.16464 0.62531
0.08469 0.16464 -0.21849
0.48567 -0.11151 -0.07322
0.26752 -0.24998 -0.69937
0.34915 -0.28453 -0.66861
0.44929 0.16464 0.16565
-0.00889 0.16464 -0.31932
0.21849 0.01338 0.73885
0.17929 0.22942 0.71873
0.06335 0.16464 0.11619
0.48567 -0.17733 -0.18654
0.26691 -0.28453 -0.58057
0.53902 -0.28453 -0.66058
0.38288 0.09554 0.75841
0.28491 0.16464 -0.71387
0.06809 0.23857 0.16867
0.52084 0.09554 -0.57134
-0.53015 0.08000 -0.56733
0.46839 0.16464 0.57435
0.23369 -0.18088 -0.75334
-0.08465 0.16464 -0.75199
-0.02004 0.01361 0.73885
-0.55088 -0.17461 -0.61702
0.24781 -0.28453 0.26032
-0.36823 0.23374 0.12580
-0.13672 -0.28453 -0.70271
0.21223 -0.28453 0.20866
-0.02272 0.16464 0.02212
-0.12771 0.23857 -0.19999
0.37556 0.23374 0.11960
0.08046 -0.28453 0.58417
0.48567 0.01634 0.14709
0.08751 0.16464 -0.67077
-0.55088 0.12536 -0.23955
0.43431 -0.28453 -0.46500
0.54804 0.23374 -0.75712
0.21132 -0.28453 -0.17222
0.36588 0.20091 0.75959
-0.44989 -0.28453 -0.35878
-0.05482 0.16464 -0.14312
0.21684 0.16464 0.25313
0.39641 0.16464 -0.64236
-0.43713 0.16464 0.42950
-0.02259 -0.16763 0.75959
0.45586 0.23374 0.32867
0.31899 0.23374 0.64479
0.08510 0.23857 -0.40615
0.03552 0.09959 0.69048
-0.17850 0.16464 0.45273
0.53024 -0.18291 -0.78141
0.43501 0.07976 -0.62247
0.53510 -0.28453 0.53260
-0.20448 0.16464 -0.25740
0.24698 0.23374 0.28179
-0.53015 -0.17306 -0.31965
-0.42186 -0.13245 -0.73995
0.55477 0.20647 0.30849
-0.55088 -0.14023 0.36976
0.31794 -0.28453 -0.41931
-0.53015 -0.06591 -0.17113
0.29253 0.16464 -0.03245
-0.53015 0.04791 0.08115
-0.55088 -0.17125 0.17658
-0.26571 -0.28453 -0.60661
0.53787 -0.28453 0.37309
0.48567 0.02056 -0.31561
-0.23163 0.23374 0.31424
-0.32417 0.23374 -0.14531
-0.55088 -0.13587 0.30692
-0.41267 -0.22849 -0.64609
0.05130 -0.07732 -0.73995
0.50640 0.01529 -0.45261
0.31678 0.11093 -0.76068
0.48843 0.23244 -0.35359
-0.26012 -0.28453 0.28635
0.53150 0.22942 -0.44170
0.41622 -0.28453 0.13655
-0.53015 0.03442 0.15668
-0.15888 0.01739 0.75959
-0.48173 0.23374 0.38445
-0.55088 0.17438 0.13536
0.55477 -0.21305 -0.07949
0.11293 -0.28453 -0.02968
-0.28118 0.16464 -0.66046
0.01136 0.16464 -0.66090
0.42869 0.23374 -0.07467
0.19063 0.16464 -0.38148
-0.36340 -0.04269 0.73885
0.48567 0.06097 0.56305
0.07363 0.23374 -0.67167
-0.17940 0.16464 -0.47320
-0.55520 0.11390 0.37611
0.31260 0.03821 0.75959
-0.41630 0.02189 -0.73995
0.49300 0.22942 -0.59997
-0.46095 -0.05507 0.73885
0.48567 -0.14364 0.04320
0.27280 0.23374 0.07240
-0.32718 0.23374 0.25282
-0.54206 0.16464 -0.45192
0.15840 0.23374 -0.58818
0.55477 0.13595 0.70904
0.48567 0.05610 0.36842
-0.43463 0.02615 0.62138
-0.26728 0.23374 -0.52743
-0.25607 0.16464 0.18579
-0.09319 0.04827 -0.76068
0.07135 -0.13742 0.75959
0.31945 0.23374 -0.31824
-0.55088 -0.00415 -0.40772
-0.10536 -0.28453 0.43293
-0.38536 -0.26476 -0.76068
0.50640 0.03038 0.65835
0.04255 0.23374 0.51498
0.51324 0.22942 0.47045
0.32453 0.16464 -0.27636
0.00999 0.23163 -0.69434
-0.30147 0.16464 0.31172
-0.27646 -0.28453 -0.08616
0.12811 0.23374 0.56376
0.07559 0.23857 -0.14505
-0.49120 -0.20554 0.69991
0.05679 0.23857 -0.04252
-0.54771 0.16464 -0.05872
-0.20777 0.23374 0.49841
0.23205 -0.11806 0.75959
-0.42634 0.23374 0.34143
0.08708 0.18721 -0.76068
-0.49496 0.10558 -0.76068
0.45242 0.23374 -0.21597
0.48567 0.02538 -0.65569
-0.55088 0.16406 0.63949
-0.23652 0.05625 -0.73995
0.52256 0.00588 0.78032
-0.08410 0.16464 0.23117
0.29190 0.13579 0.75959
-0.55088 -0.12725 -0.22804
-0.53863 -0.18088 -0.01713
0.55194 0.09554 -0.27855
0.57550 -0.24959 0.69082
-0.30530 0.23374 -0.25517
-0.51475 0.22942 0.28623
-0.35496 -0.08757 -0.76068
0.38835 -0.28453 0.54337
-0.21422 -0.21912 0.69048
-0.33184 0.12953 0.75959
-0.50161 -0.28453 0.26734
0.33337 0.16464 -0.48411
-0.43933 -0.28453 -0.01736
-0.48324 0.09554 0.75036
-0.19990 0.23374 0.65305
-0.31335 0.23329 -0.69434
-0.55088 -0.25732 -0.22652
0.55477 0.19620 0.06908
0.55485 -0.28453 -0.46142
0.12470 -0.21220 0.75959
0.09955 0.23287 0.75959
-0.57161 -0.17285 -0.71531
0.55477 -0.19040 0.64599
-0.00257 -0.28453 -0.01047
0.38413 0.23374 -0.49389
0.55321 0.14332 -0.00624
-0.40173 0.16464 0.54976
-0.31912 -0.28453 0.32495
0.49047 -0.28453 -0.22327
-0.41796 0.16464 -0.03691
-0.23536 0.23374 -0.75317
-0.53015 -0.10239 0.65156
0.28764 -0.28453 0.51136
-0.47566 -0.12704 0.69048
0.17102 -0.28453 -0.11019
-0.14045 0.09716 0.69048
-0.46869 -0.28453 0.62895
-0.51171 0.16464 0.29992
-0.55088 0.04760 0.43073
-0.38023 -0.28453 0.12311
-0.54089 0.23374 0.75586
0.43218 0.22942 0.69326
0.45427 0.16464 -0.35947
0.50640 -0.08519 0.50824
0.48567 -0.19185 -0.38226
-0.39769 0.12121 0.69048
-0.06121 0.16464 -0.50828
0.41816 0.12760 0.62138
-0.44745 -0.28453 0.36296
0.16565 0.16464 -0.15801
0.38234 -0.28453 0.26840
-0.13092 -0.09103 -0.76068
-0.52670 0.16464 0.45380
-0.23831 0.16464 0.62564
-0.55088 0.01772 0.23603
-0.48177 0.10905 -0.44433
0.04968 -0.28453 0.36512
0.48567 -0.03991 -0.68788
-0.27208 0.16464 0.56445
-0.02997 0.23857 -0.30782
0.48567 0.07356 0.08650
0.48567 -0.22796 0.20056
0.52577 0.09554 -0.08201
-0.03026 -0.28356 0.75959
-0.53015 -0.09367 0.13910
-0.55088 -0.27560 -0.03912
0.52756 -0.06338 0.75959
-0.35121 0.09554 -0.75437
0.22848 -0.04515 -0.73995
-0.55088 0.12225 0.02147
0.41850 0.09554 -0.75606
0.48998 -0.20329 0.75959
-0.48177 -0.07945 -0.68976
-0.42856 0.16464 -0.70473
0.10581 0.16464 0.19665
0.55477 0.18779 -0.67622
0.25431 0.16464 0.65112
-0.25618 -0.18088 0.75368
-0.39064 -0.18088 0.73970
0.34621 -0.28453 0.35659
-0.54301 0.16464 -0.14841
0.36837 0.23374 0.00767
0.14679 -0.28453 -0.43804
0.53351 -0.18088 0.22432
0.50640 -0.12689 -0.43956
0.02999 0.23857 0.25573
0.06971 0.23374 -0.57686
0.50640 -0.13403 0.32258
-0.51003 -0.12176 0.78032
0.47605 -0.24998 -0.74811
0.07029 0.16464 0.67788
0.02697 0.16464 0.38929
0.10790 -0.28453 -0.69914
-0.57161 -0.27449 -0.73696
0.33142 0.13091 0.69048
0.55485 -0.28128 -0.32579
0.24557 0.23374 -0.21935
-0.55088 0.02478 0.35922
0.55477 0.17747 0.43755
-0.55088 0.03846 -0.32956
-0.55088 -0.22298 0.29541
0.34764 0.16464 -0.10214
-0.26011 0.16464 -0.42258
0.19710 0.16464 -0.49184
-0.04928 -0.28453 -0.52368
-0.48177 -0.21678 0.13704
-0.27553 0.23374 -0.34127
-0.05942 0.23374 -0.43103
0.15015 -0.15421 -0.76068
-0.12520 -0.28453 0.60403
-0.42074 0.12875 -0.76068
-0.53166 0.08916 0.78032
0.31175 -0.28453 0.11548
-0.11132 -0.15317 -0.76068
0.53761 0.23299 0.15043
0.31779 0.23374 0.17109
-0.11933 0.23374 -0.75143
0.48567 0.13530 0.40864
-0.09885 0.23374 0.51598
0.50566 0.09554 0.67213
0.24091 0.16464 0.10814
0.45694 -0.28453 -0.03911
0.49627 0.09554 -0.36495
-0.17764 -0.16822 0.75959
-0.24618 0.16464 0.01511
-0.04976 -0.22031 0.69048
0.27780 -0.18088 0.75571
0.01397 0.23374 -0.53118
0.06249 0.16464 0.02536
0.22599 0.16464 0.33305
-0.40211 0.23374 -0.38769
-0.38413 0.16464 -0.50398
-0.44132 -0.28453 -0.24637
0.55477 -0.24561 0.19996
-0.33501 -0.24998 0.73962
-0.25854 -0.28453 -0.30726
0.13763 0.23857 0.10520
-0.53015 0.02283 -0.17523
0.55485 -0.27421 0.29141
-0.48496 -0.27163 0.78032
0.17221 0.23374 0.61311
-0.48177 0.10789 0.64200
-0.55088 -0.15896 0.59076
-0.35317 0.16464 0.38371
0.44235 -0.17515 0.73885
-0.11240 0.23374 -0.58936
-0.40248 0.12701 0.75959
0.39596 0.29759 0.01102
-0.55088 0.13914 -0.28774
0.19688 0.09427 0.75959
0.57550 -0.11231 0.72381
-0.16212 0.16464 0.24421
-0.25089 -0.03299 -0.73995
0.16811 0.16464 -0.64907
-0.27340 0.13590 -0.76068
0.53421 0.16464 0.16989
0.46025 0.23374 0.53399
0.49981 -0.18722 -0.30164
-0.11173 0.16464 0.51045
-0.55088 -0.09446 -0.49651
0.37459 0.16464 -0.54434
-0.11722 -0.28453 0.14700
-0.33697 0.23374 -0.58128
-0.06466 -0.28453 0.52367
-0.45041 0.23374 0.16360
-0.53553 -0.07008 -0.78141
-0.15863 0.23857 0.25032
0.22209 -0.28453 -0.39887
0.49165 0.16464 0.08230
-0.28029 0.23374 0.05003
-0.55082 0.00120 0.69048
-0.08749 0.17747 0.75959
0.05754 -0.28453 -0.33279
-0.50187 0.22942 -0.68853
0.01827 -0.28453 -0.14591
-0.22414 -0.28453 -0.72616
0.40994 -0.24998 -0.70521
0.46423 0.13723 0.75959
-0.48177 0.11652 -0.10265
-0.40987 -0.24998 0.69390
-0.55088 0.16601 -0.72647
0.32496 -0.21867 0.75959
-0.11431 0.16464 0.64296
-0.44842 -0.28453 -0.57756
-0.48177 -0.20785 -0.04774
0.22985 0.19562 0.75959
0.10923 0.09619 -0.69158
0.02816 0.06175 -0.76068
-0.00890 0.16464 0.61565
-0.48177 0.15973 -0.36100
0.13575 -0.28453 0.05285
-0.51724 0.16464 -0.55985
0.45176 0.23374 0.14590
0.18089 0.23857 -0.05794
0.48567 -0.05614 0.27538
0.46891 0.05520 -0.76068
0.29255 0.16464 0.55585
0.38998 -0.28453 -0.21980
0.55477 0.19786 -0.54219
0.37884 -0.28453 -0.05259
0.15994 -0.28453 -0.56661
0.13690 0.16464 0.63437
0.30927 -0.28453 -0.50066
0.27881 -0.09444 0.73885
0.42923 0.16464 -0.71751
0.03886 -0.28453 -0.05941
0.37390 -0.28453 -0.31829
0.45184 0.16464 -0.22272
0.49687 -0.24998 0.34281
0.55271 -0.28453 -0.55200
-0.14224 -0.28453 -0.17063
0.34634 0.23374 -0.07728
0.55477 0.14611 -0.23260
0.54470 0.16464 -0.09703
-0.00052 0.16464 0.23237
0.45458 -0.03799 -0.76068
0.04310 0.16464 -0.41204
0.09069 0.23857 0.01664
-0.15372 -0.24998 0.69151
-0.52780 0.22942 -0.13359
-0.55088 -0.20785 -0.18605
-0.43977 0.16464 0.28650
0.22865 -0.28453 0.45394
-0.31562 0.23374 0.17712
0.19885 -0.28453 -0.31681
-0.53015 -0.11683 0.44596
0.48567 0.02865 0.28611
0.55477 -0.08623 -0.72978
-0.06892 0.16464 0.06628
0.48567 0.08799 -0.23049
-0.27410 -0.28453 0.45480
0.40613 0.16464 -0.28875
0.48567 -0.06762 0.65911
-0.10034 0.23857 0.09121
0.23535 -0.28453 0.68496
0.17740 0.16464 0.42336
-0.27007 0.18065 0.75959
-0.52327 0.16464 0.56385
-0.48921 0.16464 -0.22544
0.12430 -0.28453 -0.17923
0.45370 -0.28453 0.45601
0.07176 -0.28453 0.52749
0.48567 -0.07236 0.18995
0.04869 0.11662 0.75959
-0.26551 0.09554 0.74573
-0.53015 -0.10760 0.05613
-0.10080 -0.28453 0.24138
-0.48177 -0.24418 -0.28687
0.49808 0.16464 0.24337
-0.11124 0.23857 -0.27930
0.48567 0.02020 0.03236
0.48567 -0.16385 -0.10665
0.34995 0.16464 -0.40940
0.54763 -0.18088 0.39922
-0.53372 0.23237 0.66393
-0.35078 -0.11486 0.75959
-0.55088 -0.16155 -0.40862
-0.21045 0.23857 -0.22311
-0.36960 0.16464 -0.68744
0.38274 0.16464 0.38479
-0.39242 0.23374 0.53898
-0.24257 -0.28453 0.19704
-0.00543 -0.14276 -0.76068
-0.53015 -0.09820 -0.59308
0.00334 0.16464 -0.18811
0.57126 -0.03162 0.78032
0.48567 -0.11193 0.40394
0.51480 0.16464 0.35338
0.48567 0.08068 -0.16030
0.21870 0.23374 -0.75963
0.37441 -0.28453 0.08854
-0.02932 -0.28453 0.35594
-0.02972 0.16464 -0.05643
-0.14491 0.23857 0.02464
0.15893 0.23374 -0.46175
-0.52130 0.16464 0.70210
-0.55088 0.21688 -0.28902
-0.13678 -0.22122 0.75959
-0.01939 -0.28453 -0.67922
0.14217 -0.28453 0.63708
-0.48177 0.10482 0.42194
0.42545 -0.07590 0.62138
0.50640 -0.13244 0.15271
0.37013 0.16464 0.52492
0.03518 0.16464 -0.04598
-0.45220 0.23374 0.60916
0.05404 -0.20269 -0.69158
0.48567 -0.07494 -0.56724
0.55485 -0.27789 -0.04972
-0.52160 -0.28453 -0.66398
-0.53015 -0.05519 -0.45572
-0.13271 0.10816 -0.76068
0.48328 -0.28453 0.07093
0.52125 -0.04456 -0.76068
-0.19275 -0.28453 -0.09278
0.55477 0.16377 -0.74481
0.48567 -0.17959 -0.66447
0.54861 0.23374 -0.17882
0.30188 0.01205 -0.73995
-0.53015 -0.06090 -0.07099
0.12743 -0.28453 0.36089
0.50018 0.16464 -0.42217
0.48567 -0.04899 0.44881
0.38325 -0.00703 0.75959
0.14572 0.23857 -0.33881
0.54776 0.09554 0.33348
-0.13139 0.23857 -0.10382
-0.43013 -0.28453 -0.10816
-0.00984 -0.28453 -0.40426
-0.25846 0.16464 0.37481
-0.24674 0.23374 -0.59610
-0.48177 0.03416 0.75359
0.48567 -0.00103 -0.05381
-0.12463 0.16464 -0.18130
0.45529 0.23374 -0.44234
-0.04452 0.10463 -0.76068
-0.55088 -0.12206 0.55094
-0.19269 -0.28453 0.32900
0.41656 -0.13530 -0.67693
0.24260 -0.27746 -0.76068
-0.55088 -0.27503 -0.37800
0.26550 0.23374 -0.09087
0.42364 0.23374 0.39853
-0.55088 0.07840 0.63391
0.17315 0.23857 0.41125
-0.48177 -0.17147 -0.75657
0.40116 0.23374 -0.67416
0.33813 -0.28453 0.01024
-0.11461 0.16464 0.30030
0.48567 -0.13509 -0.24361
-0.33212 0.16464 -0.43922
0.52452 0.16464 -0.59716
-0.49748 0.03608 -0.76068
-0.55088 0.09114 0.28990
-0.25044 -0.28453 0.58223
0.01448 -0.28453 0.19357
0.50640 -0.03184 -0.27364
0.52636 0.16559 0.75959
-0.23944 0.23374 0.56835
0.46844 0.01494 0.73885
-0.15937 0.03997 -0.73995
0.57550 0.07341 0.69386
0.18175 0.10135 -0.76068
0.13533 0.23857 -0.20694
-0.53015 -0.02048 -0.04113
-0.09057 -0.02217 0.73885
0.55485 -0.26809 0.09776
-0.20930 0.16464 -0.65089
0.32143 -0.28453 -0.72776
0.48567 0.00920 -0.38162
-0.03960 0.23857 0.13882
0.22847 0.16464 -0.61475
0.37113 -0.28453 -0.47206
-0.40156 -0.20303 -0.76068
0.27508 -0.28453 0.01575
-0.41177 0.09554 -0.70097
-0.31447 -0.28453 -0.16994
-0.41548 0.16464 -0.22467
0.55477 -0.22062 -0.43585
0.56445 -0.16737 0.78032
-0.32659 0.16464 -0.54413
-0.07700 -0.28453 -0.45551
-0.33867 0.23374 0.67769
0.55850 -0.22351 -0.69158
-0.53015 0.01805 -0.49863
0.00614 -0.20854 -0.76068
-0.55088 -0.22590 -0.50291
-0.26238 0.16464 -0.20054
0.46569 0.23374 -0.13817
0.46345 -0.10147 0.73885
0.43012 0.04266 -0.69158
0.02578 -0.28453 0.67421
-0.55088 -0.23490 0.71925
-0.21340 -0.18088 -0.72297
0.35600 -0.09173 -0.76068
-0.31562 0.23374 0.74957
0.27420 0.23374 0.34737
-0.55088 0.00938 0.50202
0.19098 0.16464 -0.06516
0.34433 0.23374 0.57577
-0.54465 -0.28453 0.03764
-0.32866 0.23374 0.47850
0.28015 -0.28453 -0.20997
0.29591 0.09554 -0.69880
0.40726 -0.28453 -0.62406
-0.25727 -0.23577 -0.76068
-0.54941 0.09554 0.14187
-0.11549 0.16359 -0.69158
-0.15890 0.16464 0.06998
-0.53015 -0.13634 -0.17365
-0.55088 0.07855 -0.39870
-0.11671 0.16464 -0.43713
0.10253 -0.02601 -0.73995
-0.49880 0.16464 0.09903
0.47647 0.23059 -0.76068
0.44499 0.16464 0.27331
0.35977 0.05287 -0.76068
-0.01006 -0.06283 0.75959
-0.26090 -0.28453 0.04047
-0.31068 0.23374 -0.07548
0.12972 -0.13742 0.75959
0.16027 0.23374 -0.75204
-0.04070 -0.28453 -0.32256
0.25665 0.23374 0.48778
-0.37876 -0.28453 -0.39924
0.48567 -0.14855 0.62404
-0.34280 0.23374 -0.75078
-0.13587 0.16464 0.71025
0.02079 0.23374 0.58325
-0.43199 -0.18088 0.71386
-0.53632 -0.03309 -0.69158
0.34342 0.23374 -0.40986
-0.32755 -0.28453 -0.63589
0.54991 0.16464 0.53366
0.50640 -0.12247 -0.69761
0.05688 -0.28453 0.45523
-0.53015 -0.07777 0.32999
0.13996 0.04308 0.75959
-0.36713 0.16464 -0.28605
-0.55088 -0.02479 0.17183
0.02852 0.23857 0.40383
0.48858 0.16464 -0.01696
0.09582 -0.11108 -0.76068
-0.47925 0.23374 -0.08426
0.46676 -0.24998 -0.63804
-0.36130 -0.02283 -0.73995
-0.36632 -0.28453 0.47077
0.01704 0.23374 -0.45915
-0.50873 -0.18088 0.39847
-0.55088 -0.18272 0.52426
-0.53015 -0.04985 0.45453
0.06356 -0.28453 0.02475
0.52656 0.16464 0.62365
0.31973 -0.28453 -0.10337
0.26621 0.16464 -0.43922
-0.11320 0.23374 0.67126
-0.55088 0.05161 0.71080
0.20908 0.23374 -0.51085
-0.53015 0.00886 0.55291
-0.45506 0.23374 0.50657
0.51909 -0.18088 -0.72516
0.45937 0.16464 -0.61743
-0.09027 -0.24998 0.72816
-0.49216 0.22942 -0.00210
0.43663 -0.17117 -0.73995
-0.43758 0.16464 0.72035
0.34446 0.23374 0.27802
-0.10452 0.16464 -0.05611
-0.46186 0.23374 -0.17381
-0.41844 0.16464 0.35279
0.50640 -0.04642 -0.62758
-0.35187 -0.28453 0.58698
0.01984 -0.01763 -0.73995
-0.15965 -0.28453 -0.45099
-0.55088 0.07122 -0.28629
-0.02301 0.16464 -0.60288
-0.26028 0.16464 0.14107
-0.10887 -0.11325 0.75959
-0.46009 -0.28453 0.06454
-0.55088 0.16574 0.00561
-0.48177 0.14026 -0.68416
0.02021 -0.01231 0.73885
0.27299 0.16464 0.22468
-0.47971 -0.10395 0.62138
0.48567 -0.12178 -0.39215
-0.49286 0.22942 -0.31063
0.15506 -0.28453 -0.24284
0.06197 0.09554 -0.74150
0.39220 0.23374 -0.20248
0.00610 0.16464 -0.11766
0.15500 -0.01726 0.75959
-0.49175 -0.28453 -0.07915
-0.53015 -0.12363 -0.28974
0.55477 -0.24542 -0.58930
-0.44971 0.23374 -0.44096
-0.51068 -0.28453 -0.59441
-0.48177 -0.01059 -0.68719
-0.52478 -0.28453 0.48290
0.48567 -0.02263 0.55121
0.43851 0.16464 0.04422
0.04802 0.23857 -0.32995
0.17872 0.16464 -0.31630
0.48567 -0.18235 0.12197
0.12716 0.23374 0.46628
0.36053 0.16464 -0.03158
-0.48177 -0.24712 -0.65455
-0.55088 -0.04751 0.64255
-0.03333 0.16464 0.31903
0.48567 -0.11694 -0.55009
0.35829 0.23374 0.43400
0.48567 0.06487 -0.28914
-0.20571 -0.25420 0.75959
0.48567 0.05595 0.48851
0.30152 -0.04459 -0.73995
0.55477 0.20455 0.71468
-0.52600 0.09554 -0.63177
-0.18176 -0.28453 -0.23406
0.40057 -0.28453 0.66463
0.04627 0.23857 0.32131
0.30856 0.23374 -0.25269
0.50640 -0.01221 0.40593
-0.49027 0.16464 0.38795
0.08244 -0.24998 -0.75918
-0.24436 -0.28453 -0.43948
0.55477 -0.24146 0.59681
0.50640 0.01958 0.09744
0.20270 -0.28453 0.75491
-0.16781 0.23857 0.09947
-0.31625 -0.12458 -0.73995
0.02596 0.23857 -0.10222
0.47172 0.23374 -0.27956
-0.19247 0.23857 -0.05241
-0.32788 0.00590 0.73885
-0.12428 0.16464 -0.53725
0.50640 -0.11346 -0.00809
-0.48979 -0.28453 0.53936
0.28215 0.23374 -0.60202
-0.21687 -0.28453 0.52450
-0.55088 -0.19666 -0.07959
0.14274 -0.28453 0.11581
0.50640 0.05836 -0.52910
0.52659 -0.28453 0.71433
0.36773 -0.17210 0.75959
0.13539 0.16464 -0.72435
-0.53900 -0.28453 0.30170
-0.28218 0.23374 0.36176
-0.46618 0.23374 0.75148
0.51939 0.22942 -0.50386
-0.25750 0.23374 0.49092
-0.53015 -0.07294 -0.26448
-0.55088 -0.11650 -0.04648
-0.16080 -0.28453 -0.03699
-0.26739 0.16464 0.70039
-0.18154 0.22942 -0.72017
0.50640 0.04225 0.70842
0.46633 0.16464 -0.47750
-0.38856 0.23374 -0.15674
0.29801 0.16464 0.43618
0.48567 -0.08348 0.03949
-0.06081 -0.28453 -0.04040
0.13853 0.23857 0.20104
-0.53015 -0.09076 -0.11190
0.50640 -0.12891 -0.16010
-0.55088 -0.01622 -0.15083
-0.55088 0.22188 -0.42214
-0.36839 0.16464 0.73344
-0.49694 -0.24998 0.20808
-0.41267 -0.11330 0.64024
0.06026 0.16464 -0.48137
-0.06679 0.23857 -0.13810
-0.20741 -0.28453 0.12527
-0.54407 -0.18088 0.45921
0.29492 -0.28453 0.45022
-0.55088 -0.13837 0.11154
-0.51303 -0.18088 -0.14818
0.27467 -0.28453 -0.14964
0.48567 -0.03637 0.07754
0.31624 0.16464 -0.21119
-0.19109 0.16464 -0.53748
-0.20831 -0.01620 0.73885
0.50357 -0.28453 -0.14405
0.48567 -0.16610 0.27617
-0.55088 0.02101 -0.58947
0.48864 0.16464 -0.71603
0.50195 -0.28453 -0.62020
-0.37680 0.23374 -0.69352
-0.37975 0.04432 -0.76068
0.30560 0.23374 -0.00275
-0.45442 -0.28453 0.72447
-0.10738 0.23857 -0.04491
0.54037 -0.21385 0.74519
0.48567 0.05672 -0.06547
-0.26372 0.16464 -0.31092
0.26781 -0.03945 0.75959
-0.04485 0.07778 0.75959
0.16420 -0.02907 -0.76068
0.43691 0.23374 0.00251
-0.55088 -0.17187 0.23768
0.19738 0.23857 0.10328
-0.53015 -0.14991 -0.48808
0.52550 -0.28453 -0.71836
-0.55088 0.05201 -0.11941
0.19001 -0.22671 -0.76068
-0.04629 0.16464 -0.70653
0.11673 0.16464 -0.29459
-0.51853 -0.24998 0.61251
-0.53015 -0.08029 0.58947
0.31875 -0.13075 -0.76068
-0.08400 0.23857 0.18924
-0.20253 0.23857 0.36939
0.28985 -0.28453 -0.63866
0.55477 -0.20676 0.03199
0.33764 0.16464 -0.68061
0.14032 0.23857 -0.11120
0.06915 0.23857 -0.21272
0.33094 0.23374 0.50041
-0.37055 -0.28453 -0.30167
0.28780 -0.28453 0.30794
-0.17860 -0.06731 -0.73995
0.40045 0.16464 0.12756
0.53722 0.09554 0.03307
-0.36001 0.23374 0.06448
-0.06489 0.23857 -0.23831
0.25254 0.08516 -0.76068
-0.02850 -0.28453 -0.19860
0.48567 0.04490 -0.11823
0.20975 -0.28453 0.12967
-0.51274 0.16464 0.19289
0.50640 -0.00766 -0.61095
-0.48603 0.16464 -0.05639
-0.32160 -0.28453 0.12875
-0.55520 0.14559 -0.38331
-0.15982 -0.28453 -0.29180
0.38251 0.16464 0.65539
0.49719 -0.18722 0.67919
-0.28437 -0.28453 0.40272
-0.25190 0.16464 -0.48361
0.23234 -0.11978 -0.76068
0.40387 -0.10983 -0.73995
0.48567 -0.09581 0.35076
-0.22799 0.13244 -0.69158
0.48595 -0.18722 -0.02765
0.02270 -0.13946 0.73885
0.24189 0.16464 -0.53376
0.02523 0.23857 0.02014
0.09020 0.16464 0.40853
-0.11893 0.16464 0.43840
0.11744 0.16464 0.05242
-0.10504 -0.28453 -0.56819
0.05122 0.16464 -0.30796
0.52817 0.09554 0.43488
0.23473 0.16464 -0.67941
-0.06113 -0.18088 -0.74820
0.50640 -0.11895 -0.60158
-0.55088 0.21488 -0.56841
-0.34496 0.23374 -0.36626
-0.16326 -0.28453 -0.59221
0.42564 0.18912 0.75959
0.44922 -0.28453 0.54328
0.12982 0.16464 0.48612
-0.19291 -0.28453 0.03615
-0.08207 -0.17510 0.75959
0.57550 0.07365 -0.75862
0.37690 -0.07185 0.73885
-0.48177 -0.24766 0.39665
-0.55088 -0.20988 -0.56134
0.09197 -0.28453 -0.61965
0.00918 0.16949 0.75959
0.50640 -0.00290 -0.19212
-0.48454 0.23344 0.11270
-0.15949 0.23374 -0.43214
-0.42226 -0.14301 -0.62247
-0.53840 0.16464 0.24582
-0.09913 0.23374 0.58724
0.48646 0.23374 0.58828
-0.30899 -0.06174 -0.73995
0.56853 -0.09295 0.78032
-0.41267 0.06845 0.66586
0.20690 0.23857 -0.26939
-0.09229 -0.04506 -0.76068
-0.53015 0.03498 -0.05075
-0.31612 -0.06387 0.75959
0.06621 -0.28453 0.72284
-0.41434 0.16464 0.22258
0.55477 -0.23986 -0.28251
-0.05093 0.16464 0.52928
0.33765 0.16464 -0.74438
0.43181 -0.24317 0.69048
-0.23111 0.23374 -0.47842
0.45915 -0.28453 -0.35713
0.55477 0.10904 -0.37412
-0.55088 -0.23045 0.18437
-0.30137 -0.28453 0.18760
0.43464 0.07344 0.73885
-0.51308 0.09554 -0.25085
0.48567 0.06798 -0.68725
0.38590 0.16464 0.30089
0.45897 0.23374 0.45884
0.48567 0.12633 -0.58061
-0.55088 -0.02917 0.30317
-0.13577 -0.28453 -0.35310
0.05934 0.23374 0.45417
0.34303 0.24886 0.06536
-0.45393 -0.28453 -0.74532
0.50640 -0.17914 -0.58144
0.50640 -0.08425 -0.12168
-0.40393 0.16464 0.60862
-0.36483 0.23374 0.38846
-0.15755 -0.28453 0.39839
0.51252 0.09554 0.23885
-0.49369 -0.28453 -0.21954
0.35449 -0.28453 0.58768
-0.34655 0.16464 -0.22256
-0.32208 -0.28453 -0.41441
-0.01027 0.23857 0.30593
-0.20377 0.19365 0.75959
0.29020 -0.17094 -0.76068
-0.36573 -0.28453 0.72032
0.55477 0.13746 -0.52686
-0.53015 0.07072 0.25593
-0.04346 -0.28453 0.23185
0.03611 0.12193 -0.69158
-0.41267 0.13401 -0.65226
0.54065 0.16464 0.04427
-0.41274 0.19302 0.75959
0.24141 0.16464 -0.31465
-0.47891 -0.28453 -0.45179
0.48615 0.23374 -0.02781
-0.53015 0.03132 -0.44111
-0.55088 0.21428 0.46019
0.06735 -0.28453 -0.40890
-0.03845 0.16464 0.37655
-0.46767 -0.10430 -0.73995
0.13924 0.16464 -0.23729
-0.33421 0.23374 -0.63890
-0.33140 -0.28453 0.06690
-0.43213 -0.15557 0.75959
-0.20840 0.16464 -0.01304
0.49162 -0.28453 -0.47071
-0.38410 0.23374 -0.53626
0.49754 0.00984 -0.78141
0.50640 -0.04212 -0.45020
-0.55088 0.14219 0.08780
0.32382 -0.28453 -0.58790
-0.14720 0.18686 -0.76068
-0.30208 0.23374 0.12143
-0.54273 0.07125 -0.76068
-0.55088 0.21136 -0.66240
0.48567 -0.16696 0.37022
-0.16730 0.23374 -0.54007
0.49830 -0.18722 0.06425
-0.55088 -0.12294 -0.00469
0.14973 -0.28453 0.24990
-0.55088 0.07098 -0.22687
0.10317 0.16464 -0.53303
0.25259 0.23374 -0.16283
0.41856 -0.09364 -0.62247
-0.49089 0.22942 -0.51524
-0.37063 0.23374 0.21607
-0.14267 -0.18088 -0.75985
-0.25921 0.23374 0.26453
0.21779 0.16464 0.18984
0.43638 0.16464 0.68243
0.50640 -0.02890 0.30858
-0.48177 -0.18890 0.44772
0.44881 0.16464 0.45569
-0.32725 -0.28453 0.68695
-0.45576 0.16464 0.06254
-0.35543 0.16464 0.44888
-0.16424 0.15326 0.75959
-0.27291 0.16464 0.50795
-0.55088 -0.17912 0.03795
0.22555 0.23374 -0.58775
-0.09663 0.16464 0.11535
0.47334 0.16464 -0.07262
0.13136 -0.28453 -0.49744
-0.34764 0.16464 -0.04241
-0.13782 0.08748 0.75959
0.21703 -0.18088 0.70884
0.19407 -0.15890 0.75959
-0.54131 -0.16825 0.78032
0.36298 -0.28453 -0.37325
0.11922 -0.09216 0.73885
-0.02031 0.11490 0.69048
0.12856 -0.28453 0.54840
0.55477 0.19328 -0.40584
-0.10772 0.16464 -0.12520
0.42033 0.23374 -0.59384
-0.53651 0.14227 0.75959
-0.23588 -0.28453 -0.25631
0.02374 0.23857 -0.16554
-0.15453 0.23374 0.51771
-0.27141 -0.28453 -0.36899
-0.39119 -0.28453 -0.69334
0.50640 -0.16012 -0.49093
0.24558 0.16464 -0.19778
0.54085 0.23374 0.51854
-0.03431 -0.28453 -0.74090
0.05780 -0.28453 -0.67504
-0.20604 0.16464 0.15323
-0.54329 0.16464 -0.20399
-0.03766 -0.28453 0.03260
0.50640 -0.03410 0.14403
-0.28483 0.07017 -0.76068
-0.55088 -0.22041 -0.38730
0.25982 0.18040 -0.76068
-0.15983 0.16464 0.59334
0.25848 0.23374 0.14234
-0.53311 0.09554 -0.02749
0.55477 -0.19115 -0.32407
0.50640 0.07523 0.13765
0.41656 -0.03155 0.67430
0.33923 -0.23536 -0.69158
0.55477 0.22500 0.20225
0.14014 -0.26895 0.75959
-0.55088 -0.17867 0.12716
0.17548 0.16464 0.59505
0.33271 0.23374 -0.68144
-0.25676 -0.24998 0.70685
-0.48207 0.23374 -0.75341
-0.21871 0.16464 0.49938
0.02141 0.16464 0.08092
0.33331 -0.28453 -0.22313
-0.38356 0.16464 -0.74255
0.27700 -0.28453 0.59253
-0.03358 -0.28453 -0.14228
0.50108 -0.18722 -0.24657
-0.55088 0.17465 0.51766
0.50679 0.22942 0.27495
-0.44336 -0.00187 0.73885
0.20688 0.16464 0.03515
-0.48418 0.23374 0.56487
-0.04860 -0.28453 -0.26853
-0.06543 -0.28453 0.28298
-0.45256 -0.28453 -0.52314
0.14240 0.23857 -0.41001
-0.17413 -0.27853 -0.76068
-0.04053 0.20065 -0.76068
-0.07493 -0.12833 -0.73995
-0.30735 0.16464 0.18332
-0.31785 -0.28453 -0.24549
-0.00780 0.16464 -0.38678
0.50125 0.09554 0.62328
-0.12144 -0.05886 0.73885
0.41265 -0.26460 -0.76068
-0.53015 -0.01953 0.06214
-0.55088 0.02629 -0.68153
0.06118 0.23857 0.06576
-0.38329 -0.28453 0.05136
0.50125 -0.12730 -0.76068
-0.07244 0.16464 -0.30181
-0.50300 -0.24998 -0.37500
0.37988 0.16464 0.70940
0.48567 -0.07443 -0.77445
-0.07292 -0.28453 0.38780
-0.54914 -0.15586 -0.76068
0.49289 -0.24998 0.11127
-0.46009 0.23374 -0.57465
0.39488 0.23374 0.64943
-0.27791 -0.28453 -0.72201
0.55477 -0.22548 0.47156
-0.45227 0.16464 -0.57026
-0.53102 -0.18088 0.32890
-0.55088 -0.04588 0.75621
0.49632 0.22942 0.64149
-0.05529 0.23374 -0.58329
0.46581 0.02101 0.62138
0.41070 0.16464 0.56005
0.29903 0.16464 0.02081
-0.28521 0.23374 0.66674
-0.48177 -0.19093 -0.33406
0.28330 0.23374 -0.35767
0.03271 0.23374 -0.63732
0.47889 -0.19643 -0.76068
0.00409 -0.28453 -0.52193
-0.42986 -0.15355 -0.69158
-0.43660 0.06884 -0.73995
0.52190 -0.24998 -0.00740
0.09452 0.22942 0.70659
-0.30705 0.16464 -0.71112
-0.33220 0.16464 0.57253
0.23442 -0.28453 0.51348
0.53622 -0.18088 -0.53558
0.30323 -0.28453 -0.04443
-0.19309 0.22942 0.72137
-0.15861 -0.18088 -0.70105
0.52453 -0.26360 0.75959
-0.45509 0.00414 -0.76068
0.50640 0.02623 0.54104
0.55477 0.23031 0.43270
0.45825 -0.28453 -0.51235
-0.35333 0.16464 -0.15879
-0.29401 -0.28453 -0.00205
-0.53593 -0.18088 -0.67691
-0.46913 0.09554 0.69196
-0.40248 -0.20332 -0.69158
0.48567 -0.17978 0.55548
0.48567 -0.05055 0.73091
0.50640 -0.18083 0.48022
0.29116 0.16464 0.12455
-0.42799 -0.28453 0.17474
0.33151 0.09554 0.74613
0.44792 -0.28453 -0.19198
-0.53015 -0.11240 0.21255
0.55477 0.14522 0.27920
0.48567 -0.10458 0.29307
-0.20488 0.04319 0.75959
-0.02114 0.16464 0.42635
-0.32264 -0.28453 -0.06076
0.07165 -0.28453 -0.18102
-0.18456 -0.28453 0.56604
0.52987 -0.24998 -0.22783
0.48567 -0.21716 -0.20600
-0.01858 -0.28453 -0.07162
-0.55088 0.12101 0.32425
-0.05490 0.16464 -0.21474
-0.43107 0.16464 0.01617
-0.41267 -0.06434 0.67189
-0.43749 0.16464 -0.44085
0.48308 0.23374 -0.08698
0.10189 0.16464 0.24888
0.50530 0.09370 -0.76068
0.30260 0.06055 -0.76068
-0.51658 -0.28453 0.43130
-0.55088 -0.26261 -0.69328
-0.53015 0.04636 -0.37018
0.27514 0.16464 -0.49351
-0.48177 -0.02079 0.77226
0.34702 -0.28453 -0.27355
-0.34487 0.23374 -0.28912
0.48991 -0.18722 -0.43399
0.48567 -0.01612 0.66678
0.02457 0.16464 0.18675
-0.30150 -0.18088 0.73645
0.29065 0.27410 -0.03113
-0.46115 0.23374 0.27623
0.51540 0.16464 -0.49470
0.53405 0.16464 0.11229
0.25674 -0.28453 0.37451
0.45290 0.16464 0.63214
-0.48177 -0.13963 -0.62477
0.33921 -0.12555 0.75959
-0.48177 0.14458 0.68171
-0.55088 -0.19977 0.62271
-0.47314 -0.10541 0.73885
0.09141 -0.28453 0.22243
-0.04879 0.23857 0.08660
0.03208 0.16464 -0.74303
0.14846 0.23857 -0.00316
0.06361 -0.09285 0.73885
0.09683 0.23374 0.52266
0.20395 0.16464 -0.44065
-0.43266 -0.28453 -0.29728
-0.10441 0.00491 -0.73995
-0.49069 0.16464 -0.44681
0.48567 0.08566 -0.61460
0.00571 0.23857 -0.04984
-0.27153 -0.28453 -0.55536
-0.50667 0.22942 0.70775
0.22440 0.23374 0.41426
-0.21393 0.16464 -0.13204
0.12719 -0.24998 -0.73361
0.50640 0.03161 -0.26918
-0.17540 -0.10637 -0.76068
0.50640 0.05118 0.33251
-0.55088 0.06033 0.20904
-0.54897 0.16464 0.40779
0.50351 0.22942 -0.22022
-0.02682 -0.28453 0.48525
-0.47048 0.16464 0.16356
0.45712 0.01341 -0.73995
0.10672 -0.16879 0.73885
-0.22417 -0.28453 0.67707
-0.06565 0.16464 -0.37724
0.38562 0.04819 0.73885
-0.39876 0.23374 -0.44684
-0.32138 0.16464 -0.61934
0.27898 0.07684 0.75959
-0.55088 0.18477 0.74471
-0.49292 -0.28453 0.10378
0.34443 0.16464 -0.32347
0.54697 0.16464 0.67051
0.55477 -0.14644 -0.75532
-0.03646 0.23857 -0.38564
0.43059 -0.15543 0.69048
0.14822 0.03493 -0.73995
0.46418 -0.28453 0.67689
0.20786 0.14264 0.69048
0.12233 0.08651 -0.73995
-0.26911 -0.14406 -0.73995
0.55477 0.01690 0.73547
-0.54532 -0.24616 -0.76068
0.33522 0.23374 0.22224
-0.48177 -0.19462 -0.27487
-0.55088 -0.06921 -0.63332
0.49019 -0.28453 0.39082
-0.21252 0.16464 0.25086
0.50640 0.00447 0.34393
0.55477 -0.23838 -0.64629
0.25361 0.23374 0.22076
0.54715 0.16464 -0.17092
-0.55520 0.20566 0.30567
-0.51032 -0.28453 -0.50362
0.50640 -0.11821 0.54675
-0.09927 -0.28453 -0.20074
0.32360 0.16464 0.73249
0.52859 -0.28453 -0.09998
0.16328 0.23374 -0.53774
-0.54928 -0.05624 0.69048
0.54876 -0.24998 0.65331
0.33032 -0.28453 0.28065
0.20662 0.03564 -0.76068
0.48567 0.11771 0.45077
-0.41267 -0.19097 0.64654
0.50810 0.09554 0.36469
0.11834 -0.00610 0.73885
0.07899 0.23374 -0.45595
0.50640 -0.04873 -0.04955
-0.44578 -0.28453 0.27646
-0.14957 0.23857 -0.31164
-0.17906 0.09554 -0.74648
0.55522 0.21579 0.00566
-0.55088 -0.18286 0.70209
0.16827 -0.09617 -0.76068
0.48567 -0.15556 0.20285
-0.51939 0.16464 -0.32853
-0.22787 -0.28453 0.47369
-0.53015 -0.06617 0.19342
0.50640 -0.13336 -0.30770
0.55477 -0.24114 0.35520
-0.53015 0.05029 0.59830
-0.38068 0.23374 0.26936
0.55477 0.21300 0.25910
0.48709 -0.28453 0.00123
0.50655 -0.28453 -0.33741
0.27932 -0.28453 -0.25972
0.41861 0.16464 -0.49160
0.48567 0.15287 0.13027
0.50640 0.07316 0.29603
0.50640 -0.09687 0.71435
-0.11346 0.16464 -0.48665
0.32510 0.23374 0.10106
-0.43639 0.16464 -0.38033
-0.50434 0.13197 0.71305
0.55477 0.18452 -0.47216
0.50640 -0.07533 -0.71280
-0.18590 -0.28453 -0.40634
-0.31599 0.23374 0.62798
0.45469 0.10505 0.69048
-0.04539 -0.03390 0.73885
0.10833 0.16464 0.13683
-0.53015 0.05179 0.38934
0.18807 0.23374 0.67028
0.06566 -0.24070 0.69048
0.00687 -0.28453 -0.30929
-0.48248 -0.28453 -0.69350
0.23508 -0.28453 -0.12014
-0.53015 -0.07672 0.50309
-0.53015 -0.04802 -0.11867
0.24156 0.16464 -0.06731
-0.44883 0.16464 0.56416
-0.55088 -0.09101 -0.54564
0.32342 -0.28453 0.54950
0.33562 -0.28453 0.50054
-0.48191 0.09554 -0.61005
0.12418 0.23374 -0.62345
-0.17948 0.16464 -0.68993
0.43806 -0.28453 0.09009
-0.45434 0.16464 -0.15468
0.23298 0.09554 0.72639
0.42948 -0.24998 0.75117
0.17386 0.23857 0.16709
-0.53015 -0.01688 0.38332
-0.00796 0.23374 0.74349
0.55477 0.13682 -0.31225
0.00021 -0.24998 -0.72663
-0.53015 -0.01013 -0.21138
-0.23792 -0.28453 -0.66704
-0.38693 0.08554 0.73885
-0.51486 -0.28453 0.74384
-0.36174 -0.28453 0.34875
0.18381 -0.20814 -0.69158
0.04953 0.22942 -0.72269
0.50707 -0.18088 0.32442
0.55477 -0.07343 0.70325
0.40843 0.23374 0.75084
-0.23469 0.16464 -0.60954
-0.53015 0.08847 -0.18664
-0.55088 0.11949 -0.58632
0.12080 0.16464 0.70467
0.42296 -0.02494 -0.73995
0.43123 0.23094 -0.74352
0.41656 0.02362 -0.64922
0.43088 -0.28453 0.61550
-0.25911 -0.28453 0.33468
0.50640 0.04767 0.23608
-0.23209 0.23374 -0.07961
0.41995 0.23374 0.56061
-0.55088 0.13741 -0.53847
-0.18293 0.16464 0.40468
-0.49215 -0.24998 0.32441
-0.42750 -0.00680 -0.62247
-0.50465 0.16464 0.65325
0.04548 0.16464 0.34476
-0.55088 0.12344 0.61351
-0.40420 0.16464 -0.56663
-0.54174 -0.24872 0.78032
0.53665 0.22942 -0.69238
0.15695 -0.28453 0.39899
0.25904 -0.01434 -0.76068
0.50640 0.08200 0.52765
0.48567 0.13278 -0.19874
-0.08401 -0.28453 0.57927
0.02915 0.16464 0.70273
-0.07736 0.16464 -0.55353
-0.43716 -0.28453 0.66520
0.35491 -0.28453 0.67944
-0.55088 -0.09740 -0.44609
0.02170 0.08285 0.73885
0.48567 -0.02300 -0.23105
0.25087 -0.28453 -0.66646
0.44140 0.16464 0.38645
0.39524 0.16464 -0.58749
-0.22260 -0.28453 -0.58588
0.01892 0.23857 -0.29200
-0.43427 0.08317 0.75959
0.50424 0.19173 -0.76068
-0.06497 0.16464 -0.02424
-0.09865 0.16464 0.71498
0.55477 -0.23483 0.54955
0.51018 -0.18088 0.01295
-0.39101 0.16464 -0.32733
0.11378 -0.28453 0.31494
-0.51490 0.16464 -0.49457
0.40344 0.24886 0.03283
-0.54699 0.09554 -0.33715
0.48567 -0.11626 -0.49760
-0.39738 -0.28453 -0.34098
0.36679 -0.28453 -0.11034
0.45581 0.23374 -0.62922
0.51991 0.16464 -0.54991
0.38860 0.23374 -0.04936
0.27968 0.16464 0.50320
-0.47584 0.16464 0.24785
0.27925 -0.24740 -0.76068
-0.25969 0.18126 -0.76068
0.21845 0.22942 -0.71244
-0.48664 -0.28453 -0.01615
0.34449 0.00698 0.73885
0.15928 0.23857 -0.27407
-0.53127 0.22942 0.15519
-0.51304 0.13793 -0.72285
0.22605 0.05716 0.75959
0.25808 0.16464 0.29846
-0.25559 -0.01923 0.73885
-0.53015 -0.14850 0.64170
-0.19650 0.23857 -0.34705
-0.32065 0.09554 -0.71120
0.50640 0.04780 -0.48667
-0.41443 0.23374 0.11679
-0.41267 0.06259 -0.66737
-0.41188 0.23374 0.38921
-0.55088 0.11934 -0.46101
0.29338 -0.28453 0.71874
0.29430 0.23374 0.56101
0.01684 -0.28453 0.72032
-0.50501 0.09554 0.49921
-0.55088 0.02885 0.65256
0.50814 -0.24998 0.51588
0.25092 0.23374 -0.04419
-0.16179 -0.28453 -0.12786
0.04127 -0.18088 0.74994
0.55477 0.19055 -0.27298
0.34643 0.23374 -0.21160
0.40036 0.06277 -0.73995
0.52985 0.09554 -0.70045
0.50967 0.16464 0.43568
-0.41868 -0.28453 -0.05916
-0.15451 0.23374 0.69286
-0.50901 0.22942 0.42198
-0.02111 -0.04111 -0.76068
0.28289 0.16464 -0.38569
-0.46108 -0.18128 -0.62247
0.29082 0.23374 0.26610
0.08589 0.16464 -0.03670
0.03364 -0.28453 0.41461
0.19157 -0.28453 -0.53269
-0.51514 -0.28453 -0.74708
0.09152 0.23857 0.10979
0.48567 -0.06201 0.22941
-0.00173 -0.28453 -0.63641
0.53971 -0.28453 0.22002
0.43696 0.23374 -0.31015
-0.23046 -0.28453 0.24173
-0.53372 0.23035 0.07702
-0.30544 0.16464 0.73441
0.23231 0.16464 -0.36002
0.38713 0.16464 -0.38186
-0.13092 -0.28453 0.20626
0.06688 0.23857 -0.28316
0.48567 -0.22561 0.30520
-0.43700 -0.28453 -0.66881
-0.05922 0.23857 -0.34549
0.55477 -0.23491 -0.47972
-0.21592 0.16464 0.58531
-0.23066 0.16464 0.05848
-0.55088 -0.27907 0.63936
0.22043 0.23724 -0.08198
-0.53686 0.09554 -0.12489
0.02759 0.16464 -0.51382
-0.56046 -0.12192 0.69048
-0.53015 0.06151 0.52818
-0.51882 0.16464 -0.26690
-0.41019 -0.09315 -0.76068
-0.31943 0.08531 0.75959
0.30344 0.16464 0.17872
0.31236 -0.28453 0.23029
-0.45630 -0.18088 -0.71731
-0.54987 0.23374 -0.36864
-0.21428 0.00758 -0.76068
0.36699 0.23374 -0.53640
0.47998 -0.20897 -0.62247
0.20577 0.23857 0.26237
-0.23063 -0.28453 0.37362
-0.10391 0.23374 -0.44179
-0.00708 0.09809 -0.69158
-0.40545 -0.03480 -0.73995
-0.55088 0.22940 0.24551
-0.48177 0.13036 0.45985
0.15231 -0.18088 0.74100
0.45561 -0.11424 0.62138
-0.38950 0.16464 0.08258
-0.03573 0.23857 -0.20314
0.49298 0.16464 -0.24246
0.27275 0.16464 -0.23444
0.41059 -0.28453 -0.08574
-0.14768 -0.28453 0.65721
-0.41267 -0.18298 -0.64837
0.26607 -0.28453 0.11045
-0.23030 -0.18088 0.71726
-0.49996 -0.24998 0.16232
0.00394 -0.28453 0.14934
-0.53015 -0.00698 -0.34135
-0.55088 -0.21810 0.48985
0.15456 0.23374 0.75661
0.03661 0.16464 0.43369
-0.55088 -0.21501 -0.69651
0.54915 -0.28453 -0.50678
-0.52669 -0.24998 0.01437
0.02484 0.16464 -0.34964
-0.16141 0.16464 -0.42948
-0.26503 0.23374 -0.27600
-0.47484 -0.24998 0.65765
0.00506 0.23857 0.14636
0.49742 0.22942 0.42803
0.48567 0.04154 -0.41328
-0.06430 0.23374 0.54519
0.39585 -0.28453 -0.51121
-0.55088 -0.03525 -0.73435
-0.03830 0.23857 0.25504
-0.40872 -0.28453 -0.55593
-0.06117 -0.18088 -0.69179
0.40344 -0.28453 0.50075
-0.53015 -0.17863 -0.45326
0.47545 -0.05029 -0.73995
-0.48177 -0.24522 0.28076
0.38142 0.22942 -0.71450
-0.07504 -0.27835 0.75959
0.03133 -0.06144 0.73885
-0.27623 0.03114 -0.73995
-0.06823 0.16464 0.27330
0.05530 0.16464 -0.70448
0.33412 0.16464 0.49793
0.48567 -0.15927 -0.62433
-0.39859 -0.20658 0.69048
-0.14140 -0.28453 0.00356
-0.42434 0.08566 -0.62247
-0.55088 -0.01776 -0.48127
-0.31917 0.23374 -0.03142
-0.52538 -0.20994 0.75959
0.37751 -0.28453 0.62617
0.37876 0.23374 -0.15978
0.39954 0.23374 0.26726
0.11267 -0.16701 -0.73995
-0.19355 0.21480 -0.76068
0.23420 -0.28453 -0.34387
0.57550 0.05617 0.73871
-0.40049 0.16464 -0.07784
0.48567 0.03860 -0.17474
-0.01034 0.06995 -0.73995
-0.25234 0.16464 0.23012
0.52768 0.09554 -0.03759
0.55077 0.23374 -0.57563
0.48567 -0.16707 0.73339
0.31599 0.23374 -0.63070
0.18026 0.16464 0.36596
-0.10058 0.16464 0.19008
0.37433 -0.28453 0.04429
0.42218 -0.19998 0.69048
-0.48177 -0.18212 -0.01175
-0.17463 0.23857 -0.00813
-0.48177 -0.21037 0.19558
-0.08029 0.23857 0.30824
-0.24444 0.22942 -0.69549
0.00264 0.16464 -0.70415
-0.42343 0.16464 -0.48394
-0.27874 0.16464 0.64325
0.55477 -0.23116 0.30091
-0.28320 0.16464 -0.00593
0.31012 0.16464 0.67184
-0.55088 0.21736 0.62418
0.48567 -0.08289 -0.41272
0.16373 0.16464 -0.09969
-0.52955 -0.24998 -0.28354
0.51229 0.16464 0.55642
-0.35798 -0.28453 0.28635
0.56561 0.01464 0.78032
-0.40839 -0.28453 0.39786
-0.39491 0.16464 0.41735
0.29740 0.21474 0.75959
0.37414 -0.13461 -0.76068
-0.46552 -0.28453 0.44456
0.26844 -0.14146 0.73885
0.30448 0.23618 -0.06443
-0.55064 0.16464 -0.67427
-0.01480 0.09554 0.73053
-0.55088 -0.27174 -0.60625
0.47561 0.16464 0.72736
0.17512 0.16464 -0.02396
-0.28560 0.23374 0.29945
0.50640 -0.02339 0.04125
0.22766 -0.28453 0.41020
-0.24619 -0.07121 -0.76068
0.17113 0.16464 -0.53279
0.19750 -0.05847 0.75959
-0.55088 -0.17508 -0.12455
0.07390 0.23857 0.35514
-0.02398 -0.09866 0.73885
-0.55088 -0.24587 0.06848
0.48567 0.08182 -0.09235
-0.48177 -0.24674 0.06316
-0.04777 0.16464 -0.66298
-0.41117 0.23374 0.30050
-0.41685 0.23374 -0.56926
-0.06839 0.16464 0.40819
0.44670 -0.28453 -0.67664
-0.52314 0.22942 -0.25790
0.07962 0.23374 -0.61924
0.19602 -0.28453 -0.60783
0.16997 -0.28453 -0.28430
-0.49317 -0.28453 -0.35057
0.50488 -0.18088 0.16084
0.30661 0.23374 0.31860
-0.52186 0.09554 -0.43514
0.49502 -0.18722 -0.14186
0.50640 -0.08832 0.46507
-0.20550 -0.28453 0.17469
0.46348 0.22748 0.75959
0.10436 0.23857 -0.35149
0.42469 -0.28453 0.70096
0.52335 -0.28277 -0.76068
-0.38238 0.23374 -0.10600
-0.23215 -0.28453 -0.11051
0.30572 0.23374 0.04445
-0.26174 0.23374 -0.44800
0.18089 -0.28453 -0.38597
-0.41267 -0.02261 0.66090
-0.43367 -0.09715 0.69048
0.27338 0.23374 -0.31567
-0.07715 -0.28453 0.34486
-0.49808 -0.18088 0.59733
0.17165 0.02244 0.73885
-0.17234 0.16464 -0.28613
0.55477 0.15913 0.33819
-0.08499 -0.28453 -0.49954
-0.04551 0.14772 -0.76068
-0.35421 -0.15249 0.73885
0.53746 0.10520 0.75959
-0.06230 -0.28453 -0.57324
-0.48177 -0.17692 0.74340
-0.55088 -0.02021 -0.57724
0.52722 0.09554 -0.31371
0.16488 0.12863 -0.69158
0.06974 0.16464 -0.17821
0.52368 -0.18088 0.43688
-0.13307 0.16464 0.54772
-0.55088 0.04250 0.56064
-0.21349 -0.16038 -0.76068
0.04437 -0.24728 -0.69158
0.31566 -0.08829 -0.76068
0.22115 -0.08740 -0.73995
0.17956 -0.28453 -0.46568
-0.23028 0.23374 0.08482
-0.16483 0.23857 0.31934
0.16979 0.23374 0.45828
-0.55088 -0.16935 -0.16701
0.15559 0.16464 -0.40613
0.49770 0.09554 -0.50977
0.50640 0.07121 -0.19703
0.48567 0.13664 0.65210
-0.29197 -0.01050 0.75959
0.00776 -0.06490 -0.73995
0.48567 -0.05249 -0.10191
-0.39922 -0.28453 0.20631
-0.21272 0.16464 -0.50061
-0.53015 -0.02458 0.57845
0.55277 -0.18088 -0.69215
-0.39926 0.16464 0.26362
-0.57161 0.08236 0.76688
0.46490 0.16464 0.21650
0.50640 0.03071 -0.59222
0.05523 0.23374 -0.52023
0.38407 -0.21151 0.75959
0.42269 0.23374 -0.46984
-0.24480 0.16464 0.10134
-0.05612 0.00436 0.75959
0.10120 -0.28453 -0.43472
-0.53015 -0.00244 -0.28933
-0.38081 -0.28453 0.16563
-0.55088 0.07587 0.32959
-0.53015 -0.15985 -0.24582
0.37695 0.16464 -0.07132
0.27267 0.13682 0.69048
-0.53015 -0.03484 -0.61943
0.17151 -0.28453 0.71545
0.00924 0.16464 0.13544
-0.10918 -0.28453 0.53302
-0.51209 0.22942 -0.43767
-0.53015 0.07511 0.17368
-0.39237 -0.13080 0.75959
0.16866 -0.28453 0.01009
0.48567 -0.01992 0.75565
0.53850 0.09554 -0.13610
-0.48177 -0.02787 -0.74294
-0.38246 0.22942 -0.73673
0.55477 -0.25055 -0.72389
0.12131 0.16464 0.52756
-0.53015 0.01090 0.27420
-0.55088 -0.12377 0.17756
0.18718 0.20237 -0.76068
0.54340 -0.28453 -0.20078
-0.28595 -0.28453 0.67828
-0.55088 -0.17484 -0.28295
-0.53015 0.03717 0.47800
-0.14956 0.16464 -0.34696
0.48567 0.04045 -0.35277
-0.47697 0.23374 0.65117
0.13578 0.16464 0.42997
0.17089 -0.28453 0.08445
-0.02264 0.16464 -0.49131
-0.21360 -0.24998 -0.74786
-0.13122 0.23857 -0.40127
0.45118 0.16464 0.10912
-0.55088 -0.10546 -0.14550
-0.00977 0.16464 0.52028
0.55477 0.23335 0.47616
-0.53015 -0.03280 0.13610
-0.20169 -0.28453 -0.45262
-0.35631 -0.13737 -0.73995
-0.50928 -0.28453 0.06506
0.04934 -0.28453 0.21706
-0.24143 -0.12969 0.73885
0.35758 0.23374 0.18461
-0.34654 -0.28453 -0.19710
0.22603 -0.08131 0.73885
0.55477 0.17542 -0.62427
0.13622 -0.04861 0.73885
-0.55088 0.00957 -0.02039
0.49186 0.16464 0.04032
-0.26915 -0.19637 0.69048
0.11150 -0.28018 -0.76068
0.48045 0.23374 -0.48497
0.11829 0.23857 0.06802
-0.48177 0.13463 -0.14454
0.38561 -0.28453 0.31015
-0.43166 0.23374 0.57267
-0.55088 0.19311 0.20797
0.56243 -0.28453 0.74117
0.50583 -0.18088 -0.34724
0.50974 -0.18088 -0.06150
0.54997 0.10671 -0.75588
0.41656 0.13524 -0.69054
0.51223 -0.24998 -0.26577
-0.53226 0.16464 -0.09760
0.23704 0.16464 0.06649
0.13496 0.22942 0.69608
0.49779 -0.28453 0.47168
-0.50953 -0.24066 0.71824
0.46401 -0.13771 0.75959
0.54255 0.16464 0.21393
