-0.12897 -0.04072 0.22937
-0.10556 0.04380 0.23065
-0.91894 0.08328 -0.01271
-0.85143 0.06561 -0.05390
0.36431 0.01570 -0.18794
-0.14483 0.01756 -0.18679
0.30856 -0.06551 0.20818
-0.46454 0.07608 0.03513
0.14150 0.07444 0.00550
0.12288 -0.08462 -0.06999
-0.25940 -0.06980 0.02085
0.34722 0.07444 0.09226
-0.10247 0.07444 0.01721
0.05647 0.07444 0.02851
0.13443 0.03633 -0.21436
0.44229 -0.08462 0.00737
0.09338 -0.05017 0.16962
-0.67016 0.08328 0.01380
-0.13269 -0.08462 -0.14283
-0.03272 0.07444 -0.08587
-0.04670 -0.08462 0.05056
-0.29327 0.07444 -0.03611
0.44277 0.07390 -0.01580
0.20480 -0.08462 0.07439
-0.06198 0.07444 0.19243
0.25270 0.07444 -0.11023
0.29255 -0.08462 -0.09158
0.22447 0.07444 0.21259
-0.16209 0.03735 0.09401
0.21959 -0.06511 -0.23975
0.00300 -0.05789 -0.16670
-0.83348 0.07555 0.09393
-0.15744 0.07444 -0.11831
0.40959 -0.01115 0.11816
-0.23679 -0.00938 -0.10404
-0.06609 -0.08462 0.15967
0.16712 0.07444 -0.17302
0.38491 0.07444 -0.09970
-0.56437 0.07832 -0.04188
0.10491 0.07444 0.15700
0.41867 -0.04075 -0.10431
0.34980 -0.08462 0.09529
0.44290 0.03613 0.00671
0.28186 0.07444 -0.02136
0.08176 -0.08462 0.07497
0.00433 -0.00506 0.18032
0.19550 -0.06310 0.21548
-0.15172 -0.08462 -0.02146
0.22508 0.08328 0.09072
0.28610 0.07438 -0.23172
0.06226 0.07444 -0.03224
-0.01138 -0.08462 -0.06909
0.11669 -0.08462 -0.18857
-0.87801 0.07334 0.08667
0.35348 0.07441 0.19098
-0.75866 0.06561 0.00553
-0.93748 0.07334 0.08680
-0.16074 -0.08462 0.07977
-0.14240 0.06256 0.16119
-0.34116 0.08328 0.02748
0.04478 0.07444 -0.15588
-0.08161 0.07444 -0.08413
0.31252 -0.08462 -0.19382
-0.20632 0.08328 0.01700
0.03542 0.07665 0.13899
-0.06990 0.07665 0.09059
-0.08703 -0.08462 -0.19242
0.20210 -0.08462 -0.05704
-0.25715 -0.01672 0.00396
0.29480 -0.08462 -0.00134
-0.22835 -0.08462 -0.06455
0.12915 -0.08462 0.16142
0.19543 0.07644 -0.06893
0.21417 -0.08462 -0.14675
-0.02740 0.03741 -0.17014
-0.92184 0.07334 -0.09383
0.37273 0.07444 0.02266
0.16455 0.02126 0.19967
-0.14062 -0.07917 0.15293
-0.03525 0.07444 0.08896
-0.99473 0.07021 0.01623
0.13935 0.07665 0.08949
0.25234 -0.08462 0.16902
0.38014 -0.08462 -0.06720
0.21362 0.01703 -0.23472
-0.21729 -0.01802 0.07995
0.29669 0.01177 0.21674
0.04274 -0.08462 -0.01445
-0.81179 0.08328 -0.00198
-0.13978 -0.01375 0.14836
0.28496 -0.00983 -0.22746
0.29044 0.07444 0.16451
-0.41552 0.07444 -0.03577
-0.77472 0.06561 -0.04543
0.14759 0.07444 -0.08707
0.12550 -0.08462 0.02268
-0.16213 0.07444 -0.09307
0.37742 -0.07593 0.17222
0.02746 -0.08462 0.15382
0.25285 -0.00271 0.22485
0.19980 -0.04469 -0.23306
0.43109 0.06140 0.07779
-0.23581 0.05154 0.06861
0.43531 -0.07381 0.06427
-0.39897 0.08276 -0.04418
-0.11263 0.07444 -0.16214
-0.24160 0.07444 -0.08446
0.04821 -0.08462 -0.12161
0.38330 -0.07442 -0.16471
-0.87296 0.07524 -0.10130
-0.11581 0.07444 0.14933
-0.17320 -0.04563 -0.16669
-0.58577 0.07607 0.03344
0.10047 -0.01630 -0.18854
0.00809 -0.08462 0.10950
0.35165 0.07444 -0.16198
0.01527 -0.02575 0.17640
-0.98917 0.07078 -0.03857
-0.06161 -0.04495 0.21699
-0.03363 -0.08462 -0.12212
0.21673 0.07444 -0.21470
0.44356 -0.02854 0.00177
0.18352 0.07444 0.15572
0.35985 -0.01358 0.18155
0.35377 0.07444 -0.03871
0.38224 0.07444 0.12171
-0.19624 0.02502 -0.14891
0.43558 0.02837 -0.07034
0.36182 -0.08462 0.01537
-0.10808 -0.01299 -0.19085
0.27123 -0.08462 0.09308
0.26728 0.07444 0.08945
-0.07752 -0.08462 -0.02093
0.22881 0.07444 0.01532
-0.88796 0.08328 0.00785
-0.12782 0.03490 0.22543
0.22045 -0.08462 0.00615
0.15123 -0.05968 0.19236
-0.17922 -0.08462 -0.12224
-0.09820 -0.08462 0.19511
-0.15275 0.08328 -0.02983
0.32325 -0.08462 -0.02453
0.09157 0.02759 0.16931
0.01639 -0.08462 0.03512
-0.15134 0.07444 0.06395
-0.49272 0.08328 -0.03612
0.18085 -0.08462 -0.16230
-0.84941 0.08328 0.02037
-0.77266 0.07351 0.03760
0.40889 0.02105 -0.13950
-0.13974 -0.05687 0.14814
-0.11237 -0.08462 0.03161
0.03222 0.00478 -0.17238
-0.27081 0.07444 0.01556
-0.21501 -0.08462 0.03162
0.33216 0.05871 -0.21115
-0.07313 0.07444 -0.17209
0.43182 -0.08462 0.04641
0.44030 -0.03346 -0.03458
0.05513 -0.08462 -0.05922
0.09942 0.07444 -0.08285
0.19606 -0.01250 0.21098
0.40757 -0.07898 0.12304
0.17702 -0.08462 0.14138
-0.08724 -0.08462 -0.09096
-0.63209 0.07444 -0.03175
-0.69438 0.07147 0.02074
-0.03883 0.03986 0.20875
-0.40419 0.07444 0.00729
0.13172 -0.08462 0.09068
0.24929 -0.08462 -0.19425
-0.95341 0.09419 0.03569
-0.04660 -0.01495 -0.17500
0.33062 0.07444 0.01997
-0.52274 0.07444 0.02138
-0.71880 0.08328 -0.03240
-0.21688 0.05811 -0.13383
-0.00542 -0.08368 0.18923
0.07876 -0.08462 0.13660
-0.09792 -0.08462 -0.15933
0.02978 0.04963 0.17259
0.35854 -0.04500 -0.19301
0.34899 -0.08462 -0.12621
0.28165 0.07444 0.21094
0.09414 0.07444 -0.18820
-0.10808 0.07444 0.23178
0.43803 -0.01687 0.04366
0.31554 -0.08462 0.14914
-0.82632 0.08328 -0.02803
-0.10735 -0.08462 0.09504
0.24729 -0.07766 0.22494
-0.03289 -0.08462 -0.01248
-0.13156 -0.08462 -0.08523
0.04307 0.07444 -0.09363
-0.19674 -0.03116 -0.15425
0.29013 -0.01104 0.21891
-0.16104 -0.03059 0.10015
0.16623 0.00454 -0.22437
-0.25059 -0.05327 -0.07068
0.13757 -0.04677 -0.21604
-0.20110 0.07444 -0.04159
0.09378 0.07665 0.08914
-0.25771 0.01799 -0.04169
0.29720 0.07444 -0.08340
-0.14484 0.03241 0.11647
-0.11865 0.07444 0.20389
0.15446 -0.08462 -0.07950
0.43051 -0.08460 -0.07490
0.29103 0.07444 -0.17138
-0.01873 0.07444 0.15472
0.11227 -0.08462 -0.13688
-0.91892 0.08328 -0.05210
0.38124 0.07444 0.04675
0.23683 0.08106 -0.04375
0.32437 0.07444 -0.10847
-0.04499 0.07444 -0.15089
-0.15141 -0.00360 0.19340
0.40140 0.07444 -0.02620
-0.23958 -0.07246 0.07106
0.23819 0.00295 -0.23547
0.27534 -0.06502 -0.23026
0.39909 0.03914 0.13968
0.32752 -0.04656 -0.21394
-0.68709 0.08038 -0.04018
0.26870 -0.08462 0.04146
0.14462 -0.08462 -0.01866
0.38510 -0.08462 0.06830
0.34499 0.02020 0.19082
0.21886 0.07444 -0.15900
-0.09802 0.04074 -0.19527
-0.22286 -0.06075 -0.11907
0.24249 0.07444 0.16013
0.37922 -0.06039 0.16393
0.26516 -0.08462 -0.13978
-0.44756 0.07444 -0.00899
0.41163 -0.08462 -0.10646
0.18068 0.07444 -0.02513
0.06690 -0.05663 -0.17497
0.16914 0.07444 0.09771
-0.13399 -0.06644 -0.19082
-0.09157 0.00092 0.22985
0.04601 0.07665 0.07841
-0.25932 0.03320 0.02139
0.06635 0.02333 -0.17937
-0.03871 -0.08462 0.10372
-0.15891 0.08328 0.00869
-0.05602 -0.05485 -0.17924
0.11503 0.07444 -0.14795
0.43515 0.00726 0.06550
-0.16696 0.07444 -0.16995
0.39853 -0.08462 -0.00735
0.12848 -0.00631 0.17795
-0.25772 -0.07473 -0.00772
0.16868 -0.08462 0.02711
-0.25068 -0.02004 0.04337
0.26841 -0.08462 -0.04499
-0.92411 0.06561 0.03390
-0.15864 -0.08462 0.01741
0.17323 0.06454 -0.23119
0.15009 0.07402 0.19180
0.26363 0.03751 0.21967
-0.07345 0.07444 0.13142
0.05964 -0.01678 0.17270
-0.19857 0.07444 -0.08013
0.43285 0.07410 -0.08165
-0.89104 0.08770 -0.03921
0.06504 -0.08462 0.03882
-0.08726 -0.08462 0.22674
-0.20955 -0.08462 -0.01622
-0.18848 0.00295 -0.16127
0.11977 0.07485 0.13366
-0.10398 0.07444 -0.03596
0.18148 -0.08462 -0.21621
0.17490 0.07444 0.04743
0.28594 0.02200 -0.22716
-0.19514 0.07444 0.06028
0.01189 -0.08462 -0.14962
-0.72532 0.06761 0.02386
-0.34137 0.07646 -0.04497
-0.23858 0.08328 -0.01234
-0.95369 0.08328 -0.00587
0.31701 -0.08462 0.04365
0.40471 -0.02946 -0.14737
0.21933 -0.08462 0.13043
-0.15011 -0.07667 0.20307
0.33478 0.07444 0.13986
0.21263 0.01990 0.21626
0.11639 0.07444 0.04276
0.26504 -0.05635 0.22398
-0.01786 0.05617 0.19054
0.09099 -0.08462 -0.03941
-0.81154 0.08328 0.04385
-0.13724 0.03415 0.15902
0.20927 -0.08462 -0.10131
0.09893 0.07444 -0.01377
0.35774 -0.08462 0.13727
0.38369 0.05471 -0.16427
-0.14782 -0.02276 0.19186
0.22591 0.08328 -0.09756
0.39234 0.01453 0.15573
0.36270 -0.08366 -0.18936
0.43293 0.07444 0.02987
-0.04580 -0.00216 0.21317
-0.11343 0.07444 0.09579
-0.01379 -0.08462 0.01962
0.14965 0.07444 -0.03354
-0.04583 -0.08441 0.20798
0.44309 0.00695 0.00532
0.28931 -0.08462 0.19586
0.21016 0.07741 -0.11012
0.21941 0.08651 0.04370
-0.10152 -0.04009 0.23463
-0.23779 0.02939 -0.09003
-0.14873 0.07444 -0.15048
0.32641 0.00423 -0.20951
-0.90056 0.07939 -0.06652
-0.33253 0.08328 -0.00275
0.31264 0.07444 0.07420
-0.25460 -0.08220 -0.03148
-0.00944 -0.01184 -0.17217
0.42716 0.07444 0.00999
0.34437 0.07444 -0.06875
0.01111 0.04411 -0.17117
-0.83440 0.07334 -0.09939
-0.03686 -0.08462 -0.16075
-0.61362 0.07444 0.00388
-0.20895 -0.06855 0.08192
-0.17294 -0.08462 0.04234
0.03652 -0.08462 0.11370
-0.02649 -0.08462 0.17566
0.20735 -0.08462 0.18355
-0.03465 -0.01708 0.20065
-0.11325 -0.08462 -0.04750
-0.11776 0.07444 0.05056
-0.24338 0.01280 0.06673
-0.00969 -0.08462 0.06425
0.29731 -0.08462 -0.15762
0.11825 -0.05087 -0.20399
0.42542 -0.00387 -0.09958
-0.24985 0.00078 -0.06090
0.39917 -0.04946 0.13957
0.15121 -0.08462 0.05981
-0.13290 -0.08462 0.20853
0.07279 0.07444 -0.13495
0.31859 0.04839 0.20388
0.26732 0.07444 -0.06529
0.25368 0.07444 -0.19578
0.28747 0.07444 0.03496
0.41406 0.05316 -0.11543
-0.85976 0.08328 0.05565
0.10699 -0.08462 0.03910
0.25443 0.07444 0.04383
-0.05062 -0.08462 -0.04666
0.13263 0.07444 -0.13231
0.15901 -0.08462 -0.12352
0.18626 0.07362 0.20683
-0.18922 -0.08462 -0.07165
-0.78295 0.06561 -0.00593
-0.13624 -0.02330 -0.18540
0.42145 -0.08462 -0.04080
0.32658 -0.01786 0.20525
0.34496 -0.08462 -0.02442
-0.16946 0.07444 0.09116
0.19062 0.07444 0.01178
0.26847 -0.08462 0.13681
0.24511 -0.08462 -0.08742
-0.23680 0.07444 0.03382
0.33168 -0.08462 -0.08708
0.10656 0.00850 -0.19705
0.09070 -0.08462 -0.09867
0.43995 0.00498 -0.03719
0.33089 -0.08462 0.16249
0.24012 0.07444 0.11618
0.01029 0.07444 -0.13327
0.13486 -0.08462 -0.05875
0.42003 -0.04374 0.10449
-0.94905 0.06561 -0.05688
0.39186 0.07444 -0.06483
0.41811 0.02354 0.09758
-0.17406 0.08328 0.03203
0.34164 -0.04150 0.19764
-0.05016 -0.08462 0.13415
0.38460 -0.04398 -0.16325
0.12670 0.04711 0.17737
-0.80545 0.06561 0.02390
-0.14013 -0.08462 0.11280
0.00853 0.07665 0.10107
0.39636 0.07444 0.08563
0.01959 -0.08462 -0.08445
0.32920 -0.01958 -0.20782
0.04486 -0.08300 -0.16961
0.26084 -0.03775 -0.23315
-0.29864 0.08328 0.01824
-0.86724 0.06561 -0.01079
-0.25679 0.04398 -0.01478
-0.06685 -0.08462 -0.08792
0.31920 -0.08462 0.09764
0.12091 -0.04911 0.17548
0.04882 -0.05429 0.17394
0.21875 -0.08462 -0.18436
0.25443 -0.08462 0.01751
0.23345 -0.02807 0.21987
0.24393 0.05956 -0.23506
-0.21116 0.03201 0.08602
-0.25566 0.08298 -0.04617
0.20737 -0.08462 0.04428
0.20244 -0.00317 -0.23802
0.17448 -0.08462 0.17939
0.30797 0.07444 0.11386
0.17823 0.07444 -0.13251
-0.09156 -0.08462 0.15448
-0.89082 0.06561 0.03704
-0.16560 0.04752 -0.17131
0.44427 -0.04882 -0.00445
0.40467 -0.08462 0.09244
0.00168 -0.08462 -0.11321
0.03700 -0.03166 -0.16856
-0.00606 -0.04288 0.18949
0.17216 -0.08462 0.09949
-0.12384 -0.00194 0.22742
-0.55579 0.07444 0.00920
-0.38912 0.07444 0.02877
-0.19583 -0.07737 -0.15503
-0.17143 -0.08462 -0.04762
-0.36780 0.08328 -0.01448
-0.14247 0.06923 0.12004
-0.92224 0.06561 0.01195
0.34002 -0.08462 0.19671
0.23126 -0.08462 -0.03216
-0.01500 -0.08462 0.14397
-0.49148 0.07444 0.00898
0.23326 -0.08462 0.10017
-0.07597 -0.08462 0.05543
-0.09047 0.07444 0.05581
0.07137 0.07444 0.15483
0.38085 0.07218 0.16223
0.16264 -0.02038 -0.22768
-0.06442 0.04935 -0.18325
0.13867 -0.08462 0.12626
0.12878 0.07444 -0.19389
-0.14774 0.03121 0.19332
0.00701 0.07444 0.16786
-0.13983 -0.02989 0.12765
-0.42655 0.08281 0.03566
-0.05842 -0.08462 0.01261
0.00336 -0.08462 -0.01927
0.17610 -0.08462 -0.02909
-0.83893 0.06561 -0.00021
0.00652 0.07444 -0.07723
-0.58853 0.08328 -0.01578
-0.07749 -0.08462 0.10687
0.11822 -0.08462 0.13990
0.36198 0.04594 -0.18409
-0.52571 0.08328 -0.03152
0.35158 -0.08462 0.05345
0.14622 -0.08462 -0.16174
0.08272 -0.08462 -0.15501
-0.80687 0.08328 -0.05956
0.44177 0.03826 -0.02342
-0.25830 -0.03535 -0.03720
0.19543 0.08030 0.06536
-0.07776 0.07444 -0.12292
0.38126 0.07444 -0.13604
0.26762 0.07444 0.01563
0.27885 -0.08462 -0.20832
-0.80945 0.07198 0.06364
-0.44535 0.08328 -0.04160
-0.42731 0.07444 0.01492
0.04495 -0.08462 0.06966
-0.07306 0.02961 0.22251
-0.95295 0.09654 -0.03933
-0.74132 0.07778 -0.01125
0.31784 0.07444 -0.01670
0.06758 -0.07048 0.17254
0.09124 -0.00151 0.16925
0.14173 0.07444 -0.21342
0.37905 -0.08462 -0.02698
-0.03845 0.07444 0.20563
0.04961 0.03481 0.17385
-0.09708 -0.08462 -0.12171
0.09156 -0.08462 0.16810
0.28818 -0.08462 0.06505
-0.85830 0.08328 -0.03658
0.38843 -0.08462 -0.13323
0.24418 0.07444 -0.07699
-0.12974 -0.08462 0.05883
0.30166 -0.08462 -0.05425
0.15795 -0.00514 0.19074
0.43055 -0.04250 -0.07465
0.03363 -0.08462 0.00862
0.16940 -0.03158 0.20288
0.33177 0.07444 -0.18291
-0.19050 0.07444 -0.13691
0.09621 -0.08462 -0.00032
-0.15961 -0.01258 -0.17987
0.21769 0.08328 -0.01939
-0.37262 0.08328 0.01715
-0.10855 -0.08462 -0.00024
-0.24139 -0.03682 -0.09291
-0.09577 0.07444 -0.18912
0.27189 0.07444 0.18557
0.01062 -0.08462 -0.04824
-0.25235 -0.05132 0.05138
-0.21125 -0.08462 -0.10602
0.29569 -0.08462 0.10758
0.34679 0.07444 0.05524
0.38682 -0.01854 0.15570
0.19489 0.04425 0.21525
0.43373 0.05261 0.04246
-0.00689 0.07665 0.12989
-0.70600 0.07002 0.00343
0.41475 0.07195 0.11726
-0.13859 0.05023 -0.18454
-0.12605 0.07444 -0.09415
-0.25507 0.05204 -0.05984
-0.22356 0.02142 -0.12567
0.10082 -0.08462 0.11057
0.21038 0.07444 0.11632
0.24446 -0.08462 0.07077
-0.06854 0.06476 0.22531
-0.14633 -0.08462 -0.10679
-0.09332 -0.04964 -0.19497
0.10517 -0.08462 0.07211
-0.01256 0.06940 -0.17255
0.05542 -0.08462 -0.08633
-0.06583 -0.08462 -0.16103
-0.16659 0.00432 0.09650
0.07638 -0.08462 0.00438
-0.11250 -0.08006 0.23439
0.26138 0.07444 0.14607
0.20194 0.04858 -0.23349
0.10765 0.07665 0.07061
-0.73982 0.08770 0.00561
-0.11748 0.07444 -0.12749
-0.18256 0.07444 -0.00266
-0.02143 0.00767 0.19782
0.18512 -0.08462 -0.00272
0.40902 -0.08462 -0.05697
0.41559 -0.05868 -0.12332
0.14246 -0.08462 -0.20724
-0.11245 0.01326 -0.19501
-0.63080 0.07603 0.03282
0.35279 -0.06219 0.18614
0.30919 0.07444 -0.20976
0.23682 -0.08462 -0.22356
0.26176 0.03434 -0.23297
0.31723 0.07444 -0.15612
-0.10537 0.07444 -0.00364
0.25729 0.07444 -0.14174
0.15077 0.07444 0.13862
0.24014 -0.08462 -0.14802
-0.63744 0.07444 -0.00692
-0.14700 0.08328 0.03685
0.37555 0.04198 0.17418
0.20137 -0.08462 -0.22198
0.21121 0.07444 0.17485
0.07495 0.07665 0.11820
0.03929 0.04031 -0.17333
-0.94872 0.06561 0.05635
-0.12385 -0.08462 -0.18223
0.43315 0.05424 -0.05492
-0.47088 0.07444 -0.00318
-0.06179 0.07444 0.15872
0.42073 -0.01259 0.09125
0.36954 -0.08462 -0.10017
-0.10444 -0.08462 0.13294
-0.21706 -0.02557 -0.13361
0.06395 0.05462 -0.17874
0.10414 0.04094 -0.19569
0.38924 -0.08462 0.03704
0.12331 -0.08462 -0.10411
-0.28573 0.07444 -0.00565
-0.06101 -0.01028 0.22168
-0.95950 0.06561 -0.02390
0.13489 -0.00167 -0.20959
0.11383 -0.08462 -0.03114
0.43832 0.03252 0.04145
0.15943 0.04023 -0.22634
0.10459 0.07444 -0.04928
0.43573 -0.04856 0.02730
-0.16643 -0.06626 0.09659
-0.18118 -0.00947 0.08525
-0.39909 0.07444 -0.02302
0.44079 -0.06685 -0.03082
-0.16556 -0.08462 -0.15855
0.33441 0.07444 0.18144
0.23724 0.03388 0.22012
-0.07660 -0.00788 -0.18738
-0.24279 -0.08462 0.01142
-0.20536 0.07023 0.08654
-0.23931 -0.07202 -0.08636
0.22617 -0.06657 0.22334
0.16911 -0.06593 -0.22993
0.33026 -0.08462 -0.16831
-0.04450 0.01343 -0.17903
-0.14776 0.05938 0.20929
0.29569 -0.04202 0.21707
-0.15188 0.07444 -0.06254
0.28326 -0.08462 0.15927
0.09760 -0.05791 -0.18693
0.32876 -0.08462 0.01505
0.34195 0.07444 -0.13278
0.39572 0.00068 -0.15743
0.01963 -0.08462 0.07866
0.31538 0.03030 -0.21541
0.01463 -0.06110 0.17657
-0.25860 0.00608 0.02693
0.18728 -0.08450 0.21218
-0.04946 0.07444 -0.11912
-0.89566 0.06561 -0.00305
-0.59832 0.07768 -0.04141
0.30042 0.05255 -0.22687
0.31784 -0.08462 -0.11766
0.28939 -0.08462 -0.02945
-0.23787 0.07444 0.00775
0.17921 0.00718 0.20841
0.27271 -0.08462 -0.17614
-0.15965 -0.07179 -0.17475
0.10718 0.07444 -0.11634
0.05801 -0.08462 -0.02916
-0.04268 0.07665 0.12341
0.35030 0.04513 0.19301
-0.20064 -0.08462 0.06005
-0.96537 0.06561 0.02890
-0.13325 0.07444 0.02138
-0.04337 -0.08462 -0.06963
0.42597 0.03088 -0.09826
0.37408 0.07444 0.00017
-0.13275 -0.08462 -0.00138
0.42628 -0.08462 -0.00880
0.06572 0.07444 -0.07083
-0.98585 0.08328 -0.00526
-0.79523 0.08328 0.01414
0.43542 -0.00887 -0.07160
-0.88797 0.08328 -0.01343
-0.77051 0.08328 -0.02335
-0.02830 -0.05539 -0.17037
-0.89554 0.08328 0.05475
0.07113 -0.01067 -0.18064
-0.07459 0.01930 -0.18681
-0.21062 0.07444 -0.01266
0.21611 0.00350 0.22150
-0.21075 -0.05506 -0.14076
-0.18675 -0.08462 0.00392
0.40259 -0.07754 -0.14309
0.02821 0.01436 0.17759
-0.03955 0.07444 0.17876
0.29406 0.03589 0.21761
0.36289 -0.01100 -0.18918
0.06010 0.06003 0.17265
-0.66513 0.07444 -0.01374
0.41383 -0.00416 -0.12756
-0.80365 0.06561 -0.00919
-0.26142 0.01073 -0.01343
-0.03457 -0.05483 0.20586
-0.01797 0.07444 -0.11308
-0.15131 0.07264 0.18850
-0.18777 -0.04614 0.08359
0.28246 -0.07502 0.22089
-0.08958 0.07444 0.19346
0.18800 0.07444 -0.20335
0.24094 -0.08462 -0.11220
-0.92460 0.06561 -0.03538
-0.14896 -0.06199 0.17400
0.20869 0.09003 0.00241
0.11602 0.07665 0.10898
-0.51688 0.07444 -0.00802
0.16573 0.07444 0.07418
-0.25614 0.05921 0.04047
0.25536 -0.08462 -0.01171
0.23662 -0.08462 0.19869
-0.14492 -0.08462 0.03441
0.22808 -0.03677 -0.23547
-0.10532 -0.00702 0.23465
0.43814 -0.05847 -0.05095
-0.17414 0.07444 -0.03790
-0.71940 0.06835 -0.01495
-0.93691 0.08328 0.04139
-0.20861 -0.00625 -0.13663
0.13077 0.07444 0.16990
0.37293 0.01716 0.17693
-0.08525 -0.08462 0.08276
-0.16264 -0.08462 -0.08030
-0.11565 -0.08462 0.16648
0.07740 0.07444 0.00680
0.12204 0.07444 -0.02155
0.26017 -0.03171 0.22441
0.18011 0.01922 -0.22867
-0.14350 -0.05486 0.11848
-0.83457 0.07977 -0.07000
0.13977 0.01981 0.18670
0.15581 0.04962 0.19463
0.24238 -0.08462 -0.06066
-0.22629 -0.04774 0.07586
-0.87543 0.08493 0.03619
0.09321 0.04708 0.17408
0.22086 0.07444 -0.18773
-0.24721 -0.08462 0.04129
-0.23675 0.07444 0.06296
-0.00609 0.01580 -0.17176
0.28690 -0.08462 -0.11865
0.40792 0.02036 0.12221
-0.26192 -0.04159 -0.00964
-0.23299 0.04732 -0.11202
0.23138 0.08328 0.06028
-0.01699 0.03170 0.19515
-0.13471 0.07444 -0.00089
0.03216 -0.08462 -0.14277
0.25205 0.07444 0.21860
-0.18940 0.01658 0.08332
0.33882 -0.06226 -0.20659
0.39987 -0.07569 0.14591
0.42769 0.07444 -0.04002
-0.10591 0.07444 0.12315
-0.06860 -0.08462 -0.12574
-0.84828 0.08328 -0.00814
0.35752 0.07444 -0.11457
0.13935 -0.07723 0.18649
0.35785 -0.08462 -0.16099
0.01317 -0.08462 0.00846
0.08450 0.07444 -0.16096
0.38072 -0.08462 0.11526
0.05047 0.07665 0.11357
0.21231 -0.04319 0.21619
0.18166 -0.08462 -0.11241
-0.05071 -0.08462 0.08522
0.18048 -0.08462 -0.07120
-0.14517 0.00343 0.16659
-0.18948 0.05264 -0.15464
-0.12688 -0.08462 0.12978
0.40831 -0.08462 -0.08301
-0.83412 0.06561 0.04011
-0.06565 -0.07017 0.22392
-0.24259 0.04674 -0.07844
0.04353 0.07444 -0.05467
0.42987 -0.02841 0.06914
0.20869 0.08823 -0.04916
0.30819 -0.06065 -0.22365
0.29883 0.07444 0.00531
0.21782 0.07444 -0.12811
0.09637 -0.08462 -0.06779
-0.15140 -0.05207 0.19288
-0.22560 0.07868 -0.04658
0.07839 -0.04081 -0.18357
-0.26414 0.08328 -0.00074
-0.13892 0.00280 0.13345
0.02611 -0.08462 -0.06034
0.22749 0.03847 -0.23547
-0.08369 -0.08462 0.01353
0.35871 -0.08462 -0.04957
0.42788 -0.06867 -0.09366
-0.55794 0.08328 -0.01450
0.41725 -0.08462 0.02009
0.00342 0.01915 0.18071
0.36315 -0.06451 -0.18306
-0.22487 0.07444 -0.10215
0.34030 0.03391 -0.20021
-0.07551 -0.08462 -0.05739
0.06771 0.07444 -0.11507
-0.42400 0.08328 -0.01326
0.07358 -0.08462 -0.17437
0.13143 0.07444 -0.05872
-0.55265 0.08172 0.03390
0.29362 -0.08462 0.02833
-0.18509 0.07444 -0.11252
0.43575 -0.04717 0.06098
0.42608 0.04894 -0.08641
-0.24969 0.02489 0.04615
0.05303 0.00987 0.16900
-0.92771 0.08075 0.06139
0.30851 0.07444 0.20552
0.08546 -0.08462 -0.12873
-0.36895 0.08184 -0.04460
0.32869 -0.08462 0.12387
0.29359 0.07444 -0.14173
0.24263 -0.08462 0.04298
0.35880 0.07444 0.15954
0.20741 -0.08462 0.10015
-0.14500 -0.08462 0.18354
-0.14055 -0.01719 0.21398
-0.76782 0.08328 0.01099
0.26191 0.01469 0.22426
-0.24097 -0.02864 0.06963
-0.81298 0.06561 -0.07386
-0.14600 0.01498 0.21273
-0.57772 0.07444 0.00466
0.12203 -0.02514 -0.20653
0.07397 -0.08462 0.10075
0.23356 -0.08462 0.15110
0.04525 -0.08462 0.16757
-0.25627 0.05311 0.01061
-0.19837 -0.08462 -0.04001
0.39766 0.07444 0.01963
0.13733 -0.08462 0.00499
0.37082 -0.03365 0.17276
0.42098 0.07444 0.06252
-0.00068 -0.08462 -0.16580
-0.90751 0.08328 0.03560
-0.25816 -0.06044 -0.03831
-0.66040 0.07444 -0.04049
0.32440 0.01495 0.20619
0.21045 -0.08462 -0.07629
0.21647 0.06304 -0.23944
0.29561 -0.08462 0.13602
-0.05220 -0.08211 -0.18215
0.21957 0.04168 0.22224
-0.13867 0.04875 0.13696
0.16258 -0.08462 -0.18263
-0.16215 0.01048 -0.17840
0.40172 0.06320 -0.15071
0.27943 0.04997 -0.22913
0.19210 -0.08462 -0.19149
-0.05037 0.07146 -0.18113
0.07048 0.07665 0.09557
0.12476 -0.08462 -0.16286
-0.00642 0.07419 0.18965
0.17960 -0.08462 0.06850
0.24653 0.07444 -0.01965
-0.87912 0.07035 -0.04983
0.43903 0.00883 0.03612
0.00603 0.06694 -0.16672
0.26152 0.00810 -0.23750
-0.11921 -0.08462 -0.10707
0.24525 0.07444 0.18421
0.11449 -0.03149 0.17338
-0.13927 0.07444 -0.18866
-0.02446 -0.02752 -0.17399
-0.46726 0.07936 -0.04323
0.38010 0.07444 -0.04210
0.18213 -0.02521 -0.23390
0.16328 0.07444 -0.11114
0.05249 -0.08462 0.02321
-0.01876 -0.08462 -0.09455
-0.01865 0.07444 -0.13958
-0.07220 -0.03350 -0.19074
0.26768 -0.08462 0.19849
-0.25125 -0.08198 -0.05690
-0.18425 0.04361 0.08445
0.35051 0.07444 -0.01274
0.15969 -0.08462 0.12215
0.08805 0.03438 -0.18275
0.43958 -0.06954 -0.00622
0.00679 0.04625 0.18408
-0.64824 0.07444 0.02154
0.09026 -0.08462 0.02986
0.25459 -0.08462 0.11413
0.42811 -0.06139 0.08497
0.25498 -0.08462 -0.23477
0.00874 -0.02532 -0.17116
-0.21223 0.07444 0.03684
0.25156 0.07444 0.06851
0.19543 0.07768 0.09110
-0.69121 0.07187 -0.01583
0.29959 -0.08462 -0.22292
0.07959 -0.08462 0.05405
-0.87866 0.06561 0.01389
-0.18798 -0.08462 0.08123
-0.20473 -0.03961 0.08653
0.20427 0.08427 0.02693
-0.11605 0.06112 -0.19015
0.19327 -0.08462 0.02158
0.30636 -0.02012 -0.21962
-0.23946 -0.08462 -0.00805
0.37001 0.07444 -0.06776
-0.22919 -0.03172 -0.10972
0.05861 -0.08462 0.12593
0.14975 0.07444 0.04125
-0.01936 -0.08462 -0.03118
0.15447 0.07444 0.16719
0.33003 0.07444 -0.04866
-0.31616 0.07444 0.02906
-0.11497 -0.03207 -0.19027
-0.18363 -0.08462 -0.09727
0.38895 0.02429 -0.16502
0.15808 0.07444 -0.13606
-0.07958 -0.03503 0.23006
-0.16062 -0.08462 -0.13744
0.16300 -0.04656 -0.22783
0.28540 -0.03591 -0.23194
-0.22568 -0.08462 -0.03922
-0.25612 -0.05343 0.01178
0.06973 -0.04143 0.16819
0.40221 0.07444 0.13770
-0.25748 0.02944 0.00143
-0.12896 -0.07182 0.22474
0.12930 -0.08462 0.05444
0.02816 0.07444 -0.11505
-0.16949 0.07444 -0.01654
0.27266 -0.08462 -0.10070
-0.74821 0.07760 0.03171
0.18831 -0.04026 0.20779
0.30207 -0.08462 0.17977
-0.94183 0.08328 0.01445
0.40853 -0.08462 0.05910
0.39781 -0.00298 0.14134
0.44028 -0.07146 0.02663
0.18115 -0.08462 -0.13695
-0.17694 -0.08462 -0.02202
0.13358 0.07444 -0.16512
0.43923 0.02929 -0.04265
0.41995 0.05116 0.10468
-0.25495 -0.03312 -0.06014
-0.96129 0.06561 0.00497
0.02121 -0.07920 -0.17123
-0.09826 -0.08462 0.05554
0.18569 0.07444 0.12143
0.32026 -0.07810 -0.21782
0.37415 -0.02344 -0.17340
-0.22150 0.07444 -0.06978
0.27323 -0.08462 0.00568
0.19176 -0.08462 0.16156
-0.02293 -0.07643 0.19873
0.36802 -0.08462 -0.14229
-0.73115 0.06688 0.00263
0.22388 0.08328 -0.06513
0.35884 -0.08462 0.07148
-0.15281 -0.04043 -0.18311
0.31471 0.07444 0.03933
-0.79409 0.08328 -0.02027
-0.84135 0.06561 -0.02470
0.26396 -0.08462 -0.07141
0.01514 0.07444 0.07708
0.08083 0.01143 -0.17982
-0.07507 -0.08462 0.13535
0.03866 -0.02459 0.17062
0.33683 -0.08462 0.14274
-0.03432 0.05820 -0.17645
0.41473 0.01599 -0.11380
0.18648 -0.08462 0.11881
0.10533 -0.03378 -0.19129
-0.07107 -0.08462 0.20885
-0.93453 0.07689 -0.07078
0.20873 -0.08462 0.20861
0.42958 0.03097 0.06985
-0.04678 -0.08462 -0.10175
0.14933 -0.06973 -0.22214
0.30628 -0.08462 0.06298
0.27054 0.07444 -0.08965
-0.23281 -0.07536 -0.10206
0.06008 -0.08462 -0.14247
-0.44594 0.08328 0.02065
0.32595 -0.08462 -0.05612
-0.10534 0.07444 -0.09054
-0.13857 0.02455 0.14085
-0.09887 0.07444 -0.05631
-0.21290 -0.07628 -0.13857
-0.15018 -0.01145 0.10348
0.03914 0.07444 0.04582
0.42349 -0.02349 -0.09267
0.31294 0.07444 0.15756
0.24223 -0.06395 -0.23523
0.33976 -0.08462 -0.19752
0.20301 -0.08462 -0.03302
0.20912 0.07444 -0.08426
0.11228 -0.08041 0.17741
-0.04625 -0.08462 0.18431
0.31591 -0.03720 0.20503
0.40516 0.04528 -0.13691
-0.31347 0.08328 -0.04142
0.24458 -0.01999 -0.23943
-0.01758 -0.07533 -0.17316
-0.85687 0.06561 0.03895
0.15220 -0.08462 -0.04098
-0.04883 -0.08462 -0.13876
0.24264 0.05463 0.22045
0.01291 -0.00471 -0.17118
0.31429 -0.08462 -0.14095
0.35443 -0.08462 0.16732
-0.25299 -0.01337 -0.04369
-0.30271 0.08328 -0.01876
0.09813 0.07665 0.13428
-0.07906 0.04594 0.22510
-0.01224 -0.08462 0.09873
0.43829 -0.01752 -0.01600
-0.09309 0.01055 -0.19048
-0.79417 0.06561 0.04447
-0.08918 0.01801 0.23367
-0.11590 -0.05631 -0.19462
0.14013 -0.08462 -0.18444
0.16749 -0.08462 0.00380
-0.03843 -0.08462 0.02533
0.06693 -0.08462 0.15708
-0.11259 -0.05786 0.23042
0.17364 0.07444 -0.04783
0.16920 -0.07227 0.19744
-0.09092 -0.08462 -0.03924
-0.01941 0.07665 0.10644
0.26796 -0.08462 0.07339
0.05146 -0.00507 -0.17543
-0.17233 0.02524 -0.17254
0.01913 0.02376 -0.17122
0.20115 0.07444 -0.17769
-0.83125 0.07630 0.06284
0.20131 0.07444 0.14029
0.35128 -0.08462 -0.07181
0.14577 -0.08462 0.03456
0.12461 -0.08462 -0.01274
0.24512 0.07444 -0.16186
-0.25324 0.03812 -0.04178
0.35245 0.07444 -0.09079
-0.93680 0.08328 -0.02795
-0.14619 0.07444 0.09403
-0.23529 -0.00449 0.07498
-0.22201 -0.00530 -0.12033
-0.76006 0.06561 -0.02715
0.13756 0.07665 0.12029
0.38227 -0.08462 0.09305
0.28706 0.05447 0.21976
0.43540 -0.06097 -0.07169
-0.12656 -0.08462 -0.02855
0.33125 0.06845 0.20321
-0.14927 -0.08462 -0.05194
0.36842 0.07444 -0.17823
-0.70738 0.06985 -0.03542
-0.21048 -0.08462 -0.07988
-0.07944 0.07444 -0.14620
-0.09964 -0.08462 -0.06621
-0.82831 0.06561 -0.05099
-0.94420 0.07555 -0.09866
-0.13935 -0.06998 0.13061
-0.54076 0.07444 -0.00341
0.10553 0.01314 0.17623
-0.25683 0.08328 -0.01608
0.22954 -0.08462 0.17666
0.29010 0.07444 0.08519
-0.25884 0.06544 -0.03311
0.31289 0.07444 -0.06424
0.02583 -0.08462 -0.10536
-0.14064 -0.04836 0.21388
-0.50449 0.08328 0.01678
-0.09148 -0.06627 0.23449
-0.21264 0.00292 0.08577
-0.21043 0.03744 -0.13472
0.43750 -0.07861 -0.05579
-0.19036 -0.06004 -0.15389
-0.02140 -0.08462 0.04518
-0.02719 -0.08462 0.08449
0.29388 0.07444 0.05693
0.02768 0.06519 -0.17178
0.40602 0.07444 -0.10841
-0.23282 -0.05467 -0.10203
0.42674 -0.08462 0.08691
0.09417 -0.08462 -0.18567
0.13734 -0.03516 0.18085
0.33985 -0.08462 -0.10711
0.29299 -0.08462 -0.18515
0.02703 0.07444 0.17706
0.41056 -0.03551 0.12738
0.19197 -0.08462 -0.08937
0.23302 0.07444 0.03739
-0.14687 -0.01837 0.16991
0.34428 -0.03322 -0.20285
0.24218 -0.04705 0.22485
-0.02474 -0.08462 -0.14156
0.15429 0.02292 -0.21941
0.20150 -0.08462 0.14122
0.30728 0.00582 -0.21924
-0.11537 -0.08462 0.07397
-0.79522 0.06874 -0.05835
0.13497 -0.08462 -0.12298
0.02861 -0.07623 0.17749
0.29204 0.07444 -0.10528
-0.93349 0.06561 -0.00745
0.36651 -0.08462 -0.00867
0.38460 0.07444 -0.15827
-0.60157 0.08328 0.01922
-0.22136 -0.08462 0.06032
-0.62009 0.08328 -0.01731
0.11911 0.07444 0.00607
-0.91374 0.06561 0.05314
0.41962 0.00411 0.10549
0.38050 -0.08462 0.15277
0.06947 0.02422 0.16818
0.07748 0.07444 -0.04862
0.33032 -0.05810 0.20364
0.02379 -0.04556 0.17875
0.17894 0.04174 -0.23293
-0.38519 0.08328 -0.00445
0.36818 0.07444 0.08463
0.17446 0.05888 0.20067
0.02076 -0.08462 -0.03059
-0.09785 0.07444 -0.11120
0.27892 0.07444 -0.21081
-0.08646 0.06909 0.23271
0.36181 -0.08462 0.11551
0.32771 -0.08462 0.06383
0.13728 -0.08462 -0.14333
0.33989 -0.00788 0.19356
0.28275 -0.08462 -0.14291
-0.73329 0.06989 -0.03953
-0.17926 -0.07341 -0.16783
0.40734 0.05238 0.12360
-0.12382 0.03867 -0.19336
-0.01389 -0.08462 -0.00236
-0.05789 0.07665 0.10847
0.28552 -0.08462 -0.06903
-0.20599 0.07444 -0.12135
-0.03458 -0.08462 0.15369
0.24077 0.01393 0.22477
0.17569 0.07444 -0.15283
0.22203 0.07444 -0.00504
-0.24371 0.00916 -0.08731
0.20218 -0.08462 -0.17055
-0.80772 0.09283 -0.04042
-0.26088 -0.01863 -0.01754
-0.07040 -0.08462 0.03497
-0.82148 0.08328 0.01683
0.28657 0.07444 -0.05492
-0.13967 -0.08462 -0.16748
0.05764 0.07404 -0.17707
0.34961 0.00267 -0.19919
-0.27722 0.08328 -0.03225
0.14962 -0.08462 0.16891
0.21471 -0.08462 0.15481
-0.08893 -0.02955 -0.19444
0.22744 -0.08462 -0.21003
-0.48800 0.08328 -0.01514
-0.02381 -0.08462 0.12448
-0.19212 0.07444 0.03476
-0.28715 0.07444 0.03271
0.25342 -0.08462 -0.03059
-0.24949 0.07253 -0.06178
-0.14602 -0.08462 0.09573
0.20997 -0.08462 -0.01268
0.29916 0.07444 -0.19208
0.07758 -0.08462 -0.05625
-0.38030 0.07444 -0.02925
0.08393 -0.08462 -0.01913
0.28029 -0.08367 -0.23348
0.35701 0.07444 0.13820
0.22652 -0.08462 0.08246
0.39432 -0.06029 -0.15235
0.37008 -0.08462 0.05381
0.43747 -0.03641 -0.05603
-0.14832 0.07444 -0.04288
-0.21986 -0.07863 -0.12322
-0.88617 0.06561 0.05696
-0.22154 0.08328 0.02557
-0.86084 0.07969 -0.06677
0.30214 -0.08187 0.21494
-0.25201 0.08328 0.03618
0.06205 -0.08462 0.06560
-0.20674 -0.08462 0.01057
-0.25286 -0.07160 0.05020
0.08084 -0.08462 -0.07628
0.33388 -0.08462 0.10984
0.31352 -0.00259 0.20606
0.22303 -0.08462 -0.05096
-0.12245 0.01460 0.22805
-0.17458 -0.08462 0.06682
-0.89867 0.06561 0.01790
0.02334 -0.05499 -0.17124
0.39223 -0.08462 -0.09841
0.02686 0.07665 0.11130
-0.24901 0.00613 0.04791
0.40805 -0.05615 0.12189
-0.12244 0.07444 -0.03585
0.32069 0.07444 0.09728
0.24859 0.07444 0.02432
-0.13742 0.08328 -0.01598
0.22697 -0.08462 0.05933
0.04792 -0.08462 0.04874
0.19543 0.08149 -0.09780
0.43005 0.01178 -0.08842
-0.35965 0.08152 0.03659
0.35666 -0.03011 0.18362
-0.23617 0.07444 -0.03080
-0.08458 -0.01910 0.23204
0.22453 -0.08462 0.03331
0.37686 -0.00769 0.16642
0.02823 -0.08462 0.05018
-0.98079 0.08328 0.02380
0.18863 -0.08267 -0.23532
-0.87581 0.07334 -0.08104
-0.02348 0.00520 -0.17388
0.40802 -0.08462 -0.12662
0.27897 0.07444 -0.12738
0.39685 -0.03274 0.14985
-0.02468 -0.08462 -0.05386
0.39176 0.04267 0.15649
0.14214 0.07444 -0.10666
0.28267 -0.08462 0.04779
-0.35049 0.08328 0.00944
0.15172 0.07444 -0.05795
0.13053 0.01787 -0.20691
0.39053 -0.08462 -0.04370
0.08988 -0.02130 0.17350
0.42530 0.06946 -0.09988
-0.10873 -0.08462 0.21500
0.23838 0.07444 -0.13444
0.16162 0.07444 0.00791
-0.21843 -0.08462 0.08329
-0.34450 0.07444 -0.01639
-0.81931 0.06561 0.00454
0.19141 0.07444 0.03585
-0.85858 0.06561 0.01225
-0.16867 0.08328 -0.00193
0.36112 -0.08462 0.03548
-0.19228 -0.08462 0.04161
0.40498 0.07444 0.00089
0.43673 0.07288 -0.06161
0.22484 -0.01619 -0.23989
0.07210 0.00361 0.17268
0.00744 -0.08462 0.15562
-0.92701 0.06561 -0.05721
0.17162 0.07444 -0.09287
-0.00478 -0.02286 0.18896
0.38428 -0.08462 -0.11682
-0.10017 0.07444 -0.13762
0.26908 0.05641 0.22346
-0.04293 0.01439 0.21137
-0.71933 0.08328 0.01028
0.39608 0.07444 0.06563
0.01306 0.07665 0.12857
0.34691 0.07176 -0.19568
-0.15231 -0.08462 0.06237
-0.00748 0.05036 -0.16748
0.14807 -0.02833 -0.21665
-0.08830 -0.08462 0.17785
-0.00434 -0.06382 0.18877
-0.05672 -0.08462 0.11215
-0.25562 -0.00240 -0.02371
0.27068 -0.08462 -0.02077
0.03406 -0.08462 0.09402
0.15015 -0.08462 0.14239
-0.41032 0.08328 0.02435
-0.00269 -0.08462 0.03873
-0.05412 0.03728 0.21800
0.05711 -0.08462 0.00148
-0.77791 0.06561 0.01319
0.13254 0.07444 0.14870
-0.90880 0.06561 -0.02461
0.40585 -0.08462 -0.02114
-0.21020 0.01092 -0.14132
0.40122 0.03156 -0.15127
0.22820 -0.08462 -0.13238
0.03516 -0.08462 0.13327
0.07471 0.04385 0.16834
-0.25363 -0.04903 0.03073
-0.02859 -0.03527 0.20214
-0.94059 0.08328 -0.04660
-0.97111 0.07261 -0.04576
-0.12909 0.00363 -0.19218
0.10941 0.03485 0.17244
-0.18163 -0.08462 -0.14842
0.18941 -0.08462 0.05180
0.24012 -0.08462 0.13530
-0.26246 0.06113 -0.00558
-0.22993 0.01840 -0.10862
0.43631 0.02696 0.02292
-0.83991 0.08328 0.04580
0.36616 0.06865 0.17743
-0.13633 0.07444 -0.13558
-0.75796 0.08328 -0.03813
0.21219 -0.02191 0.21616
0.00843 -0.08462 0.05741
-0.83546 0.08328 -0.05445
-0.13450 0.07419 0.14425
-0.05976 -0.02121 -0.18596
-0.08112 0.04986 -0.19305
0.13675 0.06000 0.18530
-0.19970 -0.08462 -0.13063
0.42236 0.00775 0.08731
0.30870 0.02603 0.20813
0.22073 -0.08462 -0.23384
0.16339 -0.08462 -0.14447
-0.00142 -0.08462 0.12628
-0.15102 0.05456 0.18185
-0.24669 -0.02346 -0.08010
-0.13435 -0.08462 -0.06618
0.09426 -0.08462 0.14799
0.18358 -0.06131 0.20558
0.15411 -0.04071 0.19379
-0.17483 0.07444 -0.07865
-0.02746 0.07665 0.13512
0.41669 -0.03094 -0.12066
-0.19208 0.07444 -0.01717
-0.12119 -0.08462 -0.12752
0.44181 0.06317 0.01497
-0.18229 0.07444 0.01452
-0.06094 -0.08462 0.06724
-0.06581 0.07444 0.21173
0.30662 -0.08462 0.08488
0.16871 0.07444 -0.21550
-0.04275 0.07444 0.15969
0.40862 -0.08462 0.03708
0.22596 0.07444 0.19362
0.02132 -0.08462 -0.12714
0.27832 -0.02585 0.21735
0.02563 0.07444 0.15511
-0.19573 -0.02134 0.08242
-0.07088 0.00593 0.22155
0.42463 -0.04153 0.08181
0.09119 0.07444 -0.14322
-0.11313 0.08328 0.03016
0.18626 -0.08462 -0.04666
0.10406 -0.08462 -0.08606
-0.15818 0.07444 0.02439
-0.13693 0.07444 -0.07415
-0.46191 0.08328 -0.01758
0.24871 0.07444 -0.21403
0.43506 0.07444 0.04991
0.08104 0.06008 -0.18466
-0.09695 -0.08462 -0.01507
-0.22294 -0.08462 0.00110
-0.14813 0.07444 -0.17135
0.43569 -0.00726 0.02758
0.36741 0.07444 0.05959
-0.14622 0.01989 0.17830
0.07708 0.07665 0.13695
0.04782 0.05957 -0.17000
0.10757 -0.06982 -0.19762
-0.18931 0.06042 0.08780
0.36700 -0.05406 0.17677
-0.54803 0.08328 -0.03052
-0.21919 0.07444 0.00407
-0.94263 0.06561 0.03860
-0.03269 -0.08462 0.00745
0.15047 -0.08462 0.09011
-0.22435 0.07393 0.07702
-0.07148 -0.08462 -0.18201
0.25893 -0.05634 -0.23353
-0.02639 -0.08462 0.06641
-0.15187 0.03732 -0.17868
0.05293 -0.08462 0.08630
0.26872 -0.08462 0.21361
-0.30282 0.07444 0.00243
0.13784 0.05430 -0.21117
-0.60470 0.07444 -0.02275
-0.83273 0.06561 0.01735
0.02356 0.07444 -0.08459
0.35852 0.02967 0.18241
0.33632 0.07444 0.16301
0.31628 0.07444 0.13920
-0.12007 -0.08462 0.01424
0.39116 -0.08462 0.13301
-0.02557 0.07444 0.19080
0.13789 -0.08462 -0.09352
0.27730 -0.08462 0.11049
0.32484 0.04091 -0.21035
-0.12804 0.07444 0.06582
-0.24642 0.05063 0.05361
0.20114 0.07444 -0.03959
-0.74053 0.08328 -0.02834
0.29625 -0.08462 -0.20520
-0.00183 0.07444 0.14750
-0.09770 -0.06748 -0.19526
0.19267 -0.08462 0.19459
0.14949 -0.00878 -0.22220
-0.24492 -0.08337 -0.07282
0.24659 0.07444 0.13521
0.10802 -0.08462 -0.17037
-0.74456 0.06561 0.01833
0.26723 -0.02088 -0.23636
0.43562 0.00938 -0.07002
-0.13159 -0.08462 0.17350
0.27723 0.07444 -0.15938
-0.87294 0.06561 -0.02817
-0.70830 0.08328 -0.00892
0.40305 -0.01883 0.13397
-0.19275 0.07031 -0.15764
-0.95210 0.07464 -0.07444
0.16824 0.07444 0.13355
0.09555 0.07444 0.00573
0.20844 0.06624 0.21507
-0.14353 -0.00807 -0.18739
0.40973 0.07444 -0.04279
-0.12989 0.07444 -0.16774
-0.43696 0.08328 -0.02075
0.07577 0.07444 -0.01124
-0.82496 0.06561 -0.01699
0.24484 -0.08462 0.00215
0.22117 -0.08462 -0.16344
0.32596 -0.07745 0.20552
0.14758 -0.02386 0.19056
0.20038 0.07444 0.19561
-0.05127 0.07444 0.13914
0.11155 0.07444 0.02537
0.20066 -0.08462 -0.13480
0.26575 -0.08462 -0.12208
-0.50297 0.07444 -0.01982
0.11991 0.04861 -0.19979
-0.07710 -0.08462 -0.07312
-0.23913 0.03410 0.07151
0.27657 -0.08462 0.18318
0.41509 0.07444 -0.08598
0.11368 0.02448 -0.20107
0.28051 0.02418 0.21681
0.42196 0.04424 0.08827
-0.07820 -0.05893 -0.19243
0.33476 0.07444 -0.00421
-0.23979 -0.04661 0.06414
0.30102 0.03538 -0.22183
0.11921 0.07444 -0.17579
-0.15842 0.06281 -0.18053
-0.06056 0.00592 -0.18148
0.42362 0.06628 0.09584
0.30890 -0.08462 -0.10216
0.32551 -0.08462 0.17956
0.02546 -0.08462 -0.00979
-0.07298 0.07444 0.17832
0.16564 0.07444 0.03214
-0.05704 0.05682 0.21956
0.18756 0.02247 0.21231
-0.86812 0.06561 0.05281
0.26203 -0.08462 -0.21387
-0.15269 -0.05587 0.10120
-0.47838 0.07444 -0.03020
-0.26102 -0.05959 -0.01650
0.16688 -0.08462 0.08248
-0.08530 0.07665 0.08167
-0.04712 0.04717 -0.17969
0.27238 -0.08462 -0.15736
-0.16424 -0.01326 0.09275
-0.93977 0.06561 -0.02407
0.29893 0.07444 -0.02629
0.44325 0.02457 -0.01218
-0.04687 -0.04021 -0.17507
-0.06704 -0.08462 -0.03993
-0.86561 0.08328 -0.01192
-0.00993 0.07444 -0.08383
0.33229 0.07444 0.04504
-0.50870 0.07444 0.03217
0.30454 0.07444 0.17522
0.09592 -0.08462 0.08721
0.29063 -0.05949 0.21874
-0.01308 -0.04664 -0.17261
0.43258 0.01730 0.05117
-0.11987 -0.08462 -0.16655
-0.24315 -0.08462 0.05873
0.35298 -0.07096 -0.19689
0.15120 -0.08462 -0.10766
0.16614 -0.08462 0.16264
-0.10401 0.07444 0.16248
-0.20566 -0.08462 -0.05610
0.44093 0.04529 0.02167
0.40496 -0.05926 -0.13740
0.11795 -0.08462 -0.05374
0.33402 0.07444 -0.16207
0.37991 -0.08462 -0.08481
0.31394 -0.08462 0.02453
-0.05095 0.02957 -0.17639
0.28928 -0.05433 -0.23076
0.03641 -0.08462 -0.07942
0.09603 -0.08462 -0.11471
0.43394 -0.03758 0.04087
0.38955 0.06083 0.15212
0.28888 -0.08462 -0.04696
0.17628 -0.08462 -0.19898
-0.18119 -0.08462 0.02692
0.23651 0.07444 -0.17993
0.10744 -0.08462 0.15922
0.34796 0.01953 -0.19496
0.24409 0.03496 -0.23948
-0.13584 0.07444 0.20112
-0.00798 -0.08462 -0.14630
0.34542 -0.02464 0.19562
-0.92520 0.08328 0.01953
0.12503 0.07665 0.07063
0.42725 -0.00942 0.07547
0.40758 -0.01301 -0.14266
0.34740 -0.08462 0.02497
-0.14810 -0.08340 -0.18041
-0.61084 0.07865 0.03309
-0.97208 0.06561 -0.01200
0.11475 -0.08462 0.12082
0.06094 0.07444 0.00148
0.31292 -0.08462 -0.16504
0.37523 -0.05522 -0.17245
0.24152 0.07444 0.00361
-0.16710 0.07444 0.05691
0.33201 -0.08462 -0.12934
0.16793 -0.08462 -0.09028
-0.07680 -0.05059 0.22416
-0.02062 0.07444 0.07982
-0.24765 0.06832 0.05108
0.26439 0.07444 0.16302
0.10459 0.06315 -0.19594
-0.16813 -0.02949 -0.16985
0.16892 -0.01112 0.20257
-0.59594 0.07444 0.00558
-0.61715 0.07444 -0.04026
0.20329 -0.08462 0.12238
-0.88650 0.06952 -0.06601
-0.69520 0.08328 0.00507
0.24777 -0.08462 0.18563
0.41722 -0.02749 0.09971
-0.94122 0.07351 0.06908
0.03408 -0.08462 0.03421
0.06122 0.07665 0.12847
0.30488 0.05707 0.20939
0.26635 -0.08462 -0.19585
0.19509 0.02154 -0.23661
-0.18549 0.08328 -0.03592
0.06120 0.07444 -0.05432
0.04655 0.07037 0.17420
-0.17574 0.02901 0.08716
-0.06163 0.07444 -0.14695
0.19246 -0.08462 -0.01816
0.33954 -0.08462 0.04132
0.43808 -0.05649 0.00951
-0.00740 0.00631 0.18528
0.31219 -0.04415 -0.22199
-0.16083 -0.08462 -0.11575
0.33367 -0.08462 -0.15163
0.04401 -0.08462 -0.10513
0.20883 -0.08462 -0.20670
-0.10523 -0.08462 0.11595
-0.17492 -0.00060 -0.17089
0.34036 -0.08462 -0.00808
-0.13886 0.07444 -0.03157
0.23002 0.07444 0.17676
0.17163 0.07444 0.19529
-0.51367 0.07882 -0.04259
0.43769 -0.00120 -0.02052
-0.99740 0.07148 -0.00890
-0.22453 0.07444 0.01492
-0.13437 0.07444 0.10618
0.04830 -0.06649 -0.17006
-0.56885 0.08328 0.01523
0.02967 0.07665 0.08537
0.30851 0.07444 -0.17803
-0.97852 0.06561 0.01538
-0.08312 -0.08462 -0.11225
-0.65823 0.08251 0.03243
0.33161 -0.08462 -0.04028
0.36005 -0.08462 0.17952
0.43407 -0.00650 -0.04797
0.40102 0.07444 0.10175
0.25453 -0.08462 0.09464
0.13983 0.03879 0.18180
-0.63085 0.08328 0.00568
-0.04964 -0.01498 0.21035
-0.24601 -0.00958 0.06321
-0.02092 -0.01235 0.19238
-0.01708 -0.08462 -0.12433
-0.13634 -0.01058 0.12381
-0.82877 0.08328 0.00182
0.25138 -0.08462 0.20643
-0.01144 -0.08462 0.16851
0.04280 -0.08462 -0.04856
-0.48095 0.08328 0.01838
0.08689 -0.02693 -0.18704
-0.06750 -0.08462 -0.14452
0.13325 0.07444 -0.03605
0.26430 0.07444 0.05716
0.42452 -0.08462 -0.09066
0.21072 0.07444 -0.14459
0.33205 0.07444 -0.20606
-0.25140 0.04109 0.04105
0.18069 0.03848 0.20912
-0.15640 -0.08462 0.00107
0.09564 -0.08462 0.05865
-0.17302 0.07444 -0.12376
0.05281 0.02804 -0.17122
0.42526 -0.05328 -0.08838
-0.13821 -0.08462 0.01936
0.34810 -0.08462 -0.18179
-0.64493 0.08328 -0.03706
-0.11813 -0.08462 -0.01442
0.31245 -0.08462 0.20352
0.35047 -0.01627 -0.19860
0.35448 -0.04587 0.18504
-0.75265 0.08328 -0.00367
0.11445 -0.08462 0.05727
-0.14839 0.06274 0.10535
-0.53794 0.07781 -0.04225
-0.25594 -0.05324 -0.05517
-0.68147 0.07309 -0.00269
-0.72581 0.08328 -0.01269
0.06708 -0.08462 -0.09786
-0.03809 0.05826 0.20825
0.22580 -0.08232 0.21882
0.32760 0.07444 -0.12486
-0.94347 0.06561 -0.04147
0.31721 0.07444 -0.19548
-0.14011 0.04806 0.11561
-0.18807 -0.01941 -0.16161
0.30664 -0.08462 0.16285
0.11997 -0.06616 0.17517
-0.07066 -0.08462 0.09202
0.39540 -0.08292 -0.15779
0.41366 -0.08462 0.07713
-0.19765 0.08328 0.00317
0.39826 -0.08462 0.00885
-0.03223 0.07444 -0.10214
0.38222 0.07444 0.07643
-0.14911 -0.03040 0.20615
0.07261 -0.08462 0.02019
0.20409 -0.01931 -0.23819
0.09148 0.07665 0.06942
0.08202 -0.05887 -0.18030
0.11157 -0.08462 0.09847
0.11689 0.06729 0.17416
-0.25847 0.04933 0.02788
0.12125 -0.08462 0.00668
-0.23597 0.08328 0.01981
0.15757 0.06400 -0.22077
-0.23854 -0.00669 -0.08822
-0.10286 -0.08462 -0.08697
-0.16833 0.07444 -0.06390
0.41020 -0.03985 -0.13634
-0.09981 -0.08462 0.01349
0.31299 -0.08462 0.13323
0.20880 0.08328 0.08407
0.27146 0.07444 0.07390
-0.82433 0.07555 0.08067
-0.12409 -0.08462 0.11341
-0.05046 -0.08462 -0.08407
0.08203 -0.06343 0.17298
0.19501 -0.08462 0.08714
-0.15093 0.04694 0.19963
0.07870 0.07016 0.16846
-0.14158 0.01753 0.12155
0.25603 0.07444 0.11824
0.12743 -0.07956 -0.20483
0.20098 0.07444 0.05150
-0.19274 0.07444 0.07760
0.33122 0.02731 -0.21180
-0.05578 -0.08462 -0.11614
0.40949 0.06382 -0.12645
-0.22703 -0.08462 -0.01812
-0.17504 -0.05504 0.08741
0.24408 -0.08462 -0.13053
-0.14852 -0.06303 -0.18509
-0.17881 0.03910 -0.16815
0.10657 0.07444 -0.13230
0.43296 0.03560 -0.05635
0.43252 -0.06456 0.05157
0.19464 0.07444 -0.11232
-0.15444 0.00931 0.10552
-0.37406 0.07473 0.03639
-0.82640 0.07736 -0.08345
-0.05578 -0.08462 0.02865
-0.41907 0.08328 0.00456
-0.05476 0.00584 0.21834
0.33768 0.01527 -0.20737
0.42144 -0.07972 0.10108
-0.11244 0.08328 -0.02581
-0.25964 -0.08462 0.00454
-0.96016 0.08328 0.02635
0.17268 -0.08135 -0.23102
-0.96668 0.08328 -0.01497
0.42164 -0.06003 -0.10871
-0.57322 0.08328 -0.01992
0.37465 -0.08462 0.12991
-0.25549 0.07444 0.00919
-0.14123 -0.06802 0.21296
-0.18515 -0.06932 0.08422
0.15151 -0.08462 -0.00209
0.11218 -0.00085 0.17292
-0.25076 -0.08462 0.02510
-0.69201 0.08328 0.03102
0.28794 -0.08462 0.08089
0.39978 0.01530 -0.15288
0.30036 0.06954 -0.22689
0.22625 -0.04533 0.22335
0.43990 0.04497 -0.03759
-0.20650 -0.01942 -0.14509
-0.07511 -0.08462 -0.00532
0.11765 0.06762 -0.20359
0.17815 -0.08462 -0.18002
-0.14728 -0.08462 -0.08389
0.20427 0.08990 -0.03413
0.38000 0.05480 0.16311
-0.08935 -0.01380 -0.19449
-0.37551 0.07444 0.00444
-0.07556 0.07041 -0.18709
-0.14779 -0.06870 0.18815
0.13731 -0.08462 0.10535
0.43383 0.01202 -0.04981
0.00586 -0.07848 0.17968
-0.05540 0.07444 0.17303
-0.25263 0.05993 -0.04639
-0.80855 0.08770 0.02448
-0.25590 0.03100 -0.05546
-0.12917 -0.02581 0.22462
0.19901 0.01223 0.21679
-0.64991 0.07444 -0.01635
0.39123 0.07444 -0.11399
0.20157 0.07444 -0.21848
0.41456 -0.05827 0.10616
0.21630 0.07444 0.02845
0.26789 -0.08462 0.16786
-0.23937 0.04764 -0.09779
0.11280 0.07444 -0.06254
-0.56824 0.08218 0.03369
0.15543 -0.08462 0.01889
0.22549 0.05607 0.22324
-0.10378 -0.08462 -0.10499
-0.19507 -0.08462 -0.01052
-0.15667 0.07444 0.04527
0.43679 0.00995 0.01924
0.32436 -0.08462 -0.07335
-0.05994 -0.08462 0.17395
-0.65638 0.08328 0.00660
0.37317 -0.08462 -0.15844
-0.10839 -0.08462 0.15276
0.26694 0.07444 0.20603
0.14258 0.00822 -0.21873
-0.02275 0.07444 0.16969
0.38830 0.07444 0.14452
0.37732 -0.08462 0.02714
0.24618 0.07444 -0.22931
-0.24105 -0.08462 -0.04099
0.30288 -0.08462 -0.03702
0.04189 -0.08462 0.14824
-0.95240 0.08328 -0.02127
-0.08692 0.03154 -0.18970
0.21211 0.03180 -0.23900
0.25452 -0.08462 0.12970
-0.87577 0.07802 0.05793
-0.26150 0.08328 -0.03081
0.22305 -0.08462 -0.06738
0.10542 -0.04313 0.17621
0.15055 0.07444 -0.11986
-0.14076 0.04636 0.21372
-0.27886 0.07444 -0.01946
-0.05077 -0.08462 0.15793
0.33764 -0.08462 0.07562
0.27649 -0.04813 0.21774
-0.24768 0.03895 -0.06616
-0.85360 0.06561 -0.03404
-0.14302 0.02940 0.21724
0.34086 0.07444 -0.11702
0.26751 0.07444 -0.11445
-0.10222 0.07444 0.18468
0.22727 0.02121 0.22349
0.08499 0.07665 0.10658
0.40976 0.07444 0.07814
0.13560 0.07444 -0.14735
0.08598 -0.08462 0.11439
0.19352 0.07444 -0.13166
-0.09814 0.07444 0.09493
0.36844 0.00155 0.17525
0.01870 0.00255 0.17550
-0.15002 -0.04367 0.11002
-0.06578 -0.03258 0.22399
-0.04600 -0.08462 0.07072
0.27532 -0.08462 -0.08157
-0.14546 -0.08441 0.16716
-0.23117 -0.08462 -0.07923
-0.14538 0.07444 0.01217
-0.08900 0.03854 0.23361
-0.20263 0.07444 -0.10651
0.39482 -0.08462 -0.07122
-0.14554 -0.02507 0.10843
0.35660 -0.00070 0.18894
-0.96137 0.08328 -0.04105
0.02034 -0.08462 0.13668
0.02805 -0.08462 -0.04490
-0.51809 0.08328 0.00428
0.35713 -0.08462 0.15367
-0.21087 -0.08462 -0.03134
0.24311 -0.08462 0.02761
0.20840 -0.07371 -0.23420
0.04103 -0.06794 0.17483
-0.00401 -0.08462 -0.04429
-0.14100 -0.00207 0.21334
0.41707 0.03807 -0.10817
-0.95750 0.06561 0.04404
0.10721 -0.08462 -0.01755
-0.53882 0.08328 0.02802
0.37546 -0.08462 -0.04254
0.18255 0.07444 0.07068
-0.10070 0.02266 -0.19537
0.23140 0.06798 -0.23547
0.44182 -0.04242 0.01493
0.16689 -0.08462 -0.21234
0.13405 -0.02088 0.18442
-0.03868 -0.07604 -0.17300
-0.32149 0.07444 -0.03229
0.34611 0.07444 0.03913
0.30230 -0.08462 0.04064
0.33491 0.07444 -0.14601
-0.17672 0.07444 0.04384
-0.43929 0.07492 0.03549
0.37304 -0.07951 -0.17437
0.23002 0.07444 -0.14900
0.30015 -0.00864 -0.22698
0.37343 0.07444 0.13383
-0.11107 -0.08462 -0.03270
0.20427 0.08637 -0.01141
0.00452 -0.04802 0.18024
0.25852 -0.00903 -0.23361
0.24041 -0.08462 -0.16298
-0.08145 0.07444 0.22011
0.15457 0.01786 0.18907
-0.21926 0.07444 -0.03373
0.20996 -0.07143 0.21551
0.30613 0.07444 0.08764
0.17947 -0.05528 -0.22847
0.24832 -0.08462 0.14777
-0.10999 -0.02119 0.23458
0.21871 -0.08462 -0.11288
-0.09857 -0.08462 0.03727
-0.21706 -0.03431 0.08002
0.03589 0.02925 0.17558
0.16939 -0.08462 -0.04239
0.40610 0.03767 0.12662
-0.12649 -0.08462 0.14467
-0.13414 -0.04546 0.14038
-0.17147 -0.01478 -0.16791
0.43461 -0.08462 0.02013
-0.13308 -0.08462 -0.11358
0.41496 -0.00022 -0.11325
0.40690 0.02529 0.13621
0.36381 -0.08462 0.10029
0.20389 -0.08462 0.00087
0.14815 0.05223 -0.22165
0.18795 -0.08462 0.03544
-0.56943 0.07444 -0.00765
0.08357 -0.07540 -0.18093
0.23148 0.07444 -0.21318
0.09474 -0.04236 -0.18547
0.41271 -0.07247 0.11062
-0.86856 0.08328 -0.05464
-0.01062 -0.08462 0.08400
0.39180 -0.05810 0.15644
-0.06069 -0.08462 -0.02656
-0.21487 0.07444 -0.09124
-0.05095 0.07444 -0.13384
0.16477 0.07444 0.11184
-0.87476 0.08328 0.01452
-0.87979 0.07486 0.07209
0.21676 0.08328 0.05819
0.16557 -0.05745 0.19503
0.02425 -0.03857 -0.17132
-0.20104 -0.06863 -0.14436
-0.14866 0.07444 -0.01244
0.25857 0.05920 -0.23360
0.28792 -0.08462 0.01167
0.35805 0.07444 0.02167
0.07424 0.07444 -0.08282
-0.14281 0.07444 -0.12237
-0.24029 0.07826 -0.04638
0.14986 -0.08462 0.07543
-0.61626 0.07444 0.01831
0.36572 -0.08462 -0.12781
0.04850 0.04877 0.16951
-0.82536 0.07841 0.04348
0.43631 0.05472 0.05673
-0.09126 -0.08462 0.12654
0.31015 0.07444 0.02541
-0.00753 0.02167 0.19011
-0.14362 -0.05320 0.16358
-0.35002 0.08328 -0.03533
-0.17733 -0.08462 -0.00727
0.20230 0.07444 0.10360
0.23951 -0.04381 -0.23989
-0.02325 0.07444 -0.16396
0.29340 -0.08462 -0.13172
0.20652 0.07444 -0.02257
-0.46310 0.07444 0.00917
-0.01503 -0.08462 -0.16221
-0.40196 0.08059 0.03600
0.13036 0.01218 0.17857
0.14978 -0.08462 -0.13583
0.06389 -0.08462 -0.04250
0.24983 -0.02143 0.22490
0.27931 -0.08462 0.03189
0.26588 -0.08462 0.05897
0.26742 -0.08462 -0.22672
0.43221 0.03692 0.05391
0.33964 0.07444 0.06791
0.38850 0.07444 0.00201
0.22582 0.08328 -0.07951
-0.22260 0.03683 -0.12684
0.35169 -0.08462 -0.08631
0.16753 -0.08462 -0.10915
-0.24864 0.03176 0.05887
0.23906 0.07231 0.22466
0.12574 0.07665 0.09822
-0.03708 0.00043 -0.17259
0.12263 -0.08462 -0.14854
-0.00730 -0.08462 -0.08573
-0.06343 -0.08462 0.12497
0.03397 -0.03824 0.17149
-0.25945 0.05176 -0.02846
-0.12117 0.02331 -0.18936
-0.12650 -0.08462 0.02860
-0.22664 -0.08462 0.01506
0.34469 -0.08462 -0.05302
0.23363 0.07444 0.14873
0.17520 -0.03887 -0.22716
-0.27529 0.07444 -0.04348
0.15192 0.07444 -0.14910
0.36575 -0.08462 -0.06642
-0.84686 0.06561 0.02859
0.22765 -0.01491 0.21908
-0.11239 -0.08462 0.05831
0.25615 0.07444 -0.08946
0.41847 -0.08462 0.00329
-0.15661 -0.08462 -0.06432
-0.06622 -0.05105 -0.18864
0.01624 0.00929 -0.17120
0.23296 0.08328 0.02605
-0.11107 0.00620 0.23054
0.30119 -0.08462 -0.08011
-0.85237 0.06561 -0.01549
0.20865 0.07444 -0.05315
-0.15097 -0.03179 0.18117
0.29519 0.07444 -0.15766
-0.25614 0.01947 0.01164
-0.95119 0.06561 0.02689
-0.13350 -0.08462 0.04305
-0.01849 -0.08462 -0.01591
-0.26010 -0.00232 0.01545
-0.13505 0.00343 0.14720
0.39150 0.04112 -0.15552
-0.14623 0.04159 0.17833
-0.13451 -0.01127 0.22574
0.12454 0.03356 0.18130
-0.20064 -0.08462 -0.11553
-0.78733 0.08328 0.02601
-0.82227 0.07283 -0.06582
0.21705 -0.08462 -0.03063
0.01287 0.03549 0.17703
0.36448 -0.03843 -0.18190
0.27115 0.01837 -0.23558
-0.17222 -0.08462 0.01324
0.25897 -0.08462 0.00368
0.13764 0.07444 0.04866
-0.14604 0.02124 0.10781
0.04280 -0.08462 -0.06676
-0.83411 0.06561 -0.06935
0.34052 -0.06247 0.19322
-0.14751 0.00687 0.18375
0.06065 -0.04402 -0.17330
-0.79810 0.08328 0.03937
0.43671 -0.04934 -0.06176
0.30817 -0.04730 0.21296
0.29900 0.07444 0.15324
-0.25660 -0.03783 0.03884
0.10196 -0.08462 0.13614
0.12019 -0.01870 0.17524
0.04940 -0.04094 0.16941
0.36041 0.06536 -0.18547
-0.30732 0.07444 -0.02874
0.22009 -0.08462 -0.09226
-0.21097 0.07444 0.07260
-0.84151 0.07334 -0.08724
0.11825 0.00081 -0.19868
0.42843 -0.00076 -0.08074
-0.23744 0.07444 -0.06881
-0.12484 0.07444 -0.01092
0.39905 -0.08462 0.07014
-0.43944 0.07444 -0.03141
-0.22188 -0.04680 -0.12052
-0.25243 -0.06621 0.03723
0.17154 -0.08462 0.05699
-0.19276 0.03254 0.08276
-0.24577 -0.03793 0.05486
0.22997 -0.07457 -0.23989
-0.20514 -0.05364 0.08654
0.20427 0.08867 0.04024
-0.00613 0.04628 0.18952
-0.14678 -0.08462 0.08094
0.04892 -0.02449 -0.17018
0.21367 -0.05798 0.21648
0.23259 0.07444 -0.02084
-0.07913 -0.02161 -0.18809
0.40255 -0.08462 -0.03656
0.15532 0.07444 -0.07145
0.06694 -0.08462 -0.07752
0.00676 0.06646 0.17930
-0.25141 -0.02031 -0.05569
-0.07317 0.03344 -0.19101
-0.10188 -0.08462 0.16862
0.38464 -0.04756 0.16464
0.21290 -0.08462 0.08734
0.07697 -0.08462 -0.13977
-0.58619 0.08328 -0.00204
0.06300 0.07444 0.04082
0.43988 -0.07891 -0.03772
0.18765 0.07444 -0.21802
-0.90924 0.06561 -0.00606
-0.08455 0.07444 0.12304
-0.02088 0.05614 -0.17356
-0.20665 -0.08462 0.07592
0.44245 -0.07101 0.01011
-0.03486 0.00576 0.20078
0.08275 -0.04111 0.17300
0.43938 0.01200 -0.00776
-0.03338 -0.08462 -0.07923
0.06950 -0.08462 -0.15917
-0.14210 0.05209 0.17029
-0.25407 -0.06498 -0.06227
0.37195 -0.08462 0.07596
-0.38531 0.08328 -0.04198
0.38436 0.00356 0.15853
-0.25546 0.01578 -0.02487
0.05699 -0.08462 0.09953
0.03191 -0.06533 -0.16788
-0.09931 0.05452 -0.19532
-0.13954 0.07444 -0.09721
0.20096 -0.08462 -0.11234
-0.72505 0.08328 0.02285
0.39528 -0.08462 0.05522
0.07622 -0.01950 0.17281
-0.05754 0.02099 -0.18494
0.36875 0.05182 0.18102
0.02798 -0.08462 -0.15591
0.43473 0.04422 -0.07679
0.09968 -0.08462 -0.13130
-0.32642 0.08050 -0.04519
0.10973 -0.08462 -0.00295
-0.90019 0.08328 0.02395
0.38440 0.07444 0.01537
-0.26166 0.02818 -0.01161
0.44133 -0.05373 -0.02676
-0.17629 -0.08462 -0.08187
0.00844 -0.08462 0.02135
0.27251 -0.00510 -0.23082
0.31196 -0.08462 -0.20904
0.24832 0.02538 0.22492
-0.13541 0.01126 0.22504
0.36620 -0.08462 -0.08502
-0.21882 -0.05576 0.08410
0.32098 0.07444 0.11812
0.38507 -0.08462 -0.00487
-0.74132 0.08137 0.02051
-0.01882 0.07444 -0.09421
-0.21266 0.01843 0.08577
0.23393 -0.08462 -0.10047
0.18402 0.07444 0.08436
0.20431 0.07444 -0.12331
0.32153 0.07444 0.05342
0.14006 -0.07177 -0.21236
0.27458 0.06264 -0.23041
0.20216 0.07444 0.00455
-0.22992 0.07444 -0.01802
0.30673 -0.08462 0.00526
-0.26218 0.00689 -0.00040
-0.81036 0.07892 -0.07280
0.39383 -0.08462 0.10066
-0.20885 0.06459 -0.14269
-0.25820 0.06760 0.02998
-0.90326 0.06561 0.03159
0.35652 0.03910 -0.19446
-0.14082 0.02207 0.15401
0.28577 -0.08462 0.14594
-0.20806 0.07444 -0.02610
-0.10412 0.07444 0.03508
0.00697 -0.08462 0.07086
0.22584 0.05411 -0.23547
0.43785 -0.02073 0.01123
-0.22527 0.00820 -0.12338
