-0.04970 -0.01092 -0.30951
0.93150 -0.01446 0.35583
-0.91755 -0.03524 0.34734
0.87398 -0.03327 -0.41067
-0.81046 -0.04665 -0.40852
0.01599 -0.04731 0.32352
0.44771 -0.00808 -0.04463
-0.47643 0.00373 0.06689
0.92501 -0.00137 0.01873
0.48592 -0.00093 0.37292
-0.41917 -0.04286 0.34704
-0.42770 -0.03316 -0.40972
-0.85620 0.01832 -0.03363
0.35450 -0.04143 -0.41244
0.09441 -0.00270 0.00622
-0.55992 -0.01998 -0.15690
-0.17268 -0.00038 0.02802
0.67754 0.01457 0.16916
0.68951 -0.00856 -0.17754
-0.32525 0.03131 0.35904
-0.71186 0.01869 0.20796
0.26262 0.03602 0.20858
-0.30482 -0.00121 -0.21784
0.25576 0.00098 -0.18058
-0.64382 -0.04132 0.34987
0.60696 -0.03802 -0.41280
0.92173 -0.02272 -0.18275
0.67723 -0.04735 0.32485
-0.20642 0.03572 0.18596
0.23495 -0.02334 0.36745
-0.91697 -0.02748 -0.22765
-0.23014 -0.03247 -0.40315
0.83096 0.02241 0.24311
-0.62916 -0.04126 -0.35760
0.46859 0.01652 0.18748
0.49553 -0.00372 -0.24158
0.68920 -0.00127 0.01971
0.13370 -0.03807 -0.41280
-0.71909 -0.01937 -0.15113
-0.12046 -0.01598 -0.11908
-0.15989 -0.04600 0.31574
0.29464 0.02936 0.07054
0.00600 0.01408 0.16446
-0.45908 -0.03781 -0.32505
-0.91755 0.02140 0.17317
-0.50123 0.04923 0.25801
0.07148 -0.00711 -0.18454
-0.73390 0.00249 0.05511
-0.33652 0.01779 -0.03857
-0.61374 -0.02388 0.36713
-0.36704 0.03092 0.18460
-0.03093 0.02243 0.00519
-0.11576 0.04434 0.32488
-0.80993 0.04261 0.30521
0.83556 0.00692 0.09698
0.76841 -0.03515 -0.30002
0.13753 0.03795 0.26128
0.57732 -0.01309 -0.09186
-0.60809 0.02127 -0.00578
0.64115 0.04326 0.31131
0.54912 0.00339 0.06367
0.17763 0.01107 -0.10205
0.78930 -0.01094 -0.07158
-0.75944 -0.03274 -0.27722
-0.60608 0.01170 0.14204
-0.44330 0.00664 -0.14376
-0.35245 -0.01144 -0.31436
0.08081 0.04349 0.33630
-0.31905 0.02237 0.11430
-0.80823 0.00573 0.08568
-0.34002 -0.03194 0.29270
0.36615 0.00283 0.28133
0.30287 -0.03616 -0.30955
0.16065 0.00839 0.11080
-0.14389 -0.01173 -0.31710
0.34568 0.04431 0.32609
-0.42573 0.03776 0.35061
-0.63109 0.02381 0.25631
0.63021 -0.00822 -0.28399
-0.77571 -0.00729 0.37276
0.38978 -0.02371 -0.19208
0.32927 0.01437 -0.07088
0.79495 0.01917 0.36795
-0.15842 0.03994 0.18715
0.47912 -0.03322 -0.41021
0.00348 0.00465 0.07553
0.45099 -0.01479 0.28310
-0.04259 -0.03352 -0.41304
0.23697 -0.00807 -0.04452
0.11037 -0.03775 -0.32449
-0.83335 -0.02181 -0.17416
0.44136 0.02905 0.06759
-0.24870 -0.00195 -0.14833
-0.50227 -0.00760 -0.04003
-0.54441 -0.04737 0.32583
-0.64234 -0.01001 -0.24183
0.74870 -0.04552 -0.39787
-0.72048 -0.03344 -0.41232
0.91865 -0.02205 -0.30485
0.80474 -0.00941 -0.18563
-0.76299 -0.00923 -0.05544
0.00488 0.00773 -0.07248
-0.25548 -0.00968 0.37244
0.90718 -0.01396 -0.10006
0.55433 -0.01792 0.28386
0.68790 -0.00878 -0.05115
-0.23140 -0.00358 -0.24022
0.72619 0.04414 0.21003
0.42114 -0.03670 -0.31465
0.93139 0.04113 0.29130
-0.27522 0.00842 0.28222
0.34172 -0.04031 0.35172
-0.08946 0.00684 0.09623
0.15022 -0.03155 0.29234
-0.44338 -0.04100 0.30370
0.16824 0.00037 -0.20295
-0.91755 0.00812 0.05375
0.53241 0.04822 0.24848
-0.91755 -0.03071 -0.36293
-0.40264 -0.02773 -0.23001
0.86511 -0.01767 0.28380
0.46853 -0.01829 -0.14096
0.35926 0.03127 0.18470
-0.34660 -0.04195 -0.41239
-0.26204 0.01979 -0.01972
-0.49449 -0.02937 -0.24544
-0.33915 -0.01762 -0.13457
0.57666 -0.00212 0.37289
-0.81190 -0.04389 0.30860
-0.01584 -0.01713 -0.12993
-0.72323 0.04424 0.32876
0.22387 -0.03928 -0.33896
-0.65340 -0.01413 -0.10165
-0.90713 0.04421 0.32995
-0.05753 -0.02567 -0.21055
0.36581 0.01942 -0.02320
0.04494 0.02290 0.24770
0.22059 0.04175 0.29707
-0.53116 -0.04524 -0.39516
0.85735 0.02759 0.05384
0.91921 0.01254 0.14999
-0.13982 -0.00841 -0.04767
-0.02935 -0.00516 0.37281
0.73132 0.02229 0.11347
0.64064 0.03020 0.07849
0.53858 -0.02461 -0.32900
-0.14325 0.04953 0.26092
0.09206 0.02505 0.13952
-0.72232 -0.01257 0.28257
-0.06930 0.04606 0.22814
-0.05442 -0.00906 0.28172
0.03502 -0.01594 -0.27454
-0.65002 0.00299 0.05988
0.56923 0.02712 0.15907
0.44684 0.04255 0.30465
0.28421 0.00875 0.11422
-0.69042 -0.03569 -0.30514
0.53769 -0.02367 -0.19165
-0.41180 0.05017 0.26688
0.64898 0.04435 0.21204
-0.56419 0.04419 0.33070
-0.91288 -0.01640 -0.12306
-0.53123 -0.02748 -0.22763
-0.80797 -0.03716 -0.31900
-0.12201 -0.03407 -0.41322
0.10517 0.01065 -0.10600
-0.52712 0.03807 0.20373
0.73163 -0.03057 0.29140
0.21643 -0.03176 -0.26800
-0.81121 0.04221 0.19178
-0.57190 -0.01139 -0.07585
-0.16171 -0.00099 -0.21576
-0.38832 -0.00062 0.02576
0.80757 -0.03940 -0.34007
0.51758 0.00735 0.10101
-0.42677 0.01059 0.13153
0.19185 0.02526 0.03186
-0.29533 0.00147 0.04547
-0.77772 -0.00374 -0.00362
-0.86409 0.00311 0.28133
-0.56371 0.02961 0.07295
0.84393 -0.04646 0.33635
0.15076 0.02008 0.22115
0.57676 -0.00357 -0.00201
-0.83538 -0.00573 -0.26054
0.69794 -0.01817 -0.32403
-0.51532 -0.01778 -0.13611
-0.74439 0.01067 0.13230
0.76904 0.02055 -0.00500
0.05158 -0.01536 -0.35134
-0.54847 -0.01280 -0.32723
-0.24448 0.02872 0.06450
-0.62240 0.02445 0.36508
-0.64320 0.00304 -0.17779
-0.69056 0.01864 -0.03056
-0.62756 0.04546 0.22244
-0.44997 0.01884 0.20937
0.49080 -0.03645 -0.31230
0.11239 -0.02998 -0.25122
-0.26312 -0.03715 -0.31890
0.31047 -0.00397 -0.00577
-0.02878 0.04272 0.30622
-0.19734 0.00854 -0.08926
-0.41252 0.01335 -0.08046
0.76436 0.04197 0.29915
0.50805 0.01438 -0.07075
0.39121 0.00851 -0.12620
0.11613 -0.02137 0.36866
0.32557 -0.00261 -0.23109
-0.27591 0.01598 0.18238
0.37681 0.02209 0.11161
-0.91755 -0.00187 -0.03997
-0.63322 -0.04610 -0.40329
-0.39662 -0.01454 -0.34360
-0.00709 -0.00029 -0.20916
0.26264 -0.03308 -0.40894
-0.11193 -0.03167 0.36189
0.70943 0.04382 0.31666
-0.78763 0.00874 -0.12398
-0.37505 0.00297 0.05970
-0.89750 -0.04485 0.31184
0.14986 -0.00651 -0.02975
0.85032 0.01890 -0.02811
-0.21191 0.04435 0.32449
-0.72120 -0.02640 -0.21741
0.82556 0.01420 0.16566
0.16687 -0.01482 -0.34625
0.00409 0.02023 0.00322
-0.14059 -0.02119 -0.16828
0.28368 -0.03103 0.29184
-0.61997 -0.03960 0.30141
-0.84749 -0.03694 -0.31686
-0.91300 0.00695 0.09718
0.86968 -0.02860 -0.23818
0.33386 0.00529 -0.15650
0.76753 -0.02824 -0.23484
0.17040 0.04185 0.34188
-0.75018 -0.01463 -0.34445
0.86948 0.04882 0.25419
0.07774 0.00247 0.05496
0.62071 -0.01933 -0.15075
0.51389 -0.01865 -0.14428
-0.76150 -0.02282 -0.18364
-0.79024 0.02841 0.17120
0.63482 -0.04684 0.33477
0.42208 -0.03286 0.36065
-0.19434 -0.01252 -0.32457
0.74366 -0.03126 0.36233
0.30790 0.02133 0.23291
0.37897 -0.01512 -0.29265
0.24108 -0.01553 -0.11492
0.39435 0.04764 0.24304
0.08573 -0.01413 0.28295
-0.04024 0.00521 0.08079
0.75046 -0.01752 -0.13368
-0.91227 0.02326 0.25113
-0.41337 -0.00662 -0.03078
0.62705 -0.01563 -0.35395
-0.54039 -0.00226 0.01037
-0.16618 0.02118 0.10308
0.63225 0.01865 -0.03046
-0.13850 0.01306 0.15484
-0.11656 0.02094 0.00342
0.35967 0.02555 0.03465
-0.32877 0.02343 0.25274
-0.24589 -0.04354 0.30786
-0.07279 0.01607 -0.05480
-0.85041 -0.00691 0.37277
0.91959 0.03376 0.22172
0.84928 -0.01012 -0.30191
-0.77442 0.02299 0.24852
0.03575 -0.04690 -0.41084
-0.51994 0.02332 0.12321
0.70030 -0.02905 -0.24243
-0.35383 -0.00068 0.02525
0.60457 -0.01358 -0.22495
-0.02031 0.02128 0.23242
-0.21371 -0.00662 -0.03084
0.42998 -0.00380 -0.24228
-0.68351 0.04792 0.27179
-0.75256 -0.04075 0.30331
0.29883 0.04122 0.29214
-0.29635 -0.02261 -0.36560
0.62771 0.03747 0.35108
0.04803 0.00785 -0.13240
0.50117 -0.04472 0.31141
0.32698 -0.04100 -0.35517
0.63100 -0.00236 0.28119
-0.39675 -0.00840 -0.18323
0.29091 -0.02718 -0.22483
-0.84468 0.00925 -0.11916
-0.67475 0.01064 0.13201
0.58423 -0.00546 -0.14828
0.49929 0.01632 -0.00276
0.86440 -0.00550 -0.14872
0.84116 0.04360 0.31458
-0.48290 -0.00027 -0.20896
-0.70442 -0.01294 -0.09044
-0.60660 -0.03503 -0.29887
-0.60522 -0.01640 -0.12311
0.42241 -0.02242 -0.17992
0.85172 -0.01244 -0.08571
-0.38747 -0.00607 -0.26369
0.26031 -0.00206 0.01218
0.53822 0.04339 0.33667
-0.84779 0.02147 0.23423
0.45689 0.01134 0.13867
-0.46320 0.02343 0.01465
0.64653 -0.01247 -0.08605
-0.07666 0.00463 -0.16279
-0.49546 0.01284 -0.08528
-0.29044 -0.01150 -0.07683
0.06124 -0.00911 -0.05431
-0.70494 -0.01290 0.37149
-0.49506 0.03514 0.35489
0.30205 0.00985 0.37145
-0.28853 -0.00541 -0.25746
0.12754 -0.02236 -0.17934
0.55541 -0.03186 -0.26893
-0.21010 -0.02128 -0.16915
0.47627 0.02283 0.24701
0.42800 -0.03310 -0.40911
-0.21391 -0.00220 0.28120
0.41254 -0.00972 -0.06007
0.92935 -0.02875 -0.36808
0.73094 -0.01406 -0.33912
-0.54302 -0.00923 -0.29351
-0.31121 -0.04282 0.34712
-0.02390 -0.00533 -0.01861
-0.22795 0.02617 0.15010
-0.67836 -0.01554 -0.35311
-0.08402 -0.04035 -0.34909
0.20476 0.01812 -0.03546
-0.17792 -0.00211 0.37289
-0.10413 -0.03256 -0.27555
-0.03172 -0.03019 -0.25323
-0.54941 0.00191 0.28130
-0.35158 0.04195 0.29897
0.40409 0.03315 0.35729
-0.07341 -0.00067 0.02530
-0.83206 0.02512 0.03053
0.28403 -0.01645 -0.12358
0.07677 0.04196 0.18948
-0.06509 0.01277 0.15211
0.71949 -0.01519 -0.11167
0.21405 0.02963 0.07308
0.80660 -0.02774 0.28913
0.62725 -0.00096 0.02258
-0.18606 -0.03046 -0.25574
0.74581 0.02593 0.03824
0.71915 0.01715 0.36905
0.21716 0.02422 0.13168
0.69120 -0.03139 -0.39301
-0.59842 -0.02582 -0.21200
0.77544 0.02684 0.15640
-0.78209 0.02757 0.08709
0.42391 0.01787 0.00255
-0.70171 0.00506 0.07936
0.89687 0.02033 0.09505
-0.56153 0.04319 0.20106
-0.13107 0.02032 0.22337
0.58594 0.02042 0.22431
0.23265 -0.04446 0.31052
0.04543 0.00233 0.37300
-0.24019 0.04743 0.24102
-0.39530 0.01374 0.37051
0.70541 0.04874 0.25339
-0.69756 -0.00632 -0.26607
0.23378 0.02094 0.22926
-0.26589 0.00586 -0.09002
0.51503 0.00307 0.28133
0.19158 0.01465 0.16984
-0.31196 -0.02121 -0.16851
-0.91186 -0.03358 -0.28523
0.91374 0.00442 -0.05514
-0.85970 0.02832 0.17035
0.81000 -0.03989 -0.41261
0.10498 0.01514 -0.06364
0.62376 0.01232 0.14784
-0.16939 -0.03112 -0.39043
0.19922 -0.04582 -0.40071
0.49047 -0.02541 -0.20808
0.69130 0.02586 0.14717
-0.47186 -0.04217 -0.36621
0.35649 -0.03871 0.29996
0.18176 -0.01921 -0.14961
-0.91755 -0.01750 -0.17272
-0.84592 -0.01100 -0.07210
0.25173 0.03929 0.34810
0.16170 0.02072 0.28696
-0.86025 -0.00125 0.01988
-0.62180 -0.00957 -0.05864
-0.20746 -0.03686 0.35644
-0.04917 -0.01336 -0.09440
0.18604 -0.03951 0.35319
-0.71779 0.02749 0.16257
0.81538 -0.00423 -0.13669
-0.76264 0.04302 0.33791
-0.45585 0.01725 0.28484
-0.39527 -0.00266 0.28119
0.77473 0.00464 0.07545
-0.39051 0.02299 0.24856
-0.44220 -0.02886 -0.24063
0.17846 -0.00441 -0.24807
0.75039 -0.00898 -0.05311
0.04969 0.01064 0.13202
-0.33700 -0.03022 -0.25348
0.56611 -0.02926 -0.37284
-0.14064 -0.00755 0.28136
-0.57474 0.04988 0.26413
0.49442 -0.01421 -0.10238
0.09671 -0.01529 -0.27730
-0.70682 -0.00120 0.02033
-0.84201 -0.01621 -0.35941
-0.38591 0.02508 0.13984
-0.47485 -0.02229 0.36810
0.79691 0.01864 0.20749
0.05079 0.02015 -0.01633
0.46810 0.02176 0.10852
-0.53283 -0.00996 0.37236
-0.10484 0.04926 0.27108
-0.10126 -0.02705 -0.22360
0.05387 -0.00253 -0.23034
0.39623 0.01468 0.17012
-0.27570 0.03637 0.35287
-0.84545 0.00912 0.11771
0.80994 -0.00499 -0.01546
0.57105 -0.04746 0.32923
-0.80335 0.01833 0.20457
-0.18168 0.00757 -0.13503
-0.57480 -0.04352 -0.37893
-0.52139 0.00154 -0.19194
0.01229 0.01231 0.28337
0.52088 0.04252 0.19477
0.69888 0.00430 0.07219
-0.18951 0.01842 0.20546
-0.76967 -0.00998 0.28195
-0.75002 0.01825 -0.03429
-0.77009 -0.00246 -0.22969
-0.23480 -0.03977 -0.34362
0.27660 -0.01369 -0.33561
0.88100 -0.01682 -0.35501
0.27341 -0.00577 -0.26092
0.47773 0.00149 0.04574
0.02108 0.04279 0.30688
0.57758 0.02667 0.28327
-0.44363 -0.02232 -0.17892
-0.79048 0.00165 0.04724
0.24001 0.04952 0.26075
-0.40267 -0.01627 -0.12182
0.34641 -0.01449 -0.10509
0.38644 -0.02110 -0.36518
0.93015 -0.04454 0.31078
-0.43306 0.03008 0.07739
0.10833 0.03044 0.08072
0.75671 0.02340 0.25246
-0.87822 -0.04551 -0.39772
-0.57963 -0.03165 -0.26698
-0.06768 -0.04733 0.32406
0.66715 -0.00591 0.37279
0.91438 0.04173 0.34227
-0.23919 0.02107 0.10197
0.00462 -0.04185 -0.36324
0.07431 -0.04532 0.34109
0.00559 -0.03579 -0.30604
0.20686 0.01810 0.36853
-0.64041 -0.03758 -0.32291
0.85251 0.01095 0.37118
0.65525 0.02433 0.26119
0.72955 -0.00671 -0.26980
-0.28881 0.01965 -0.00452
-0.33249 0.02829 0.17016
-0.37841 -0.04679 0.33498
0.63175 -0.02454 -0.19988
-0.81095 0.01897 -0.02750
0.66356 -0.03505 -0.29904
-0.10587 0.02775 0.05533
-0.48834 -0.04669 0.31807
-0.47670 -0.00795 -0.28146
0.21094 0.00403 -0.15380
-0.71287 -0.04462 0.34380
-0.64461 0.02850 0.17207
0.72700 0.00032 -0.20346
0.69006 0.01872 0.20823
0.58111 0.02191 0.10988
-0.07374 0.03784 0.35048
-0.80754 -0.04133 -0.35827
0.32120 0.02654 0.15357
0.14497 0.01704 0.04881
-0.17754 -0.00471 -0.01280
-0.28242 -0.04564 -0.41200
0.81431 0.00054 0.03678
-0.22149 -0.03323 -0.28190
0.33855 -0.00827 -0.28447
0.14260 0.02737 0.16140
-0.61594 0.04248 0.30395
0.61242 0.01547 -0.05928
0.87731 -0.02331 -0.18831
0.87696 0.04260 0.19553
-0.51936 0.04241 0.30333
0.15427 -0.00263 0.00684
-0.76843 0.01114 -0.10136
0.54445 -0.00930 -0.05607
0.51218 -0.04334 -0.37731
-0.31046 0.00587 -0.15110
-0.67087 -0.00123 -0.21810
-0.21286 0.02391 0.01913
0.10702 -0.01612 -0.35858
-0.40228 0.04498 0.21791
-0.86398 -0.00079 -0.21394
0.67229 -0.00417 -0.13619
-0.62157 0.02540 0.03317
-0.63527 0.00805 0.10763
0.51666 -0.03167 0.36190
-0.49937 -0.03893 -0.33562
-0.47673 0.02613 0.14976
0.40072 -0.04486 0.31188
0.46806 -0.01578 -0.35538
0.54172 0.01100 0.00697
-0.74716 0.03102 0.08618
-0.14135 0.02953 0.36074
0.51835 -0.00665 -0.26916
0.02174 0.04465 0.21480
0.23857 0.01609 0.04266
-0.48324 0.04385 0.20730
0.87246 0.02273 0.00798
0.66902 0.02490 0.02848
0.43098 0.00194 -0.09224
0.29252 0.01711 0.19308
-0.28223 0.03447 0.22847
0.42280 0.00023 0.03384
0.81621 -0.01142 -0.31420
0.27329 0.01342 0.15825
0.09067 0.04710 0.23798
-0.66935 -0.00995 0.28194
-0.26982 -0.02581 -0.21191
-0.36017 0.00860 -0.07951
0.27978 0.01754 -0.03810
-0.45106 0.01717 -0.03556
0.08391 -0.01717 -0.13032
0.22718 0.01329 -0.08108
-0.42465 0.02958 0.18231
0.41643 0.02483 0.26590
-0.35182 -0.01685 0.37033
-0.17893 -0.03406 -0.28972
-0.45794 -0.01614 -0.35870
0.14644 0.00629 -0.14715
0.21272 -0.02588 -0.21255
0.80553 -0.01614 -0.24909
0.44745 0.00379 -0.17074
0.45814 -0.03074 -0.25840
0.61652 0.02377 0.25594
-0.81513 0.04853 0.25139
0.60189 -0.03835 -0.33021
-0.12965 0.00276 -0.09268
-0.69245 0.00893 -0.12220
0.27736 -0.04136 -0.35859
-0.59541 0.00619 -0.08993
-0.65505 -0.00485 -0.01409
0.80583 0.04671 0.23429
0.67756 0.01891 -0.02806
-0.20541 -0.04161 -0.36096
0.62297 0.01729 0.19478
-0.79256 -0.00995 -0.28012
0.23350 -0.01010 -0.30178
-0.71115 -0.04096 -0.35484
-0.82575 0.03621 0.35313
-0.35223 -0.00040 -0.21026
0.67549 -0.01791 0.28386
-0.72049 0.02343 0.25270
0.22815 0.02883 0.17518
-0.87383 -0.01353 -0.09599
0.19540 -0.03702 -0.31765
0.39191 0.01882 0.20924
-0.59107 0.00779 0.10516
-0.91176 -0.01547 0.28327
0.52477 0.01364 0.16033
0.78306 -0.04749 0.33043
-0.51137 0.00143 0.04512
0.33224 0.00339 0.06367
-0.13661 0.00378 0.06730
-0.68058 0.03106 0.18464
0.02384 -0.02216 -0.17746
0.24875 -0.03043 -0.25551
0.25838 0.00499 0.07876
0.04472 0.02406 0.02052
-0.01326 0.03613 0.35326
-0.32816 0.02735 0.05163
-0.42481 -0.03998 -0.34553
-0.54848 0.02229 0.11354
0.48813 -0.00798 -0.04365
-0.36916 -0.03998 -0.34558
0.35911 -0.00270 0.00622
0.65620 -0.01506 -0.23891
0.20413 -0.01148 0.28231
-0.87435 -0.00715 -0.16425
-0.58517 0.02052 0.22526
0.14056 -0.00991 -0.29994
-0.54644 0.00904 -0.12117
0.07934 -0.01229 -0.32246
0.07609 -0.04371 -0.38077
-0.85098 -0.02689 -0.22206
-0.75030 0.02500 0.02941
-0.19344 0.01224 0.14713
-0.48440 -0.01724 0.28370
-0.88388 0.02015 0.36742
0.40180 -0.02863 -0.23847
-0.25656 0.04186 0.29813
-0.73711 -0.00408 -0.00685
-0.13549 -0.03949 -0.34098
-0.58431 0.00034 0.03484
0.51305 0.02087 0.22855
-0.86563 0.01870 0.20811
-0.57980 0.01780 -0.03855
-0.32458 0.01107 -0.10200
-0.67288 -0.03082 -0.38761
0.17327 0.04905 0.25802
0.30620 -0.03206 -0.39934
-0.74342 -0.03635 -0.31134
-0.84937 0.03011 0.07761
-0.59598 0.00392 -0.16950
0.26890 -0.01131 -0.07508
-0.37571 0.00902 -0.12139
0.56563 -0.01362 -0.22528
0.27634 0.02329 0.25137
0.60773 -0.03391 0.29458
-0.80045 0.00531 -0.15635
0.11370 -0.04739 0.33250
-0.61164 0.00464 0.28137
-0.68111 -0.04026 0.30250
0.17728 -0.03361 -0.28547
-0.66684 0.03758 0.35090
0.37575 0.00375 -0.08442
0.42540 -0.04078 -0.35317
-0.24431 -0.00086 0.02356
-0.04912 -0.00363 -0.24067
0.72454 0.01124 -0.00008
-0.82318 -0.00453 -0.01111
0.91966 -0.01365 -0.22557
-0.56263 -0.00342 -0.23876
-0.39335 -0.03587 -0.30679
-0.75403 -0.01741 -0.13264
0.34439 -0.00798 -0.04369
0.20965 -0.00377 -0.00391
0.39699 0.04209 0.30035
0.27020 -0.03473 -0.29601
0.35093 0.04227 0.23834
0.11793 0.04263 0.30545
-0.80514 -0.01374 -0.09800
0.53438 0.00858 -0.11384
0.93150 0.00880 0.06410
-0.34992 0.01999 0.22022
0.88166 -0.01078 -0.28227
0.35418 -0.03694 -0.31690
-0.82467 -0.00266 0.28119
-0.27524 0.02461 0.13535
-0.09937 0.00133 -0.19390
0.51421 0.02782 0.05604
-0.17329 0.04159 0.29558
0.14594 0.01536 -0.06156
-0.43577 0.04292 0.30812
-0.53734 0.01457 0.16912
-0.21773 -0.01772 -0.13555
-0.52772 0.01503 -0.06463
0.45341 -0.01013 -0.30199
0.13285 0.02785 0.36233
0.36969 -0.00145 -0.22015
-0.03104 -0.03954 0.35313
-0.10127 -0.00893 -0.05257
-0.36821 0.02038 0.09548
0.73720 0.01575 0.18026
-0.43508 -0.00031 -0.20937
-0.89109 -0.02296 -0.31340
0.86022 -0.03865 -0.33303
-0.19409 0.04651 0.23239
-0.73305 0.01294 0.37070
0.58370 0.01389 0.03425
-0.08117 -0.04461 -0.38929
-0.89015 0.01132 0.13844
0.84114 -0.00180 0.01470
-0.81190 -0.01102 0.37205
-0.86351 0.04866 0.25268
-0.90250 -0.00262 0.00695
-0.36693 -0.00641 -0.02883
-0.44118 0.02666 0.04508
0.74992 0.00775 -0.08949
-0.21075 0.00295 0.05953
-0.69349 0.02590 0.03788
0.33741 0.00848 0.11170
0.08679 0.04030 0.28341
-0.69244 -0.00771 -0.18422
-0.65373 -0.00866 -0.28814
-0.48371 0.02196 0.23881
-0.48975 -0.02208 -0.17670
-0.09795 0.00111 0.37297
0.38118 0.00483 0.07721
-0.85145 -0.03321 0.29391
-0.29268 -0.03577 0.29635
0.02575 -0.03005 -0.25191
0.79823 0.01740 0.28493
-0.66796 -0.00958 -0.05878
-0.39986 -0.03060 -0.38547
-0.14664 -0.03285 -0.27826
0.81912 -0.00968 -0.05964
0.55399 0.03166 0.20190
-0.57811 0.01177 0.37099
-0.87323 -0.02977 -0.24927
0.05003 0.01720 0.19395
0.64735 0.00902 0.11673
0.18451 0.00520 0.08071
-0.10691 0.04325 0.20159
-0.47049 -0.03328 -0.41083
-0.70173 0.01461 -0.06856
0.74867 0.04132 0.34367
0.87505 -0.00842 -0.04778
0.41915 0.00807 0.10783
-0.28133 -0.01639 -0.12297
-0.82820 -0.04472 0.34359
-0.47979 0.00920 -0.11960
0.56161 -0.04606 -0.40295
0.18807 0.04430 0.21155
-0.05531 0.02597 0.27671
0.26514 -0.04514 0.34184
-0.06689 0.02303 0.12053
0.31550 -0.03144 -0.26497
0.29891 0.04414 0.33256
0.83911 -0.02807 -0.36714
-0.03681 0.04293 0.19856
0.49364 0.00392 -0.16950
-0.65000 0.01335 -0.08046
0.05238 0.02010 0.07442
0.58688 0.03988 0.34713
0.13741 -0.04225 -0.36699
0.59271 -0.03283 -0.27811
0.36712 -0.01872 -0.14495
-0.44701 -0.01486 -0.10852
0.46026 -0.00320 0.00148
-0.50414 0.01594 0.18205
-0.43262 -0.01841 -0.27565
0.88984 0.02105 0.28716
0.77650 -0.00534 -0.01877
0.79980 0.04337 0.31238
0.71046 0.01340 -0.07999
0.88904 -0.01610 0.37055
-0.75072 0.03962 0.27703
0.15787 -0.04752 0.33175
0.88348 -0.04514 0.31282
-0.25768 -0.00769 -0.04087
0.40218 -0.01347 -0.33358
0.48607 0.03741 0.35118
0.65502 -0.04284 -0.37252
-0.02146 0.00104 0.04149
0.11924 0.03193 0.20445
0.64231 -0.00817 -0.04543
-0.06043 0.01722 0.19410
-0.30886 -0.03750 -0.32213
0.79605 -0.02293 0.36771
-0.02344 0.01677 -0.04824
-0.80832 -0.00184 -0.22379
0.24982 -0.00924 0.28177
-0.08780 -0.00466 -0.01227
0.77535 -0.01354 -0.27386
0.66920 0.04125 0.34390
0.52299 -0.04515 -0.41205
-0.65051 0.00008 0.37294
-0.17277 -0.02237 -0.17937
0.85107 0.01810 0.20240
0.39286 -0.00031 0.37293
-0.67033 -0.03206 -0.27085
-0.89593 0.02746 0.29071
0.44790 0.02188 0.36648
0.44568 0.03491 0.22359
0.92305 -0.01010 0.28197
-0.19588 -0.04725 0.32095
0.61491 -0.01471 -0.10719
-0.71233 -0.01281 -0.32728
0.21537 -0.02954 -0.37551
0.63173 0.00276 0.37301
0.23652 0.02042 -0.01378
0.02513 0.00050 0.03639
-0.22126 0.04012 0.28176
-0.45739 0.00722 0.09974
0.49163 0.00784 -0.13244
-0.43603 -0.00256 0.00754
0.70957 -0.04186 -0.36332
-0.02509 0.00961 0.12234
-0.07312 0.00922 -0.11950
0.09574 -0.00344 -0.21560
-0.15867 -0.01513 -0.11110
-0.60651 -0.01293 -0.32843
0.49568 0.04085 0.28858
0.61473 -0.00422 -0.00821
0.10587 0.02537 0.03295
-0.67964 0.02277 0.24647
0.15263 -0.02826 -0.23501
-0.11187 -0.01765 -0.36420
-0.41776 -0.01067 -0.06901
-0.30433 0.04423 0.32048
-0.75131 0.03229 0.20784
0.00509 0.00405 -0.16827
0.06442 -0.03445 -0.29336
0.67434 0.02653 0.08893
0.56768 -0.03608 -0.30873
-0.01520 -0.01344 -0.33324
0.30869 0.04332 0.20230
0.35068 -0.02903 -0.24226
-0.87897 0.00896 -0.01227
0.76261 0.00457 0.37272
0.73709 0.00333 0.06306
0.03808 -0.03739 -0.32117
0.77003 0.04405 0.20917
-0.18268 -0.00865 -0.05000
0.80542 0.02325 0.01292
0.02296 -0.01519 -0.11169
-0.86759 -0.03978 0.35270
-0.26978 -0.02214 -0.17729
-0.51735 0.02222 0.09120
0.28572 0.02494 0.02889
-0.39498 0.02087 -0.00950
-0.28737 0.04071 0.28728
-0.30732 0.03077 0.19354
0.73838 -0.04732 0.32398
0.07553 -0.03067 -0.25770
0.44089 0.01916 -0.02564
-0.56515 -0.03913 -0.41269
-0.71738 -0.00732 -0.03743
-0.26046 -0.03127 -0.39185
0.20185 -0.00958 -0.05873
-0.52146 -0.03291 -0.27885
0.32293 0.00320 0.28133
-0.22668 -0.01126 -0.07457
0.78458 0.02662 0.04470
-0.72200 -0.00455 -0.24940
-0.84727 0.04401 0.20876
0.72704 -0.03389 -0.28810
-0.33876 -0.02392 -0.36597
0.88022 0.01216 0.14642
0.59551 -0.02264 -0.18193
0.34471 0.00512 0.37259
-0.20167 0.00723 0.09987
0.06228 0.01122 -0.10057
-0.88032 -0.04040 -0.34949
-0.75891 0.01490 0.17227
0.71272 0.02628 0.27965
-0.59263 0.02909 0.17765
-0.65317 0.02650 0.28166
0.42610 -0.01754 -0.27499
-0.55537 0.02525 0.03175
-0.57605 0.02432 0.28917
0.66039 -0.01331 -0.33201
0.42833 0.02856 0.17265
0.77957 -0.03011 -0.38087
0.89035 -0.01980 -0.15520
0.23109 -0.00526 -0.25605
0.81054 0.03091 0.08517
0.65474 -0.03300 -0.40816
0.72519 0.01697 -0.04629
-0.52977 -0.01817 -0.36435
-0.82029 -0.03390 -0.28824
0.05631 -0.01937 -0.15115
0.00987 -0.00723 -0.23463
-0.50175 0.01150 0.00645
-0.00874 -0.04608 -0.40311
-0.12579 -0.00531 -0.25656
0.00472 0.02513 0.14027
-0.13491 0.02251 0.11558
-0.40427 0.00614 0.08962
0.83619 -0.01490 -0.23739
0.54973 -0.01949 -0.15226
-0.80030 -0.02165 -0.17261
-0.74300 -0.04379 -0.38149
0.84967 0.02603 0.27721
-0.25724 -0.01595 -0.27695
-0.85407 -0.00977 -0.29860
0.35542 -0.01483 -0.34640
0.82426 0.01303 -0.08349
0.26764 -0.02471 -0.20153
0.40638 0.03014 0.08702
-0.51303 -0.00609 -0.26394
0.84688 -0.00889 -0.18070
0.29913 0.01149 -0.09806
0.78283 0.01588 -0.05666
0.30485 -0.04745 0.32892
0.66681 -0.02527 -0.20682
-0.74250 -0.00129 -0.21859
-0.22763 0.03129 0.35906
0.48956 0.04471 0.21539
-0.91347 -0.01262 -0.08747
-0.28442 -0.03265 -0.27641
-0.62551 -0.02226 -0.17842
0.61599 0.04622 0.22963
0.38600 0.02343 0.01459
0.18964 0.04325 0.31128
0.77666 0.02249 0.11539
-0.08565 -0.01359 -0.09657
-0.01771 -0.02351 -0.19021
-0.09427 -0.01024 -0.30310
-0.57131 -0.00500 -0.01555
-0.00361 0.02711 0.04937
-0.31538 -0.00269 0.00630
0.09119 0.01590 0.18168
0.11635 0.01835 -0.03330
-0.08263 0.04208 0.30024
-0.10227 0.00779 0.28203
-0.84549 -0.03243 -0.40282
0.54424 0.02634 0.28018
0.78284 -0.02439 -0.19848
-0.58322 -0.01703 0.28365
0.36613 0.02584 0.14700
-0.57790 -0.00975 -0.29841
0.58354 -0.00804 -0.04417
0.00598 0.00883 -0.03618
-0.01156 -0.01164 -0.27332
-0.06244 -0.02176 -0.17370
-0.58113 -0.03972 -0.34309
0.44184 -0.04470 0.31133
0.91156 -0.04230 -0.40367
0.29091 0.00572 -0.15248
-0.23123 0.02001 0.22047
0.20849 0.02522 0.26964
-0.13333 0.03423 0.18554
0.89664 0.01605 0.05464
-0.11542 0.01799 -0.03669
-0.90936 0.03283 0.21297
0.39302 0.02757 0.05364
-0.13956 0.00140 -0.19325
0.20170 -0.01389 -0.09937
0.05873 0.01144 0.28311
0.80591 0.05027 0.26789
0.40985 -0.01894 -0.14701
-0.63625 0.01632 -0.03667
-0.45014 0.01436 -0.07100
-0.16991 0.02511 0.26859
0.34666 0.01984 0.21882
-0.16824 0.04402 0.33451
-0.19179 0.02681 0.04654
0.08986 0.01959 0.36772
-0.56290 -0.02446 -0.19914
-0.27033 -0.04178 -0.36252
0.87537 0.01373 -0.07690
-0.19531 -0.04642 -0.40632
0.02116 -0.02719 0.28883
-0.28518 0.01639 -0.05181
0.03243 0.00097 -0.19732
0.60064 -0.03876 0.35444
-0.31916 -0.01441 -0.27777
0.25375 -0.00161 -0.22169
-0.87240 -0.03308 -0.28044
0.88946 0.02193 0.23852
-0.81026 -0.01778 -0.13611
0.30647 -0.01641 -0.36126
0.24685 -0.01647 -0.36183
-0.28922 0.02019 0.09373
-0.08434 -0.03187 0.29264
-0.85026 0.00141 0.04492
0.92937 -0.00587 -0.02370
0.69387 -0.03111 0.36248
-0.80849 0.01062 0.13186
0.05193 0.04987 0.26404
-0.37970 0.01899 0.21082
-0.36189 -0.02187 -0.17470
-0.30503 0.01209 0.14572
0.12517 -0.01592 -0.11857
0.18525 0.02175 0.23684
-0.26270 0.02360 0.25433
0.09096 -0.03666 -0.41295
-0.07476 -0.01825 -0.14054
0.41411 -0.00550 -0.02023
0.08200 0.00801 0.10723
0.56790 -0.00927 -0.18423
0.48461 -0.01631 -0.27464
-0.86151 0.04141 0.34336
-0.11692 -0.00041 0.02775
0.53297 -0.02823 -0.23475
-0.22956 -0.02486 -0.20292
-0.43519 0.04184 0.22690
0.77170 -0.00946 0.28182
-0.16043 0.01386 -0.07571
-0.88071 0.01900 0.08248
-0.61071 -0.00213 0.01159
0.70975 0.02428 0.02268
0.60014 -0.04315 -0.37547
0.26141 0.00475 0.37268
-0.52656 -0.01397 -0.10017
0.76596 -0.00114 0.02092
-0.30715 -0.00462 0.28114
-0.79720 -0.00714 -0.03572
-0.85787 -0.01690 -0.12784
-0.57139 0.01581 0.18083
-0.30214 -0.02907 -0.24263
-0.59952 -0.03260 -0.40440
-0.33691 -0.02569 -0.21076
-0.26163 0.04412 0.20983
0.58163 0.00535 0.08213
0.87677 -0.01608 -0.12008
0.29394 -0.00012 -0.20756
-0.78442 -0.02967 -0.24826
-0.61018 -0.00527 -0.25616
0.70577 0.02961 0.18260
-0.36681 0.05014 0.27062
-0.32417 -0.01247 -0.08600
-0.54225 -0.02990 0.29077
0.27697 0.04661 0.23328
-0.41588 -0.01940 -0.15142
-0.02310 0.01728 0.19468
-0.40678 0.02007 0.03789
-0.50155 0.00491 -0.16009
0.82663 -0.01210 -0.27899
-0.46708 0.01468 0.37028
0.92440 -0.03235 -0.27353
-0.39231 -0.02364 0.36727
0.46209 0.04840 0.27154
-0.10459 0.01063 0.13190
0.16735 0.03034 0.18945
-0.10432 0.02266 0.24545
-0.50117 -0.02151 -0.30840
0.49739 0.04904 0.25622
-0.86086 0.02478 0.02733
0.48438 0.02610 0.14947
-0.42905 -0.02959 -0.37600
0.15145 -0.03742 -0.32138
-0.34222 0.03072 0.08335
0.77329 -0.01422 -0.10249
-0.14222 -0.01459 0.37100
-0.73020 0.00322 -0.09076
0.66793 -0.02041 -0.16096
0.37729 -0.04539 0.34081
-0.16907 0.02431 0.13257
0.36530 0.03957 0.27657
-0.52478 0.02135 0.23306
0.04679 0.03824 0.34982
0.14218 -0.01071 -0.06942
0.75386 -0.00908 -0.18244
-0.62136 -0.03161 -0.26660
-0.43320 -0.01202 -0.31985
-0.38793 0.04136 0.29345
0.08284 -0.01332 -0.09400
-0.66176 0.02610 0.14942
0.62057 -0.01666 -0.25395
-0.19142 -0.02933 0.29023
-0.60910 0.04617 0.27272
0.66417 0.00361 0.06571
-0.77490 0.02672 0.29063
0.33101 0.01608 0.18334
0.32132 0.04863 0.25235
-0.15124 -0.02806 -0.23309
0.11345 0.02433 0.26117
-0.34938 0.00961 0.12235
-0.31264 -0.04526 -0.39538
-0.03919 0.05030 0.26818
0.59181 0.03079 0.19373
-0.01802 -0.01287 -0.08975
-0.09473 0.02756 0.16326
-0.07100 0.02861 0.06344
-0.34053 -0.00568 -0.16904
0.13140 0.01145 0.28311
0.11258 0.00466 -0.16248
0.44996 0.04032 0.19097
-0.35992 -0.00240 0.28119
0.91765 0.03765 0.25845
0.09031 -0.04184 0.30509
0.52113 0.02678 0.36335
0.39684 -0.04540 -0.39673
-0.27650 -0.03890 0.35429
0.07027 0.02142 0.23372
-0.66312 -0.02260 -0.18157
-0.34393 -0.04738 0.32632
0.48060 0.02909 0.06798
0.81025 0.00955 0.12180
-0.45497 -0.03392 -0.28840
-0.45439 -0.04490 0.34281
0.62836 0.00274 0.05749
-0.06152 0.02073 -0.01086
0.17131 0.01980 -0.01968
-0.17809 0.02209 0.24012
-0.78209 -0.02590 -0.21269
0.90386 0.01590 0.36973
0.17386 0.00637 0.37229
0.28983 0.00887 0.28235
0.53669 -0.04634 0.33684
0.88420 -0.04348 -0.37857
0.00909 0.04418 0.26886
0.72556 -0.00625 -0.15576
0.77610 -0.04142 -0.41244
-0.16676 -0.00717 -0.27206
-0.03680 0.01455 0.16896
-0.83988 -0.00724 -0.03669
-0.67264 -0.01172 -0.31706
-0.83435 0.01597 -0.05575
0.48165 -0.04548 0.34043
-0.62255 0.04394 0.33480
-0.52926 0.03024 0.36006
0.03725 0.01374 0.16128
-0.68685 0.04528 0.22076
-0.71526 -0.04400 0.30897
-0.34524 0.02080 -0.00513
-0.49321 0.00822 0.10925
-0.23739 0.01594 0.18202
-0.64689 -0.02592 -0.21290
-0.77028 -0.04098 -0.35497
-0.28878 -0.01392 -0.33777
0.11940 -0.02598 -0.21345
-0.74619 0.04242 0.30344
0.03708 0.01294 -0.08436
-0.67844 -0.04314 0.34652
0.22078 0.04412 0.33350
-0.82756 0.01366 0.16052
0.88140 -0.03580 -0.30611
0.25355 0.04181 0.29770
-0.74853 0.00423 -0.16659
-0.77646 -0.03740 -0.32121
-0.16825 -0.03835 -0.33023
-0.69022 0.01894 0.36808
-0.38493 -0.00964 -0.05928
0.53485 -0.01217 -0.29835
0.53430 -0.01730 -0.35998
-0.67624 0.02049 0.09654
-0.83115 0.00082 -0.19871
-0.22103 0.02368 0.25512
-0.79636 -0.03841 0.35481
0.55858 -0.03480 0.35861
0.81170 -0.04332 -0.37709
0.40984 0.02528 0.14174
-0.18978 0.00120 -0.19513
0.03749 0.01697 -0.04629
0.51765 -0.03937 -0.33980
-0.06354 -0.00712 0.37276
-0.70382 0.02420 0.13151
-0.15313 0.04451 0.21353
-0.83852 0.02020 -0.00481
-0.36085 -0.02707 -0.22374
0.29838 -0.02377 0.36719
-0.46606 -0.01802 -0.13834
-0.72530 -0.01496 -0.10950
0.19641 -0.02274 -0.18292
-0.26036 -0.00412 -0.00726
0.46947 -0.00140 -0.21964
-0.05827 -0.01438 -0.34215
0.90501 0.01579 0.18059
0.47775 -0.04290 -0.37308
-0.89813 -0.01081 -0.19884
0.91232 -0.00581 -0.15161
0.19440 0.02159 0.10689
-0.39551 -0.01289 -0.08997
-0.40205 -0.03244 -0.27439
-0.81993 -0.02826 -0.23498
0.23068 0.00784 0.10557
-0.75287 -0.04644 0.33644
-0.03494 0.00905 -0.12105
-0.22580 0.02031 -0.01487
0.81921 -0.02567 -0.21054
0.65060 0.01783 -0.00356
0.38449 -0.00039 0.02800
-0.16977 0.00430 0.07226
-0.61073 0.04240 0.19360
0.93150 -0.00702 -0.07792
-0.46834 0.00348 -0.17357
0.47198 0.01128 0.28307
0.00400 -0.00786 0.37274
0.19001 -0.04050 -0.35046
0.02112 -0.00376 -0.00378
0.65376 0.02637 0.15198
0.43602 0.00048 -0.20193
0.07610 -0.03954 -0.34143
-0.81793 0.02860 0.06342
-0.91537 -0.03839 -0.33055
-0.91755 -0.01192 0.31590
0.64525 -0.03174 -0.26787
0.78668 -0.00215 -0.22673
0.12914 -0.00651 -0.26790
0.02275 0.02893 0.08766
0.13588 0.02291 0.00972
-0.44968 0.02242 0.24321
-0.45121 -0.01509 0.28318
-0.31926 0.02635 0.28029
0.20267 -0.04736 0.32548
-0.65670 0.03013 0.07785
-0.31071 0.02413 0.02119
-0.51980 -0.00731 0.28130
0.45837 0.01487 -0.06612
0.32758 0.02063 0.02837
-0.71702 0.02343 0.01461
0.92539 -0.04466 0.34373
0.28576 0.01379 -0.00183
0.92828 0.02142 0.10528
-0.62232 0.00718 -0.13872
0.05857 -0.03082 0.29164
-0.59117 -0.00843 -0.04788
-0.55810 0.02088 -0.00517
0.19730 -0.00944 -0.29553
-0.41598 0.02459 0.28933
0.12190 0.01163 0.14138
-0.71604 0.02072 -0.01098
0.12541 0.03487 0.23218
0.74410 0.04332 0.27422
0.75654 0.02911 0.06818
-0.48859 0.02573 0.27439
0.35925 0.00178 -0.18967
0.51732 0.00155 -0.19183
0.86050 0.02208 0.11153
-0.63731 -0.01581 0.28335
-0.22596 -0.01170 -0.31683
0.46832 -0.01215 -0.08302
0.61747 0.02079 0.09931
-0.16236 0.01634 0.00212
-0.47365 0.02660 0.04452
-0.69164 0.04224 0.30171
0.75278 -0.03128 -0.26352
0.73220 0.02126 0.23220
0.17086 0.01149 0.14004
-0.72173 -0.00061 -0.18797
0.72455 0.00018 0.03334
0.87603 -0.00011 0.03060
0.00288 0.01887 0.20972
-0.78264 0.04160 0.20634
-0.05304 0.02492 0.02863
-0.88726 -0.01044 -0.06689
0.65260 -0.03462 0.35879
-0.67267 0.00434 -0.16554
0.84088 0.01123 0.13757
-0.53309 -0.03853 0.35468
-0.58993 0.00717 -0.13883
0.44266 -0.03008 -0.38061
0.48035 0.04421 0.32028
-0.18415 -0.02717 -0.22470
-0.46028 -0.00418 -0.24588
0.63978 -0.03246 0.29320
-0.56448 0.00292 -0.17891
0.44588 0.00614 0.08961
-0.68501 -0.02768 -0.22951
-0.31979 -0.01858 0.36982
-0.00172 0.04700 0.23702
0.54262 0.00722 -0.02867
0.57047 0.03717 0.25388
0.32618 0.02967 0.08051
-0.71519 0.02123 0.10346
-0.17681 -0.04326 0.34631
0.81093 0.03895 0.34865
0.05974 -0.02550 -0.20899
-0.67060 -0.03866 -0.33310
-0.62277 -0.01320 -0.09290
-0.34787 -0.00931 -0.05619
0.15905 0.02471 0.02672
-0.19732 -0.02436 -0.19817
0.82539 -0.01433 -0.10353
-0.90902 -0.03926 -0.39249
-0.13440 -0.03521 0.29582
-0.80417 0.02613 0.27817
0.79225 -0.03259 -0.27588
-0.13950 0.02446 0.02437
-0.73688 0.00826 0.10962
0.21129 0.00038 0.03525
-0.86653 0.02464 0.13566
0.19758 -0.02903 -0.24226
0.31534 -0.03096 0.29177
-0.08209 -0.01002 -0.27265
0.54500 -0.04273 0.30654
0.01849 0.00979 -0.11407
-0.37252 -0.01899 -0.14751
-0.04632 -0.03021 -0.38186
0.59309 -0.03001 -0.25153
0.36532 -0.03197 -0.27002
0.65976 -0.01549 -0.11450
0.93150 -0.02636 -0.33678
-0.71200 0.03947 0.27556
-0.60714 0.02835 0.06100
0.42925 0.04220 0.34068
-0.12773 -0.02512 -0.20541
0.30985 -0.01940 -0.15144
-0.17086 0.00123 0.28128
-0.26250 -0.02567 0.28800
0.42095 -0.02600 -0.21367
-0.05342 0.01731 -0.04312
-0.36537 0.02220 0.36630
0.17237 -0.00033 0.02849
-0.74951 0.01435 -0.07102
0.67178 0.02188 0.28767
0.05539 -0.02641 0.36558
0.70112 0.03662 0.35247
-0.91755 -0.00453 0.35329
0.23660 0.01290 0.15340
-0.55609 -0.00855 -0.04906
-0.51825 0.01836 -0.03323
-0.24479 0.01705 -0.04558
0.78518 -0.02102 -0.16669
-0.05118 -0.03620 0.29676
-0.74347 -0.01641 0.37046
-0.35858 -0.00570 -0.25206
0.38531 -0.03764 -0.32353
-0.12950 -0.00860 -0.28761
0.71129 0.02795 0.08818
-0.20332 -0.00858 -0.28736
0.66438 0.02046 0.22470
0.75323 0.01158 0.14087
0.80686 0.00372 0.06679
-0.78453 -0.04506 -0.39347
0.57700 -0.03732 0.29782
-0.78127 0.01587 -0.05671
-0.86224 0.00655 -0.14464
0.45871 0.02633 0.04199
0.25623 0.01636 0.18599
-0.30456 0.00907 -0.12083
-0.73940 0.01002 -0.11191
-0.83870 0.01751 0.19690
-0.15206 0.02775 0.05537
-0.36899 0.02530 0.03228
-0.81373 0.02244 0.00527
-0.75946 -0.01246 -0.08595
-0.62289 -0.00879 -0.28942
-0.68844 0.01343 0.15833
0.08186 -0.00390 -0.24321
0.39286 0.01525 -0.06261
-0.53411 -0.00544 -0.01963
0.44429 -0.01629 -0.12205
-0.57745 -0.01500 -0.10988
-0.04320 0.03996 0.34701
-0.72143 0.00783 -0.13254
0.84601 -0.00393 -0.13390
-0.09701 -0.01389 -0.33754
0.33265 0.03641 0.35281
-0.70548 -0.00975 -0.29841
0.05485 -0.00577 -0.26089
0.17340 -0.01165 -0.31639
0.51415 -0.03342 -0.28363
0.14266 0.02308 0.09075
0.89121 0.04297 0.30858
-0.81485 -0.01392 -0.33778
-0.65258 -0.02871 -0.36769
-0.45353 -0.04447 -0.38792
-0.50255 0.01913 0.21216
0.61171 0.04413 0.31956
0.60415 0.02403 0.12988
0.68451 0.02339 0.25234
-0.59569 -0.02891 -0.24113
-0.11446 0.04634 0.23079
0.09526 -0.02043 -0.16115
-0.15123 -0.04277 -0.41230
0.50374 0.01729 0.19476
-0.23704 -0.04105 0.35036
0.36003 0.00934 -0.11829
-0.25629 0.00244 0.05466
0.21075 -0.00273 -0.23222
0.17370 -0.01186 0.28240
0.82885 0.02117 -0.00668
-0.89229 -0.02714 0.36513
-0.51299 -0.04265 -0.37081
-0.88657 -0.00365 -0.13122
0.62225 0.02691 0.28558
-0.63349 0.01830 0.00268
0.26755 -0.00580 -0.02309
-0.37105 0.04549 0.22275
-0.18292 -0.02176 -0.36536
0.33796 0.02633 0.28005
0.45571 -0.03868 0.35452
0.49064 0.00589 0.08723
0.30240 -0.00033 0.02853
0.84664 -0.03157 -0.39464
0.77600 0.04724 0.23925
-0.14125 -0.02881 -0.36867
-0.19410 -0.01574 -0.11687
0.46303 -0.02182 -0.17423
0.67377 -0.00433 -0.00922
-0.85552 -0.00423 -0.00825
-0.29741 0.02888 0.06607
0.69451 -0.01204 -0.08198
0.70877 -0.02365 -0.19150
0.20703 -0.01289 0.37150
0.06696 -0.00519 -0.01731
-0.28982 -0.01626 0.37050
0.37144 0.02176 0.23694
0.11311 0.02798 0.16718
0.26091 0.02438 0.13319
0.55195 -0.01563 -0.11581
-0.84886 -0.04273 -0.37155
-0.42719 0.01071 -0.10539
0.56609 0.04432 0.32574
0.22713 -0.01833 -0.14126
-0.40734 -0.02871 0.28966
-0.55612 0.00314 0.06125
-0.81445 -0.01055 -0.30600
-0.46780 -0.02723 -0.22525
0.72301 -0.03131 -0.39223
0.10752 0.00272 0.05727
-0.38941 0.02194 0.11018
-0.81939 0.04541 0.22205
0.36688 0.04019 0.34663
-0.54003 0.04683 0.23539
-0.54422 0.00208 -0.09232
-0.33175 0.04416 0.33207
0.68357 0.04275 0.19692
-0.66540 -0.04362 -0.41221
0.07523 0.01666 -0.04928
0.20989 0.01712 0.19315
-0.64283 0.04277 0.19705
0.93150 0.02319 0.31500
0.15835 0.00342 -0.17418
0.85515 0.01443 0.16781
-0.38263 0.02939 0.07084
0.67048 -0.01624 -0.35970
0.01398 -0.01557 -0.35332
-0.08776 -0.04212 0.34840
-0.71973 0.02814 0.05901
0.22036 0.04674 0.23453
0.37722 0.04324 0.20156
0.08610 -0.00928 0.37256
-0.60406 -0.04311 -0.37514
0.81471 -0.04554 0.34016
0.22642 -0.04526 -0.41204
-0.20997 0.00583 -0.15147
-0.04888 0.01322 -0.08176
-0.51253 0.04413 0.33299
0.60159 -0.00220 0.28120
-0.58727 0.04338 0.31248
0.09938 -0.00575 -0.02260
0.85582 -0.01824 0.36992
0.43654 -0.01266 -0.32591
-0.86088 0.01364 -0.07776
0.17531 -0.02600 -0.21371
-0.57716 0.01278 0.15222
-0.27683 0.00056 -0.20113
0.37886 -0.00636 -0.02833
-0.33843 -0.03701 -0.31752
0.30000 0.00291 0.05908
-0.19268 0.02017 -0.01616
0.18083 -0.01233 -0.08468
-0.12783 -0.00408 -0.00688
-0.83105 0.00652 -0.14494
-0.77288 -0.01961 -0.15340
-0.32725 0.00559 0.08440
0.52923 0.02517 0.03107
0.22509 0.04303 0.19953
0.21111 0.00890 -0.10367
-0.54837 0.01156 0.14074
0.00862 -0.01937 -0.15111
0.15746 -0.01067 -0.27305
-0.52551 -0.03755 -0.32260
0.64988 0.02454 0.36503
-0.69972 -0.00246 -0.22964
0.69129 -0.01598 -0.11916
0.11102 0.00834 0.11035
-0.45867 0.02829 0.17007
0.60381 0.01097 0.37118
0.37557 -0.01441 -0.10432
0.18584 -0.00548 -0.02006
0.71211 -0.01100 0.28219
0.25692 -0.02753 -0.22813
0.26870 -0.02101 -0.16663
0.75642 -0.04239 -0.36828
-0.76745 0.00347 0.06439
0.72304 -0.01002 -0.06286
-0.04893 0.00554 -0.15419
-0.05997 0.00264 0.05655
0.40373 -0.01566 -0.11613
0.40447 -0.00216 -0.22687
-0.32279 -0.01211 -0.32070
-0.26368 0.02740 0.16174
-0.10779 0.00971 -0.11488
0.66801 0.04858 0.25188
0.09820 0.00731 -0.13751
0.67245 0.02299 0.12008
0.83057 -0.03639 -0.31170
0.36259 -0.02509 -0.20510
-0.24697 -0.01378 -0.33648
-0.16941 0.02445 0.36508
0.87772 0.01926 0.21336
0.78922 -0.01518 -0.32363
0.63474 -0.03517 -0.30016
-0.50912 0.02614 0.14979
-0.53200 0.02662 0.28280
-0.58592 -0.01710 0.37025
-0.15384 -0.00162 -0.13607
0.19782 0.01395 -0.07482
-0.11299 -0.02205 -0.17640
0.12432 0.04412 0.33347
0.16227 -0.03478 -0.41315
-0.70883 0.03572 0.35395
-0.61754 0.00240 0.05425
0.40524 0.01116 -0.10115
-0.40561 0.00656 -0.14460
0.08070 0.01860 0.20710
0.76117 0.01710 0.28478
0.12017 -0.04185 0.30509
-0.26393 0.00682 0.09597
0.06508 0.02619 0.04061
-0.73838 -0.00106 0.02164
-0.76847 0.02590 0.14758
-0.86409 -0.04736 0.32528
-0.22221 -0.01867 -0.36449
-0.23630 0.01265 -0.08709
0.27607 -0.04429 -0.38626
0.08327 -0.02725 -0.22546
-0.89014 0.01557 0.05010
0.77968 -0.00509 -0.25444
-0.55178 -0.00768 -0.26491
-0.19765 0.02064 0.28692
0.69261 -0.00962 -0.29726
-0.10760 0.02750 0.08841
-0.06199 -0.03292 0.36058
-0.48546 -0.01309 -0.09190
-0.48933 0.01690 -0.04701
0.60893 0.01719 0.03957
0.26571 0.04438 0.32338
-0.36609 -0.04297 -0.37378
-0.46298 -0.00746 -0.03872
-0.43842 0.00382 0.06772
0.42489 0.01668 -0.04908
-0.53663 -0.00122 -0.21799
-0.39757 0.04202 0.18998
0.40240 0.01875 -0.02951
-0.48384 -0.04343 0.34600
-0.65487 0.04630 0.23044
-0.02314 0.00366 -0.17192
-0.30888 -0.02481 -0.20247
-0.64998 0.02523 0.03156
0.70377 -0.04677 0.33508
0.12792 -0.03539 -0.30223
-0.07104 0.04303 0.19958
-0.69099 -0.00491 -0.01466
-0.66820 0.01049 -0.10747
-0.65181 0.05034 0.26848
-0.48725 -0.00461 -0.01188
-0.87607 -0.02943 -0.37447
-0.17506 0.02747 0.16235
-0.00238 -0.00116 0.02072
-0.81955 -0.00992 -0.06194
0.80775 0.03148 0.18476
0.47709 0.01977 -0.01988
0.66730 0.00626 -0.08991
-0.08824 0.00868 -0.07943
0.03551 -0.04392 -0.38279
-0.48656 -0.01390 -0.33761
-0.07738 -0.01751 -0.36416
0.76065 0.02978 0.18419
0.62093 -0.01039 -0.06640
0.13375 -0.01877 -0.14546
-0.77059 0.02231 0.00406
0.70695 0.00916 0.11810
-0.91504 0.01042 0.12992
-0.67708 -0.00982 0.37240
0.33934 0.01155 -0.09749
0.18325 -0.04340 -0.37780
-0.43676 0.01886 0.36812
0.78376 -0.04073 0.30326
-0.84028 0.04433 0.32533
0.76214 0.02051 0.22515
0.59228 -0.01645 -0.12356
-0.55775 0.04212 0.30061
-0.32539 -0.00665 -0.03112
-0.90829 0.01305 0.02634
0.88546 -0.03864 0.35457
-0.45309 -0.00076 0.02447
-0.12370 0.01465 -0.06820
0.52968 0.02304 0.12059
-0.21119 0.02892 0.06642
0.37017 -0.04275 -0.37166
0.83458 -0.02015 -0.15849
0.09340 -0.00957 -0.05861
0.53541 0.00056 -0.16498
-0.58178 0.01488 -0.06605
-0.30020 -0.00876 -0.05103
-0.45185 0.04175 0.34222
-0.09540 0.01803 0.20179
-0.16903 0.01041 -0.10827
-0.62952 0.02577 0.14638
-0.22271 -0.00347 -0.00109
0.21688 -0.03519 -0.30036
-0.74055 -0.01289 -0.27368
-0.09623 0.00151 0.04592
0.73179 -0.02574 -0.21122
0.77544 0.04323 0.33720
-0.76250 -0.03421 0.35923
0.00147 -0.02630 -0.21654
-0.44636 0.04264 0.19588
0.83315 0.02619 0.04064
0.86321 -0.01269 -0.21658
-0.39771 0.01088 -0.10378
0.68193 0.02233 0.00425
-0.89345 -0.01350 -0.22423
-0.75953 -0.02788 -0.23137
0.62595 0.02830 0.17020
-0.25516 0.00975 0.12367
0.09175 0.02109 -0.00745
0.59966 -0.04743 0.32830
0.82410 0.04454 0.21378
0.46490 -0.03356 -0.28495
0.88060 0.01752 -0.04038
0.38243 -0.01017 -0.06434
0.16719 -0.01675 -0.12639
-0.04926 0.00010 -0.20553
-0.09188 -0.03636 -0.31141
-0.77499 0.02441 0.04148
0.53249 0.01709 0.19289
-0.04169 0.02310 0.24958
0.67535 0.04565 0.22429
0.93150 0.01260 0.36054
0.55994 0.00728 0.10033
-0.51137 -0.01156 -0.07746
0.50098 -0.02970 -0.24855
-0.83028 0.04407 0.27383
-0.04030 -0.04728 0.32232
-0.04275 0.01943 0.21494
0.81732 -0.00640 0.37278
0.84502 -0.03394 -0.28855
-0.02070 -0.04295 -0.37364
-0.63554 0.00027 -0.20393
0.23963 -0.04228 -0.36726
-0.70829 -0.03116 -0.26235
0.41429 0.00508 0.07958
0.16213 0.02424 0.26033
0.57688 0.01602 0.18279
0.80658 -0.01557 -0.35333
-0.35114 0.04352 0.20420
-0.83459 0.00646 0.09264
0.86717 0.00307 0.06063
-0.59407 0.00016 -0.20498
-0.04295 -0.01743 -0.13277
0.08273 0.02386 0.01868
-0.28594 -0.04413 -0.38470
-0.78929 0.04762 0.24288
0.78903 -0.00495 -0.14346
0.42573 0.05030 0.26815
0.24050 -0.01368 -0.33553
0.80363 0.02284 0.24714
0.03489 -0.00981 -0.06091
-0.60005 0.02731 0.08852
-0.42520 -0.02492 -0.20346
-0.25256 0.02343 0.01461
-0.55599 -0.03700 -0.31743
-0.82579 0.00293 0.05934
-0.24738 0.04140 0.34340
-0.37620 -0.03331 -0.28261
0.60231 -0.03549 -0.30323
0.35010 -0.00516 -0.25514
0.52071 -0.00266 -0.23158
-0.07115 0.04748 0.27202
0.02424 0.00651 -0.14504
-0.21119 -0.02701 -0.22319
-0.32370 0.01927 0.21345
0.84951 -0.00959 -0.05886
0.59974 0.04157 0.29540
-0.01350 -0.00842 -0.04781
-0.61277 0.01446 0.16812
0.50830 0.01055 -0.10690
0.14538 -0.00423 -0.24637
0.89205 -0.01981 0.28481
0.42038 0.00297 0.28133
0.58257 0.01152 0.14033
-0.91755 0.01143 0.29330
0.16957 0.01397 -0.07461
0.75461 -0.04080 0.30338
0.64927 0.01532 0.17620
0.71684 -0.00725 -0.03673
0.62710 -0.04326 -0.37651
0.91916 0.01821 0.20343
0.58362 0.00248 0.05506
-0.26817 0.00784 -0.13244
-0.18859 0.03739 0.35121
0.80382 0.00007 -0.09615
-0.21418 -0.03918 0.30074
0.50363 0.02488 0.26637
-0.13366 0.00449 -0.16407
0.85908 -0.03855 0.29970
-0.00489 -0.03042 -0.25536
0.90906 -0.03001 -0.25154
0.77951 0.00153 -0.19206
0.55481 0.03486 0.23213
0.00016 0.04417 0.33137
-0.86700 -0.01592 -0.34949
0.33629 0.02778 0.05567
-0.68370 -0.04134 -0.35842
0.15112 -0.03097 -0.38900
0.56747 0.00366 -0.06226
-0.48054 0.01751 0.19686
-0.85941 -0.00801 -0.27230
0.87681 0.02449 0.26274
0.24703 0.02523 0.26966
0.73094 -0.02604 -0.36657
-0.01149 0.04200 0.18985
0.02896 0.04193 0.18915
0.67814 0.02755 0.05351
-0.00833 0.02335 0.09061
-0.61834 0.01448 -0.06986
-0.09988 -0.01922 -0.14970
0.53034 0.00119 0.04287
-0.76415 0.00739 -0.13673
0.71435 0.01249 0.14946
-0.40641 0.01887 0.20968
-0.18287 0.04271 0.19650
0.15913 -0.03700 0.35629
0.32140 -0.00575 -0.26072
0.11016 -0.00410 -0.24518
0.62290 -0.02816 0.36451
-0.77215 -0.01536 -0.11324
-0.74434 0.03690 0.25133
0.04682 0.04350 0.31359
-0.80464 -0.03149 -0.26546
0.22962 -0.00192 0.01357
0.13305 0.01291 -0.08465
0.24019 0.02332 0.07258
-0.83917 0.01686 0.36921
0.39658 -0.00340 -0.00045
0.26910 0.04927 0.25847
-0.21100 -0.01351 -0.09583
-0.42171 0.02080 0.09948
0.11684 -0.02990 -0.37896
0.43809 -0.02850 -0.23724
-0.58898 -0.00315 -0.23618
0.23311 0.00971 -0.11484
-0.86332 0.02459 0.26369
-0.36689 -0.03593 -0.30736
-0.58848 0.02453 0.02496
-0.60447 0.02243 0.24325
-0.24189 0.00863 -0.12506
0.51486 -0.01108 -0.07293
0.04666 0.04699 0.23695
-0.38611 -0.03257 -0.40413
-0.56293 -0.03381 -0.28734
0.16822 0.02774 0.05525
-0.57329 0.03355 0.35691
-0.33389 -0.00240 -0.22911
-0.53841 0.00661 0.09406
0.53962 -0.01999 0.36940
-0.78900 0.01321 -0.08178
0.68328 -0.03908 0.30056
-0.18221 0.04815 0.27167
-0.24611 0.01585 0.36976
0.04538 -0.00267 0.00643
-0.70016 -0.04586 -0.40109
0.33643 0.00039 -0.20274
0.35093 -0.02090 -0.16559
-0.37821 0.00074 -0.19952
-0.42962 0.02417 0.02157
0.05464 0.04346 0.20363
-0.26045 -0.03040 -0.25522
0.46441 0.02246 0.00547
-0.74997 -0.01094 -0.30971
0.26858 0.00632 -0.09456
-0.84277 -0.03044 -0.25560
-0.54087 0.02755 0.05353
0.36197 0.00137 0.04453
-0.34057 0.01732 0.19510
0.76956 0.04878 0.27134
0.85562 -0.01509 -0.34881
-0.21500 0.00187 -0.18033
-0.79427 -0.03420 -0.29107
0.32783 0.02312 0.24976
0.34053 0.04295 0.19875
0.39164 0.00049 -0.20181
-0.05592 -0.00471 -0.01280
-0.58959 0.04608 0.22832
-0.63049 -0.01142 -0.31424
0.83654 0.03068 0.08305
-0.86091 -0.01250 -0.32436
0.63177 -0.04601 -0.41196
-0.75747 0.02173 0.10826
0.69094 -0.01873 -0.14509
-0.81824 0.00719 -0.08964
-0.16068 -0.02521 -0.20621
-0.71078 -0.01028 -0.06532
0.46382 0.04708 0.23778
-0.59787 -0.00799 -0.28188
-0.30562 0.02218 0.24091
0.76086 -0.00310 -0.23567
-0.27868 0.04434 0.32478
0.29627 -0.01782 -0.27596
0.70711 -0.03609 -0.41301
0.01212 -0.00611 -0.26414
-0.47696 0.04691 0.23617
0.76596 -0.04173 0.34912
-0.86893 0.03989 0.22277
0.22785 0.01575 0.28438
-0.23448 0.02542 0.03342
-0.55872 0.02525 0.26986
-0.04331 -0.03570 -0.30517
0.82892 0.01736 -0.04269
0.60877 -0.01105 -0.20106
0.05074 -0.04749 0.33047
-0.57997 0.00532 0.08186
-0.03201 -0.02615 -0.21504
0.20789 0.04950 0.26063
-0.69389 0.00866 0.11334
-0.68898 -0.01658 -0.12481
-0.58363 0.00983 -0.11368
0.39063 0.04330 0.33696
0.43113 -0.01561 -0.35370
-0.44690 -0.00940 -0.29515
0.16419 -0.02164 -0.17256
-0.24872 -0.02885 -0.36905
0.66619 -0.01066 -0.30706
0.76324 0.02064 0.09204
0.20769 -0.01655 -0.12447
0.89511 -0.02774 -0.23005
0.90314 -0.00833 -0.17540
0.36081 0.02143 0.09163
0.39795 0.00233 0.05368
0.48258 0.01697 -0.04635
0.32575 -0.00589 -0.02388
-0.61731 -0.00690 -0.03348
0.76751 -0.00962 -0.29725
0.59879 0.00079 -0.08936
0.83506 -0.03920 -0.33821
-0.33609 0.01418 -0.07262
0.13972 0.01765 0.19814
0.18402 0.01899 0.21085
0.84702 0.03230 0.35810
0.46370 0.00686 -0.14169
0.08444 0.01479 0.28410
0.86490 -0.01225 -0.32207
0.52650 0.02070 -0.01117
0.35777 -0.01164 -0.31627
-0.63261 -0.01606 -0.35795
0.21377 0.00518 0.08050
0.60150 0.03888 0.27004
0.26263 -0.01945 -0.31501
-0.41831 -0.00555 -0.25886
-0.10117 -0.00258 -0.23078
-0.21186 0.01790 -0.03761
0.36473 -0.01068 0.37215
0.00681 0.02530 0.36461
-0.36674 0.02685 0.15651
0.06620 -0.04251 -0.41233
-0.26302 0.01998 0.22017
-0.02075 -0.01082 -0.30854
-0.86566 -0.02470 -0.20138
-0.18863 -0.00515 -0.25509
0.30476 -0.01373 -0.33601
-0.29351 -0.04701 0.31914
0.35451 0.01375 -0.07675
0.04296 -0.00725 -0.03676
-0.29440 0.01342 -0.07981
0.13636 0.00492 0.37264
0.46574 -0.02643 -0.21775
-0.69878 -0.02149 0.28573
0.02202 0.02568 0.03585
-0.36528 0.00322 -0.17611
-0.36018 -0.01576 -0.35513
0.47867 0.00176 -0.18985
0.45769 -0.00616 -0.26454
-0.15239 -0.00504 -0.01590
0.32049 -0.03424 -0.29145
0.90139 -0.02612 -0.34323
0.69880 -0.01783 -0.26506
0.05216 -0.02226 -0.17841
0.53106 -0.03133 -0.39245
0.46951 -0.00618 -0.02668
0.82757 -0.01503 0.28316
0.69567 -0.03916 -0.33784
0.17249 -0.03944 0.30115
-0.40708 0.01658 0.01220
-0.30592 0.03807 0.26240
-0.48766 0.02881 0.06533
-0.36397 -0.03755 0.29807
0.21846 -0.01571 -0.35472
0.52366 -0.03587 -0.30679
-0.01142 -0.03384 -0.28762
-0.58486 -0.03636 -0.31143
-0.85076 -0.01990 -0.15612
-0.13456 -0.01442 -0.34253
-0.42600 -0.01604 -0.35782
-0.48744 0.02045 -0.01349
-0.56174 -0.02841 -0.23644
0.23852 -0.03000 0.29086
-0.41958 -0.01363 -0.09700
-0.82400 -0.03107 -0.38998
0.73214 0.02850 0.06246
0.48249 0.02550 0.03412
0.50123 0.03059 0.08213
0.02366 -0.01255 -0.08678
-0.56951 0.01014 0.12736
-0.45602 0.01226 0.14732
0.34506 0.01237 0.14834
-0.35154 -0.03733 0.35595
0.90016 -0.01200 -0.20999
-0.22951 -0.00959 -0.28031
-0.80333 0.04141 0.34335
0.37554 -0.03239 -0.40239
-0.65834 0.00051 0.03644
-0.44104 -0.00620 -0.02682
0.24394 -0.01130 -0.07495
-0.78152 -0.00012 -0.20761
0.47662 -0.01332 -0.33210
0.05653 0.02619 0.15026
0.04195 -0.01689 -0.12773
-0.70774 -0.01539 -0.35163
0.14238 -0.01799 -0.34303
-0.11569 0.01411 0.16477
-0.57811 -0.01237 -0.32315
-0.83263 0.02355 0.25382
-0.11302 -0.00619 -0.02671
0.79619 -0.00717 -0.03599
-0.08715 -0.02160 -0.17212
0.61199 0.02879 0.07652
-0.50450 0.00938 -0.11799
-0.66648 -0.04736 0.32526
-0.72868 0.01530 -0.04649
0.50503 0.02466 0.13590
0.11140 -0.04603 -0.40262
0.10265 -0.01142 -0.31423
-0.85558 0.00166 -0.19080
0.69569 -0.01509 -0.34847
0.84207 0.01484 -0.06643
0.69638 -0.00876 0.37272
0.93150 -0.01035 -0.10255
0.50641 0.02418 0.02167
-0.29749 0.01954 0.21604
0.43870 -0.00528 -0.01815
-0.60652 -0.04022 -0.34782
-0.27114 -0.01574 -0.35493
-0.32709 0.04289 0.30788
0.56006 -0.02476 -0.20196
-0.12458 -0.04410 0.34476
-0.56641 0.01285 -0.08518
-0.82864 -0.00200 0.01277
0.52317 -0.03082 -0.25918
0.73871 -0.01160 -0.31589
0.30508 0.01485 -0.06635
-0.65066 -0.01143 -0.07616
-0.54084 0.01901 0.21099
-0.62988 0.02707 0.29084
-0.36863 0.02717 0.28802
0.69398 0.04062 0.28646
0.03287 -0.01823 -0.33570
0.12365 0.04012 0.28173
0.74081 -0.01366 -0.09725
0.58322 -0.02589 0.36590
-0.28671 0.02412 0.25920
-0.16423 0.00158 -0.19154
0.24095 -0.01735 -0.27493
0.61984 -0.04079 -0.35325
-0.29571 -0.00115 0.02079
0.43879 0.02623 0.15068
-0.06388 0.02209 0.36636
-0.15808 -0.03057 -0.25679
0.33767 0.00831 -0.12809
0.48481 -0.03258 0.36094
-0.28878 0.02526 0.03190
0.90924 0.01074 0.00454
-0.89384 -0.00044 -0.10092
0.25364 0.00528 -0.15665
0.84920 0.02066 0.22659
-0.53642 0.04307 0.33774
-0.41670 0.04438 0.32324
-0.66094 0.02254 0.11586
0.49766 0.00883 0.11495
0.18764 0.01520 -0.05275
0.39675 -0.04258 -0.37007
-0.08386 0.03082 0.08434
-0.43430 -0.01773 -0.13564
-0.25852 0.01461 -0.06857
0.12765 0.00967 -0.11519
-0.83504 -0.04600 0.31574
-0.64394 0.02796 0.05732
0.63370 0.00782 -0.08947
0.59192 0.01056 0.00287
0.27839 -0.03724 -0.31975
-0.70693 0.03065 0.08272
-0.07626 -0.00181 -0.18734
0.86733 -0.02099 -0.16636
-0.34473 0.04951 0.26071
-0.05898 0.04154 0.29517
-0.40354 -0.04119 -0.35699
0.72557 0.00557 0.08422
0.32367 -0.04545 0.31387
0.91426 -0.03772 -0.32423
-0.10029 -0.03053 -0.38485
-0.15252 0.04005 0.28110
0.72484 -0.03989 -0.34473
0.39487 -0.01590 -0.27452
-0.52743 0.00222 -0.14202
0.05524 -0.01236 -0.32308
0.05098 0.01989 0.21934
-0.46171 0.02273 0.11767
0.62604 -0.01072 -0.30757
0.89714 0.03176 0.20289
-0.06248 -0.04700 -0.41184
-0.48602 -0.03017 -0.38150
-0.60742 -0.03756 -0.32276
-0.41180 0.02181 0.23745
-0.16347 0.03047 0.08107
0.16104 -0.03974 -0.34330
0.09968 0.03340 0.21833
-0.27174 -0.04243 0.30606
-0.21301 -0.00521 -0.25558
0.75880 0.01586 -0.05686
0.13099 0.02036 -0.01437
0.57624 -0.01765 -0.26337
-0.31446 -0.00093 -0.18112
-0.34175 -0.00665 -0.26915
0.74727 0.02028 -0.01511
-0.73586 0.02916 0.17828
0.56309 0.00858 -0.01582
0.17365 0.04632 0.23061
-0.07732 0.01509 0.17401
0.91907 0.02375 0.12728
0.80326 0.01456 -0.06911
0.24178 0.04401 0.31844
-0.17946 0.01024 -0.03568
0.65568 -0.02258 -0.18139
0.93150 -0.02415 -0.20452
0.66257 0.04276 0.27452
-0.51953 0.00731 -0.08961
0.37528 0.00884 -0.04778
0.16846 -0.00808 -0.04463
-0.45832 -0.00470 -0.21256
-0.14306 -0.03490 0.35850
-0.81185 -0.02903 0.28994
0.25964 0.02653 0.08893
-0.28623 -0.00399 -0.00604
0.00141 -0.03043 -0.38391
0.08372 0.00531 -0.15633
-0.04975 0.04435 0.32453
0.69684 0.01750 -0.01367
-0.13062 0.02214 0.08550
0.62297 -0.03299 -0.27958
0.26864 -0.03222 -0.27239
0.72490 0.03716 0.35159
-0.23720 -0.00896 -0.05291
0.15464 -0.03102 -0.26107
-0.35973 0.01371 -0.04169
0.18906 0.03970 0.18708
-0.06133 -0.01584 -0.11780
0.08036 -0.01479 -0.34604
0.64450 0.04892 0.25516
0.74911 -0.00656 -0.15866
-0.53594 -0.03530 -0.30141
0.14151 -0.02507 -0.20494
0.16433 0.01741 -0.04220
-0.84089 -0.01516 -0.11142
0.61149 0.03971 0.19129
0.56234 0.04232 0.30244
-0.50227 -0.02420 -0.19669
-0.64770 -0.03134 -0.26400
0.57845 -0.03867 -0.33320
-0.04486 0.01148 0.14000
0.78557 0.03926 0.18696
-0.20518 0.04432 0.21168
0.28299 0.00108 0.04182
-0.45619 0.03056 0.08192
-0.25527 -0.01146 -0.31459
-0.77268 -0.01535 -0.35132
0.75595 -0.01157 -0.07748
0.62898 -0.00770 -0.16944
0.02765 -0.04135 -0.35851
0.10299 -0.01459 -0.10604
-0.21996 -0.00101 0.02212
-0.91509 0.04077 0.28791
0.01146 -0.03327 -0.28230
-0.25848 -0.00273 -0.18685
