-0.39209 0.50791 0.06103
-0.07281 -0.95579 0.02226
0.18416 0.02673 0.31726
0.15087 -0.14531 0.01124
0.00446 0.67545 -0.01360
-0.01852 0.52300 0.00294
-0.19391 -0.20302 -0.30595
0.11966 -0.18882 0.19580
0.07455 -0.13320 0.11977
0.51823 -0.04208 -0.05990
0.05577 -0.03777 0.53400
-0.10305 -0.03533 -0.49896
-0.39686 0.13411 0.00767
0.23333 0.60136 -0.29029
0.19633 0.12842 -0.34359
-0.18131 0.13312 0.33413
0.19658 0.60507 0.35064
-0.06035 -0.66157 0.08492
-0.01086 0.37883 -0.00876
-0.51609 -0.04175 0.12348
-0.23718 0.40765 -0.32221
-0.16662 -0.14366 -0.28536
0.37462 0.13536 0.00329
-0.18881 0.30662 0.38983
0.24901 0.12437 -0.39178
0.01415 -0.40271 -0.11555
0.41326 0.37660 0.01291
0.42502 -0.02351 0.30851
-0.44066 -0.04134 -0.27359
0.12538 -0.89565 -0.12843
-0.27358 -0.18308 0.00711
0.06520 -0.33843 0.12825
0.20271 -0.92854 0.21748
0.19873 -0.21949 -0.33834
-0.30027 -0.03592 0.44668
-0.18407 -0.22586 0.33514
0.18981 0.23966 0.40433
-0.15033 -0.95193 0.21748
-0.44125 0.20941 -0.06240
0.05848 0.35629 -0.40194
-0.19858 0.60657 0.34986
-0.19909 -0.91555 -0.18585
-0.12012 -0.30047 0.04497
-0.01872 0.08745 0.00946
0.06314 -0.68065 -0.05117
-0.39196 0.23655 0.20899
0.38860 0.60626 -0.04002
-0.18752 0.13531 -0.32427
0.32193 0.31663 -0.26836
-0.23340 0.15778 -0.39792
0.10184 -0.19438 -0.17957
-0.06182 0.60706 -0.37083
0.40041 -0.12386 0.01822
0.17408 -0.04163 -0.48994
-0.10269 -0.17229 0.17305
0.37824 0.23463 0.23764
0.18992 -0.23427 0.33604
-0.33673 0.60791 -0.18552
0.41872 -0.01831 -0.29335
0.05657 0.42028 0.40434
-0.05292 -0.11407 -0.07379
-0.07484 0.16141 0.45812
-0.09059 -0.55925 -0.06142
-0.07548 -0.85022 0.00091
-0.19603 0.14874 -0.41236
0.44682 0.17822 -0.08143
0.32501 0.44948 0.23427
0.03824 0.14572 -0.45450
-0.30812 0.42788 0.26581
0.25888 -0.03878 0.45657
-0.36745 0.19851 -0.25201
0.16090 -0.95579 0.00295
-0.52624 -0.03332 -0.08347
0.10311 -0.52620 0.05546
-0.36999 0.59936 -0.13795
0.19385 -0.06172 -0.34927
-0.41578 -0.02528 0.31849
0.05823 -0.26371 -0.05023
-0.37483 0.36886 -0.16463
-0.29478 -0.03622 -0.43810
0.00186 0.60212 0.40446
0.47003 0.08464 0.13074
0.34226 0.48655 -0.19645
0.23194 0.30710 -0.34665
0.33772 -0.15718 0.00993
-0.13041 0.01478 0.50194
0.07691 -0.95579 -0.13356
-0.16112 0.27966 0.40700
-0.04409 -0.28069 0.11668
0.03490 -0.95579 0.21613
-0.02799 -0.06131 -0.01931
-0.12512 0.32816 -0.39896
-0.45541 0.16367 0.05933
0.09332 0.52122 -0.37392
-0.40314 -0.02723 -0.00587
-0.31622 0.13504 0.35605
-0.08234 -0.48122 0.10533
-0.20159 -0.04299 0.36079
0.32207 0.10721 0.35943
-0.32876 0.60205 0.20163
-0.17767 -0.91146 0.05181
0.38540 0.15567 -0.24945
0.07528 -0.85022 0.03754
-0.06416 -0.91078 -0.16693
-0.37795 -0.22535 0.00293
0.35963 0.60449 0.12593
0.08838 0.13226 0.46463
-0.22469 0.60837 -0.31362
0.39960 0.43072 -0.04232
-0.00544 -0.89506 0.13994
0.41918 0.27240 0.12161
0.51135 -0.02193 0.10670
-0.41703 0.33522 0.07154
0.29888 -0.03677 -0.41168
-0.14444 0.12637 -0.44487
0.21267 0.40520 0.35605
0.21555 0.47470 -0.32390
0.13553 -0.35642 0.01252
-0.10247 0.45573 0.39350
-0.45700 0.08826 -0.15606
-0.21727 -0.02868 -0.33111
-0.44524 0.09214 0.19414
-0.10326 -0.48777 -0.05556
0.05465 -0.68058 0.07861
-0.11615 -0.11644 0.01476
-0.09003 -0.32529 -0.08440
0.16104 0.52649 0.36369
0.07728 -0.52030 -0.08868
-0.35614 0.08787 -0.32501
-0.05962 -0.73651 -0.02843
0.02432 0.26753 0.43716
0.37306 -0.00473 0.02465
0.01500 0.23082 0.00201
0.02367 -0.12488 -0.04984
-0.38438 0.60761 0.03021
-0.00554 0.49193 -0.39234
0.39818 0.31013 -0.13020
0.27618 0.27998 0.33656
0.13077 0.21622 -0.42232
-0.22600 0.30080 -0.35531
-0.13692 -0.95579 -0.09346
0.45706 0.03221 -0.18847
0.16702 -0.14575 0.29186
-0.09814 -0.61803 0.03969
-0.31068 0.27451 0.30801
-0.39995 0.42511 -0.04422
0.02780 -0.95579 0.05640
0.04376 0.01214 -0.49742
-0.11929 0.48554 -0.37020
-0.30558 0.30059 -0.29878
-0.32981 0.47085 -0.22031
0.20516 -0.95058 -0.20479
-0.22603 0.47791 0.33495
0.30125 0.57725 0.24228
0.40970 0.08131 0.26677
-0.11739 -0.95579 0.07810
-0.09165 -0.43022 0.09381
0.22679 0.08919 -0.42133
0.14584 -0.95579 0.12753
-0.49893 0.04453 -0.00164
-0.05820 0.34804 0.41673
0.17969 -0.91280 0.10757
-0.22441 0.07315 0.43800
0.18615 0.07301 0.45252
0.33569 0.60518 -0.17189
0.03238 -0.63283 -0.09075
-0.10281 -0.19072 -0.17285
0.38639 0.45595 0.11606
-0.02684 -0.13163 0.06967
-0.37475 0.41678 0.16715
0.48911 0.06844 -0.01518
0.36678 -0.04038 0.38931
-0.16885 -0.16815 0.28658
0.13711 0.31654 0.40392
-0.04469 0.20115 -0.43867
0.00115 -0.85022 -0.06818
0.15806 -0.14733 -0.28958
-0.28691 0.60866 0.27342
0.48697 -0.02452 0.19636
0.08329 -0.30391 -0.09031
0.17392 -0.91136 -0.03773
0.01049 -0.95579 -0.07348
0.34023 0.07101 -0.34703
0.21581 0.12138 0.42428
0.15358 -0.03837 0.51583
0.31950 0.20656 -0.31281
0.03460 0.11881 0.47941
-0.47555 0.08578 -0.07092
-0.00971 -0.50636 -0.11091
0.43152 0.26703 -0.00259
-0.21214 -0.92665 -0.05979
0.35607 0.35747 0.22345
-0.04993 0.07449 -0.47877
-0.01840 -0.76213 0.06474
0.14214 0.40332 -0.37209
0.02268 -0.55517 0.11779
-0.20567 0.02786 -0.45423
0.39954 0.01174 -0.01050
-0.37279 0.28069 -0.21210
-0.10709 0.59627 0.38969
0.45700 0.17054 0.03431
-0.48165 0.06526 0.11831
-0.21659 0.49512 -0.32280
0.17219 0.11402 0.34603
-0.43336 0.27333 0.01469
0.07979 -0.26869 0.04328
-0.38608 0.52199 -0.05653
0.09545 -0.41766 -0.06924
-0.01926 0.42245 0.00775
-0.07719 -0.94771 -0.20479
0.14033 0.60470 -0.36157
-0.10105 0.19875 0.44816
0.04245 -0.47095 0.12636
-0.47754 -0.02447 0.22660
0.13869 0.07957 -0.45700
-0.21598 0.18105 0.40655
-0.30094 0.17956 -0.33391
0.03505 0.52884 0.39354
-0.04177 -0.24930 -0.03327
-0.33785 0.00052 0.39053
-0.38362 0.14967 0.27173
0.38252 0.08467 0.30055
-0.05519 -0.91809 0.20927
0.36517 0.25938 -0.22608
0.35793 0.38509 -0.19914
-0.41722 0.31806 -0.08310
-0.15203 0.37744 -0.37739
-0.15122 -0.90260 -0.04313
-0.37964 -0.02464 -0.36282
0.42633 0.16608 0.17435
-0.39820 -0.13069 0.00807
-0.48252 -0.01959 -0.18209
-0.02947 0.03773 0.50340
0.15357 -0.95579 -0.11152
0.20163 -0.06697 0.35871
-0.04827 0.39657 -0.40023
-0.12818 -0.38164 -0.01832
-0.36309 0.52659 0.15002
-0.21280 -0.94011 0.11959
0.38823 0.52625 0.05137
0.02779 -0.78749 -0.03942
-0.36131 0.34161 0.22605
-0.03503 -0.95579 0.14304
-0.26555 0.08646 -0.39584
-0.29230 0.60702 -0.24198
-0.02351 0.63922 0.05559
0.07670 0.34441 0.41458
-0.25199 0.38289 0.33254
0.24144 0.51491 0.31143
-0.21853 -0.02867 0.47389
-0.10646 -0.87757 0.11266
0.17621 0.04912 -0.30852
-0.14058 -0.43385 0.00884
-0.41880 0.06078 -0.25834
0.05751 -0.93587 -0.20479
0.38030 0.51902 -0.09882
-0.39948 0.06045 0.02657
0.20162 0.52981 -0.33187
0.03272 -0.17702 0.00437
-0.29333 0.05710 -0.39170
0.09707 -0.59553 -0.03229
0.25862 0.38257 0.32051
0.10476 -0.43242 0.06522
0.02266 -0.07933 0.02722
0.27152 0.38968 -0.30107
0.27893 0.04768 0.41239
0.29733 0.54818 -0.23935
-0.05695 -0.65915 -0.07929
-0.25479 0.22460 -0.35990
0.00667 -0.28529 -0.11217
-0.32624 0.36828 -0.25050
0.37338 0.60139 0.05660
-0.38236 0.06234 0.31762
-0.42849 0.24516 0.12465
-0.01864 0.00733 0.00351
0.34309 0.18370 0.29808
0.23546 0.02452 -0.44177
-0.09860 -0.85022 -0.08913
0.09933 0.04862 0.48992
-0.41372 0.23019 -0.15721
0.09354 -0.90430 0.16003
-0.05662 0.45230 0.40005
-0.37461 0.45523 -0.13089
-0.05292 0.27951 0.43453
0.22189 0.23554 -0.37468
0.03566 0.59283 -0.38352
0.43402 0.11264 -0.17506
-0.52375 -0.04130 0.01318
0.27241 0.18850 0.36770
0.13439 0.30759 -0.39809
0.08351 0.60887 0.38685
0.24696 -0.18667 0.00877
-0.01554 -0.38848 0.12825
-0.13670 0.09315 0.46751
-0.01472 -0.85022 0.05857
0.37908 0.42669 -0.13217
-0.17488 0.02872 -0.33371
-0.04053 0.29339 -0.42073
-0.07455 -0.41374 -0.11121
-0.42684 0.17702 -0.15045
0.41136 0.21339 -0.15629
-0.17672 0.04882 0.35658
-0.04136 -0.56379 0.11656
0.06079 -0.95579 0.15145
0.09128 -0.69548 0.00681
-0.11995 -0.52415 0.03247
0.24283 0.51407 -0.30219
0.05258 0.27686 -0.41843
0.48113 0.07647 0.06692
0.39784 -0.21467 -0.00497
0.10727 0.20704 0.44485
-0.28647 0.51475 0.28166
-0.17059 -0.95579 0.00240
0.39995 0.06490 -0.27619
0.49822 -0.04207 -0.14928
0.10189 0.46686 0.39506
-0.09010 -0.69467 -0.00238
-0.13267 0.57844 -0.35484
-0.17414 0.23216 -0.40149
-0.16714 -0.08961 0.33141
0.03242 -0.89948 -0.13607
-0.43687 0.05803 0.24402
0.31137 0.01707 -0.39297
0.48621 0.03453 -0.09973
0.36342 0.52048 0.15190
-0.40548 0.41668 0.05135
-0.21280 -0.95280 -0.10472
0.12011 -0.49108 -0.02019
0.21043 -0.04073 -0.46619
-0.26151 0.26383 0.35529
0.10135 -0.63991 0.01867
0.19036 -0.91481 -0.13672
-0.00245 -0.95333 -0.20479
-0.01751 0.17105 0.01324
0.38167 0.36722 0.15362
-0.39488 0.32070 0.15351
0.40748 0.35080 0.09548
0.00865 -0.72003 -0.06666
-0.17647 0.42044 0.36924
-0.04170 -0.16889 -0.00794
-0.18802 -0.06640 -0.30442
0.39979 0.41960 0.03902
0.37615 -0.03104 -0.37334
-0.45359 0.17449 -0.03584
-0.10962 0.24297 -0.41976
-0.35706 0.51198 -0.15560
0.45581 0.05973 0.18870
-0.33249 0.50503 0.22324
-0.27863 0.52923 -0.27541
-0.18802 -0.16860 0.00157
0.06010 0.44489 -0.38755
0.21942 0.31207 0.36773
0.40946 0.16270 0.21772
0.39987 0.37615 -0.07537
0.09677 -0.85811 0.10339
0.47551 -0.04105 -0.21995
0.32279 0.01129 0.39945
-0.28434 0.18783 0.36131
0.21607 -0.12042 0.33489
-0.42822 0.17207 0.17319
0.15543 0.14125 -0.43415
0.09188 -0.85022 -0.09160
-0.04413 -0.04240 0.52784
-0.16452 -0.90764 0.13515
0.12813 -0.30042 -0.01264
-0.40349 0.13125 -0.24213
-0.11976 -0.95579 0.15560
0.07975 -0.12481 0.01238
0.33001 0.29261 0.27823
-0.14514 0.51729 0.37263
-0.05681 -0.95579 -0.11883
-0.01078 0.29958 -0.00879
0.34689 0.12139 -0.31039
-0.10778 -0.27586 -0.01337
0.04779 -0.63260 0.10350
-0.13368 -0.89626 -0.12963
0.51279 0.00181 0.02665
0.12001 -0.94473 0.21748
0.18074 -0.11473 -0.34852
0.09740 -0.95579 -0.01645
0.44448 0.18725 0.09452
0.19242 0.17288 -0.40866
-0.37530 0.59923 -0.05554
0.03589 -0.76453 0.05638
0.39142 0.50895 -0.02732
-0.20689 -0.12378 -0.34579
0.27215 0.45614 0.29658
0.04355 0.63922 0.00001
-0.14929 0.04954 -0.46536
-0.48469 0.03099 -0.13092
-0.03154 -0.24606 0.05216
-0.41865 0.36396 -0.00350
-0.00383 -0.82911 0.00684
-0.21108 0.07224 0.32792
0.44398 0.02117 0.25250
0.36929 0.31528 -0.20662
-0.05930 0.54452 0.38924
-0.01082 -0.59822 -0.09796
-0.13019 0.20046 -0.42813
0.20698 0.37361 -0.35390
0.36311 -0.07196 -0.00776
-0.45448 0.20275 -0.00192
-0.39640 0.44374 0.09000
-0.11161 -0.37843 0.05972
0.29653 0.47818 -0.25180
-0.26538 0.33144 -0.32203
0.33668 0.52996 0.20946
0.20887 -0.92671 0.04500
0.07642 -0.45379 -0.10038
0.11984 0.00679 -0.48929
-0.26498 0.45633 0.30904
-0.29204 0.07323 0.39827
-0.01081 -0.03879 -0.51271
-0.14701 0.46025 -0.36244
-0.16595 -0.95579 -0.19517
0.16140 0.14060 0.44064
0.42476 0.27074 -0.07450
0.39988 0.23008 0.19535
-0.03484 0.11891 0.47611
0.25694 0.24639 -0.34443
-0.09710 -0.37460 -0.07215
-0.50804 -0.00607 0.08075
-0.29316 0.42236 -0.27973
-0.14258 0.36433 0.39292
-0.18751 -0.10619 0.37058
-0.17076 0.13472 0.44003
0.13456 0.39189 0.39355
-0.01352 0.40525 0.41266
-0.39998 0.31089 -0.14280
0.32290 0.37621 -0.24796
-0.13691 -0.19459 -0.23639
0.10116 -0.35705 0.07205
-0.47954 0.10371 0.00014
-0.50314 0.01872 -0.03880
-0.22854 -0.03447 -0.47498
-0.11385 -0.91215 0.18507
-0.35972 0.24093 0.26356
0.16392 0.51471 -0.35105
-0.21000 0.06363 -0.30819
-0.37336 0.58854 0.11077
0.22361 0.02917 0.45762
-0.00372 -0.70323 0.08472
-0.02380 0.14035 -0.46213
0.39815 0.21215 -0.19836
0.15635 -0.95579 0.05035
0.25140 0.59192 0.30202
-0.20621 0.00980 0.32305
-0.04449 0.63922 -0.02552
-0.06476 0.49775 -0.38043
-0.34921 0.41773 -0.20778
0.37138 0.01248 0.35018
-0.03827 -0.88770 -0.11469
0.14797 -0.95579 -0.18623
0.46791 0.12636 -0.03927
0.46469 0.09684 -0.10301
-0.40276 0.01220 -0.30109
0.03929 -0.28654 0.12709
0.15028 -0.90364 0.02988
-0.09552 -0.61219 -0.03393
-0.24639 -0.00714 0.46331
-0.16737 -0.02953 -0.48210
-0.34704 0.07171 0.35674
-0.01720 -0.95579 -0.01713
0.36150 0.59909 -0.10602
-0.40301 0.37951 -0.09906
-0.34237 -0.15621 0.01306
0.27038 0.17813 -0.35526
-0.21280 -0.95166 0.21554
0.20065 -0.95579 0.14205
0.48774 0.00612 0.15097
0.09421 0.54515 0.38414
-0.03616 -0.44873 0.12748
-0.33040 0.27364 -0.26997
-0.39165 0.45930 -0.06898
-0.05831 -0.95579 0.08958
0.06032 -0.85022 -0.02698
0.08211 0.19962 -0.43731
-0.00553 0.33235 0.43035
-0.23788 0.55773 0.31144
-0.13886 -0.19550 0.23415
-0.38468 0.04018 -0.01419
-0.32880 0.01592 -0.38265
-0.21867 0.08228 -0.42830
0.01878 -0.86844 0.10478
0.07772 -0.57143 0.08670
-0.01013 -0.33778 -0.11555
0.17168 0.01958 0.48276
-0.32007 0.54621 -0.21438
-0.05542 -0.77928 0.01658
-0.39953 0.18830 -0.21836
0.19928 0.47182 0.34960
0.20644 -0.95579 -0.03894
0.40159 0.08421 0.01678
0.11272 -0.88337 -0.01905
-0.11851 0.30616 0.41905
0.06912 -0.40725 0.12754
0.01646 0.23143 -0.43444
0.23760 0.24834 0.37588
-0.08796 -0.13990 -0.12321
0.35126 0.07419 0.34700
0.02481 -0.23450 0.01696
0.30446 0.39537 0.27404
0.18152 0.18113 0.41943
0.17019 -0.06594 -0.31453
-0.09314 0.02487 -0.49059
0.09377 -0.31738 0.08486
-0.46956 0.01745 0.19253
0.29137 0.28245 -0.31160
-0.36493 -0.08933 -0.00700
0.28415 0.08898 -0.37807
-0.44239 0.22705 0.06077
0.13358 -0.42117 -0.00320
0.08768 0.29745 0.42239
-0.34490 0.14922 -0.30971
-0.22231 0.25134 0.38913
0.07367 0.09258 -0.46576
0.11253 -0.33733 -0.03965
-0.07845 -0.36716 0.11714
0.27492 0.44556 -0.28816
-0.08660 0.15200 -0.45037
-0.01434 0.18879 0.46204
-0.18874 -0.16066 0.33540
0.19008 -0.03287 0.31568
0.03132 0.40403 -0.40092
-0.30566 0.34060 0.29890
0.03572 0.53599 -0.38359
0.28804 0.52723 0.26751
0.44279 0.21945 0.04672
-0.30688 0.54528 0.25016
-0.46313 0.12378 0.09154
0.42582 0.31373 0.01164
0.04014 -0.12118 0.06324
0.09015 -0.95579 0.08008
-0.34758 0.43034 0.21379
-0.47976 0.08869 0.04505
-0.12477 -0.95579 -0.03866
0.44742 0.20834 -0.01981
0.15748 0.08587 0.46380
0.35346 0.42471 0.19828
0.06326 -0.75921 0.01279
-0.02845 -0.83644 -0.03868
0.15852 -0.90724 0.16792
-0.51285 -0.04084 -0.13836
-0.42571 0.28478 0.08108
-0.11063 -0.87951 0.04755
0.05399 0.03104 0.50209
0.30308 0.33206 0.29481
-0.05766 -0.72381 0.05297
-0.17675 0.54068 -0.34057
0.10507 -0.95579 -0.07797
0.37159 0.01897 -0.33348
-0.38935 0.55632 -0.00602
-0.49607 0.01812 0.13517
-0.37524 0.45805 0.14099
-0.45007 0.03026 -0.21517
-0.45541 0.15288 -0.09917
0.02057 0.05550 0.50159
0.13597 0.25402 0.41892
0.04736 0.18057 0.45930
-0.02609 -0.50042 0.12419
0.01256 0.47124 -0.00396
-0.12555 -0.57581 0.00812
0.20844 0.08209 -0.33930
-0.05346 -0.47065 -0.11368
-0.16625 0.21863 0.42105
0.38573 0.01736 -0.31598
0.34921 0.20501 -0.26882
0.14770 -0.19018 -0.24700
-0.27005 0.59040 -0.27541
-0.01478 -0.61930 0.10630
-0.45467 0.12488 0.13645
-0.08277 0.07716 0.48620
0.37703 0.29060 0.21324
-0.33559 0.21046 0.30731
-0.47611 -0.03269 -0.23753
-0.40001 -0.07892 0.02605
0.40585 0.09875 -0.25058
0.17269 0.00377 -0.31204
0.28845 0.21714 0.34199
0.03704 -0.48338 -0.11287
-0.08061 -0.25966 0.01553
0.28348 0.60350 -0.24475
-0.21121 -0.95579 0.03495
-0.23342 0.55376 -0.30708
0.19089 0.60808 -0.33638
0.01174 0.32857 -0.41356
-0.42643 0.13288 -0.18572
-0.29237 0.45490 -0.26715
0.47219 -0.03305 0.25192
0.33993 0.58553 0.18344
-0.07587 -0.95579 0.19666
0.06429 -0.03344 -0.50312
-0.40568 0.17269 0.22711
-0.02000 0.55076 -0.38110
0.09375 0.39461 -0.39409
-0.39807 0.38681 0.11307
-0.04872 0.60673 0.38479
-0.00156 -0.17595 -0.02989
-0.04719 -0.54973 -0.10582
0.13753 0.59715 0.35881
-0.20724 0.52624 0.34325
0.16386 0.46688 -0.35304
-0.09002 -0.53901 0.08054
-0.09022 -0.31637 0.09675
0.17674 0.01419 -0.46601
0.35167 0.53008 -0.15595
0.12798 -0.49514 0.01852
-0.00351 -0.00563 0.52585
-0.02026 -0.33624 0.12825
-0.38122 -0.03871 0.38194
-0.36822 0.54275 -0.12080
-0.19119 -0.15708 -0.32523
0.25353 0.14227 0.39431
-0.17416 0.00879 0.48720
-0.38826 0.38235 0.14770
0.46729 0.12100 0.06886
-0.10960 0.36666 -0.39719
-0.13773 -0.32374 -0.00177
-0.35300 0.28620 0.24882
-0.37531 0.01233 0.34949
-0.26547 0.03108 0.43725
0.02687 0.06251 -0.48560
0.37016 0.14250 0.28245
0.21317 -0.03997 0.47693
-0.19989 0.43727 -0.34418
-0.36699 0.59919 0.15774
0.19284 0.06769 -0.43907
-0.44017 0.00498 0.26918
0.15256 0.34591 -0.38246
-0.23539 0.31436 0.36194
0.30548 -0.04135 0.43468
-0.52648 -0.02499 -0.03621
0.20947 -0.94936 -0.09761
-0.41118 0.07344 0.27368
-0.03855 0.44772 -0.39041
-0.32750 -0.03584 -0.39196
0.20781 0.54124 0.33399
-0.25802 0.01626 -0.43215
0.03393 0.46934 0.40364
0.17996 0.32209 -0.37615
-0.12648 -0.49574 -0.01408
0.14754 -0.95579 0.17570
0.12330 -0.31512 0.03370
0.40022 0.46489 0.01204
-0.43815 0.25281 -0.03182
-0.11110 -0.47426 0.05640
-0.30512 0.10640 -0.35801
0.22639 0.35796 0.35556
0.11313 0.46354 -0.37840
0.05493 -0.95579 -0.07884
0.47343 0.12237 0.01911
-0.32264 0.23007 -0.30357
0.42061 0.21605 0.14492
-0.17344 -0.91040 -0.10064
-0.34444 0.55111 0.19793
-0.02209 -0.07816 0.03359
-0.35308 0.55464 -0.16348
-0.05981 -0.13166 0.11724
-0.10905 -0.03007 0.52776
0.10929 -0.03397 0.51003
-0.21871 0.35408 0.36496
-0.18261 -0.95579 0.16879
0.00473 0.29422 0.02235
-0.48941 0.07680 -0.01577
-0.03241 0.50430 0.39674
0.19767 -0.11377 -0.30826
0.40424 0.03173 0.29629
-0.04910 -0.28302 -0.10813
-0.16549 0.32239 -0.38346
0.08830 -0.47878 0.08955
0.11389 0.15989 0.45667
-0.26203 0.13604 -0.38457
0.06802 -0.95579 0.01963
-0.39765 0.47129 -0.00997
0.38758 0.55486 0.00470
0.09666 -0.91910 -0.19747
-0.24202 0.13029 0.41477
0.10769 0.57388 -0.36429
0.15151 -0.95579 -0.05355
-0.49398 0.04906 0.06814
-0.05023 0.22783 0.44765
0.39708 0.34897 -0.11304
0.43868 0.07605 -0.20243
-0.26608 0.27238 -0.33645
0.02737 -0.95579 -0.15541
-0.11231 0.35973 0.41028
0.17686 0.27238 -0.38829
0.46372 0.06151 -0.14561
0.00551 0.19087 -0.44956
-0.26026 0.37440 -0.31089
0.16114 0.44037 0.37105
0.42569 0.09938 0.21815
-0.42067 0.31505 -0.03411
-0.18589 0.27205 -0.38213
0.01454 0.55211 0.01274
-0.41614 -0.03521 -0.32627
0.39226 0.47232 0.06418
0.32792 0.42284 -0.22997
-0.39970 0.27167 0.17713
0.30475 0.12698 -0.34803
-0.19610 -0.95579 -0.15796
0.41603 0.32823 -0.05160
-0.14592 0.01114 -0.48531
-0.11382 0.26551 0.42994
0.37644 0.54168 0.10252
0.10856 -0.59777 0.02423
0.06663 -0.52682 0.11853
-0.49399 0.03820 -0.08446
0.32993 0.53046 -0.20547
0.27657 0.33453 -0.30565
0.49773 0.02898 0.06819
-0.08120 0.27922 -0.41458
-0.37158 0.32379 -0.19549
-0.05534 -0.85022 0.09420
-0.00014 0.33275 0.02391
0.44372 0.13965 -0.13068
0.10276 0.12275 -0.45656
0.40032 0.26198 -0.16113
-0.03275 -0.78395 -0.03942
0.38785 0.46431 -0.09394
-0.10101 0.53867 -0.37163
0.00516 -0.03707 0.02222
0.42243 0.29745 0.06176
-0.18045 -0.03812 0.32031
0.18959 -0.08794 0.31395
0.39814 0.26439 0.16815
-0.01638 -0.19034 0.02550
0.38509 0.49574 0.09802
0.19719 -0.17032 -0.32974
-0.29943 0.01645 0.41299
-0.02284 -0.95579 0.01895
-0.23946 0.60494 0.32056
-0.34712 0.16322 0.31269
-0.49120 -0.02690 0.17468
0.08237 -0.35849 -0.09190
-0.06003 -0.89527 0.14036
0.20563 0.13465 -0.41548
-0.42868 0.24958 -0.10866
-0.43117 0.08571 -0.21087
-0.32864 0.36833 0.26005
-0.04386 -0.95579 -0.05645
-0.10331 -0.42762 -0.06108
-0.46905 0.15058 0.01343
-0.28359 0.40428 0.30435
0.33783 0.39611 0.23618
-0.14040 -0.91574 -0.19251
0.03345 -0.87328 -0.09455
-0.16803 -0.95579 -0.05877
-0.17418 0.54135 0.35426
-0.30131 0.46830 0.27076
-0.21034 0.38401 -0.34716
0.01508 0.05749 0.01027
-0.01592 0.59497 -0.38883
-0.08846 0.01926 0.50589
-0.10869 0.41865 -0.38490
0.34314 0.23284 0.28410
0.35997 0.46739 0.16625
-0.19180 -0.91450 0.18026
0.00357 0.13314 -0.01011
-0.25614 0.45759 -0.30290
-0.29808 0.13794 -0.35160
-0.04208 -0.01311 -0.50699
0.41117 0.14345 -0.21582
-0.12185 0.13828 0.45886
-0.26346 0.09204 0.41263
0.06996 0.08624 0.48451
-0.08935 -0.27816 -0.05346
-0.08174 -0.50351 -0.09004
0.38583 0.41778 0.12277
0.26082 -0.02080 -0.44907
0.43822 0.01217 -0.25664
0.07403 -0.63815 -0.05415
0.04085 -0.90623 0.16521
-0.14550 -0.95579 -0.14489
-0.40770 0.43226 0.01702
0.20502 -0.95579 0.07722
0.15913 -0.91288 -0.17543
-0.32974 0.05712 -0.35909
0.01375 -0.95579 0.16765
-0.14474 0.47252 0.37795
0.24749 0.30929 0.34687
0.37875 0.35009 -0.16601
-0.11272 -0.33187 -0.04509
0.01637 -0.21584 -0.02213
-0.35772 0.48139 0.18367
0.12878 -0.89328 0.10208
0.05247 0.22774 0.44694
-0.05726 -0.41077 0.12825
0.31282 0.24903 0.31707
-0.37112 0.11022 0.30129
-0.20626 0.01560 -0.30518
0.23921 0.41766 0.33339
-0.14009 0.28088 -0.39891
0.51092 0.00405 -0.02216
-0.02105 -0.80002 0.04963
-0.21168 -0.07808 -0.34098
0.38098 0.55793 -0.04315
0.51722 -0.03817 0.00054
-0.40663 0.37507 -0.05092
0.51052 -0.03789 0.06082
0.20115 -0.91797 -0.00580
-0.25958 0.49871 0.30648
-0.18259 -0.03740 0.50586
-0.30516 0.22958 0.33240
-0.06850 0.33889 -0.40808
0.23372 0.18623 -0.38539
-0.11692 0.08866 -0.46168
0.31199 0.06797 0.38273
0.43579 0.20660 -0.11105
-0.37863 0.00078 0.02961
0.13276 0.25844 -0.41027
0.16633 0.56596 -0.34084
-0.33394 0.32018 -0.25006
0.05213 -0.12945 -0.09207
-0.38045 0.31762 0.19922
-0.37325 0.09358 0.02612
0.07347 -0.58567 -0.07652
-0.38163 0.23191 -0.22595
0.23193 0.07160 0.43409
0.39188 0.41611 -0.09036
0.35378 0.43791 -0.18897
0.18891 -0.16071 0.34258
0.19817 -0.17953 -0.00394
-0.39866 0.51113 0.00869
-0.44883 0.17913 0.10204
0.08278 -0.91771 0.20893
-0.05331 0.39807 0.40848
-0.27310 0.31110 0.32932
-0.17761 0.60073 -0.33039
0.22725 0.47237 0.33249
-0.17997 0.06577 0.45920
-0.12284 -0.88780 -0.08537
0.36691 0.05342 0.01989
0.26730 0.56176 -0.27313
0.16765 -0.90966 -0.09994
-0.19248 0.00194 0.36323
-0.36889 0.37746 0.19655
0.31495 0.15373 0.34289
-0.16705 0.42036 -0.36428
0.34041 0.16454 -0.29778
0.34384 0.13241 0.32767
0.18337 0.34091 0.38345
0.48610 0.06663 0.02720
-0.07028 0.23048 -0.43166
0.46410 0.00499 0.20907
-0.02082 -0.95579 -0.14440
0.19617 -0.01775 0.36018
-0.03415 -0.23396 0.01085
-0.17284 -0.09578 -0.34763
-0.22091 0.41567 0.35035
-0.01779 -0.91496 -0.18675
0.23007 0.20437 0.39527
0.09688 -0.54154 -0.04952
-0.10178 0.40900 0.40404
-0.38657 -0.17093 0.01721
-0.26760 0.17897 -0.35967
0.09825 0.05191 -0.47621
-0.37757 0.41384 -0.14877
-0.41981 0.13278 0.21447
0.37151 0.49083 -0.12723
-0.38342 0.05704 -0.30052
-0.11737 -0.95579 0.02381
0.24215 0.42329 -0.31740
-0.17751 -0.12390 0.30518
0.18481 -0.95579 -0.16494
0.07446 0.50356 0.39084
0.31748 0.48797 0.23545
0.40172 0.39502 0.07889
0.02135 -0.56260 -0.10407
0.20997 -0.02945 -0.32115
-0.11134 -0.53030 -0.03325
-0.10842 -0.65061 0.00571
0.10727 -0.03143 -0.51522
0.07706 -0.63045 0.06532
-0.08249 -0.66875 0.04279
0.34177 0.56784 -0.17938
-0.29728 0.34435 -0.28989
0.29863 0.47837 0.26171
-0.01392 0.28640 0.43831
-0.32016 0.42166 -0.24471
-0.40919 0.32852 0.11387
0.07598 -0.89266 -0.12300
-0.18803 0.08967 0.36231
0.18402 0.42707 -0.35099
-0.07270 -0.59697 -0.07973
-0.15500 -0.95579 0.09917
-0.12563 -0.88958 -0.00499
0.06641 -0.72930 -0.01586
0.44868 0.10414 0.16849
0.29603 0.36110 -0.28199
0.02261 -0.95579 0.00543
-0.39556 0.08621 -0.01199
0.10966 0.09535 0.47289
-0.38576 0.59534 -0.09505
0.06316 -0.91087 -0.16732
0.04426 -0.82911 0.00840
0.33596 0.33948 0.25543
-0.43939 0.19560 -0.10250
-0.38791 0.49592 0.10176
-0.46656 0.03404 -0.17189
0.00895 0.11030 -0.47265
0.07366 0.32011 -0.40708
-0.38098 0.28422 0.21500
0.35889 -0.10924 0.01839
0.33933 -0.02542 -0.39670
0.09677 0.29386 -0.41279
0.33868 0.26006 -0.26033
0.05050 -0.30173 -0.11555
0.48955 0.00121 -0.13840
0.19325 0.04154 0.36096
0.04290 -0.25836 0.07045
0.07804 0.60843 -0.37598
-0.28714 0.22312 -0.33100
-0.02404 -0.10432 -0.00402
0.19006 0.28587 0.39232
0.29193 -0.18516 -0.00407
0.31256 0.60750 0.22503
0.10355 -0.27079 0.00312
0.17852 -0.91252 0.06107
0.02171 0.36538 0.42127
0.02250 -0.12181 0.00851
0.00413 0.23440 0.45165
-0.22964 -0.19836 0.00769
-0.50281 -0.00300 -0.09958
-0.01159 -0.95579 0.21577
-0.16293 0.50069 -0.35432
0.37956 0.33139 0.17700
0.03684 -0.85022 0.07286
-0.36923 0.11234 -0.29003
0.26968 0.09246 0.40515
-0.37464 0.50250 -0.11557
0.36017 0.08533 -0.31069
-0.13821 0.59914 0.37781
0.11873 0.42497 0.39106
-0.07688 0.49314 0.39199
-0.02603 -0.42532 -0.11546
-0.22948 0.34540 -0.34614
-0.35126 0.23879 -0.26276
0.42615 0.25103 0.08617
-0.07417 -0.73211 0.01906
-0.18785 0.06968 -0.34639
-0.34187 0.32361 0.25716
0.25967 0.01373 0.44214
-0.08760 0.10744 -0.45991
0.37998 -0.03095 -0.01817
-0.01940 -0.68520 -0.07726
-0.40795 0.20550 0.19031
0.40306 0.32526 0.13268
0.07047 -0.41150 -0.11252
0.21021 0.09358 0.33142
-0.26061 0.21835 0.36554
0.04963 0.57864 0.39025
-0.39657 0.42721 -0.09453
-0.46581 0.13433 -0.03440
-0.06705 -0.13676 0.00361
-0.13632 -0.89559 0.06187
0.37848 0.56695 -0.08224
-0.30664 0.50346 -0.23874
0.37926 0.19159 0.24776
0.39365 -0.02461 0.35270
-0.06768 -0.53273 0.12080
-0.40893 0.37039 0.05312
-0.20629 0.20393 -0.39179
-0.34918 0.47860 -0.18337
-0.00767 -0.64234 -0.08844
0.36751 0.12885 -0.27988
0.11036 0.00773 0.50290
0.48232 0.05925 -0.06301
-0.45302 -0.03226 0.25971
-0.39987 0.46396 0.04104
0.44413 0.16927 0.12891
-0.51292 0.00574 0.00068
0.37825 -0.17062 -0.00441
-0.39433 0.27563 -0.16547
-0.37483 0.14823 -0.27120
0.11808 -0.56572 -0.00604
0.38945 0.05732 -0.01709
0.02962 -0.95579 0.10127
-0.25069 0.05302 -0.42156
0.06684 -0.70550 0.04299
0.15530 0.48220 0.36695
0.00924 -0.14884 0.04640
-0.10010 -0.85023 0.07932
0.35347 0.26622 0.25126
0.40734 0.36845 -0.03012
0.38867 0.47254 -0.05152
-0.00616 0.45159 0.40679
0.03107 -0.06095 -0.01004
0.10475 -0.95579 0.15497
-0.38604 0.54649 0.07807
0.48420 0.05262 0.10755
0.23916 0.35580 -0.32911
-0.40422 -0.10294 -0.01866
0.00323 0.37095 -0.40633
0.37346 0.38823 -0.15122
0.46243 -0.03073 -0.26117
-0.09813 0.06147 -0.47702
-0.23237 0.12530 -0.40485
-0.24717 0.17073 0.39567
-0.08404 0.12060 0.46913
0.45061 0.18258 -0.04405
-0.41610 0.03659 0.28237
0.40663 0.11996 0.25190
-0.24975 0.50355 -0.29631
-0.00227 -0.26055 0.08089
-0.42863 0.25820 -0.06644
0.18520 0.09358 -0.31686
0.36596 0.38220 0.19355
0.50685 -0.00558 -0.07889
-0.16760 0.17930 0.43095
-0.12994 0.22107 0.43545
-0.05765 -0.61525 0.10714
-0.42275 0.09702 0.23513
-0.04876 -0.71250 -0.06290
-0.24435 0.42279 0.32661
-0.39070 0.24395 -0.19457
0.11427 -0.88445 -0.08029
0.46183 0.15901 -0.01112
-0.19192 -0.91452 -0.14553
0.39639 -0.02011 -0.33054
-0.14972 -0.14351 0.01486
0.14515 0.20194 0.43286
0.01446 0.63922 0.03527
-0.00689 0.42110 -0.40206
-0.09451 -0.85022 -0.03546
0.27013 0.56072 0.28378
-0.21280 -0.93000 -0.01697
-0.21480 -0.11494 0.33860
0.29227 0.25564 -0.31898
0.11401 -0.95579 -0.15434
-0.36117 0.20134 0.27765
0.18579 0.37759 0.37084
0.47892 -0.01370 -0.18735
-0.21280 -0.95147 0.07913
0.02934 -0.36287 -0.11555
-0.01490 -0.90642 -0.15303
0.27520 0.49705 0.29214
-0.42901 0.20445 0.14951
-0.29606 0.00842 -0.40642
0.30086 0.29803 0.30863
0.02765 -0.02485 -0.51969
0.06195 -0.55624 -0.10495
-0.21362 0.04191 0.45430
0.30478 0.43589 -0.25699
0.06796 0.49336 -0.38354
-0.02036 0.23974 -0.43231
0.43397 0.06385 0.23765
0.00417 0.01522 -0.50527
0.16648 0.21076 -0.40509
0.23666 0.55843 -0.30147
-0.38342 0.58364 0.07089
0.45103 0.16172 0.07179
0.08296 0.15643 -0.44908
0.08966 -0.16295 -0.15486
-0.05011 0.08154 0.48897
0.34221 0.03418 0.37445
0.13519 0.12310 0.45712
-0.09483 0.52355 0.38663
-0.46865 0.09263 -0.10774
0.12534 -0.45519 0.02826
-0.19265 0.48201 0.35288
0.12842 0.17600 -0.43023
-0.43542 0.13261 0.17690
-0.17718 0.09196 0.32356
-0.17924 0.01677 -0.46537
0.49923 0.03693 0.00713
-0.19611 0.10341 0.44354
-0.37035 0.01135 -0.34989
-0.43174 -0.03831 0.29239
0.22132 0.17139 0.40592
0.38333 0.59270 0.01661
-0.47277 0.04730 0.16715
-0.10122 -0.57847 0.04936
0.17079 -0.11819 0.32720
-0.14134 0.41431 0.38857
0.36498 0.45660 -0.15479
0.03963 0.32936 0.42243
0.29255 0.05381 -0.39120
-0.02205 -0.26816 -0.08171
-0.34910 0.18130 -0.28286
0.09439 -0.49554 -0.06393
-0.40114 0.34227 -0.11468
-0.06372 -0.33109 0.12825
0.34589 0.30090 -0.23634
0.08651 0.24450 0.43830
-0.01891 0.21129 0.00885
0.47721 0.07046 -0.10014
0.24221 0.55186 0.31071
0.09712 0.39129 0.40683
0.28374 0.59312 0.27784
0.28528 0.21508 -0.33237
0.37578 0.43214 0.15076
0.03399 -0.95579 -0.04076
-0.48978 0.05407 -0.04556
-0.29116 0.10438 0.38676
0.21439 -0.00420 0.33411
-0.02315 -0.38517 -0.11555
0.11353 0.50011 0.38236
0.36541 0.55915 -0.11537
0.04874 0.22162 -0.43262
-0.08546 0.57408 -0.37019
0.10986 0.35847 -0.39364
-0.18055 0.36615 0.38066
-0.07585 -0.66393 -0.04423
-0.01080 0.05061 -0.49235
0.31854 0.59901 -0.22586
0.26231 0.30487 -0.32389
-0.28244 0.56617 0.27290
0.30285 0.39939 -0.26828
-0.04108 -0.13393 -0.04116
0.34295 0.03637 -0.35556
-0.23691 0.19272 -0.37896
0.14791 0.05065 0.48084
0.28418 0.00326 -0.41526
-0.33574 0.27080 0.27686
0.04098 -0.37011 0.12825
0.01614 -0.04111 0.53595
-0.03702 0.52319 -0.38158
-0.00813 0.63640 -0.00964
0.12903 -0.95579 0.08836
-0.51497 -0.04046 0.07185
0.37057 0.22254 -0.23981
-0.21604 0.10819 -0.31965
-0.46068 0.08528 0.16218
-0.16270 0.08251 -0.45141
-0.14704 0.32452 0.39949
0.13113 -0.89604 0.14189
0.04265 0.18005 -0.44373
-0.01828 0.57381 0.01084
-0.37566 0.54154 0.11584
-0.38457 0.54792 -0.07550
-0.17774 -0.02922 -0.31190
0.37067 0.48758 0.13363
0.02728 -0.82911 -0.02929
-0.05782 0.03258 -0.48879
0.10666 -0.28484 -0.04147
-0.16503 0.18600 -0.41754
-0.42865 0.31208 0.01792
0.49640 0.01455 0.11698
0.10560 -0.95579 0.03056
0.13583 0.04234 -0.47229
-0.11338 -0.41732 0.05664
0.35420 0.58424 -0.14559
-0.41157 0.23968 0.15963
0.42213 0.24945 -0.10695
0.17891 -0.95579 0.10603
-0.02089 -0.86482 0.10478
0.11016 -0.46003 -0.04137
0.00840 0.45679 -0.39616
-0.41789 0.16952 -0.18742
-0.39431 0.11278 0.26982
-0.36710 -0.09736 0.03476
-0.27018 0.35051 0.32186
0.35487 -0.00824 0.37878
0.04986 -0.85022 -0.06834
-0.12104 -0.46029 -0.02827
0.00430 0.14051 0.47690
0.17144 -0.19786 -0.32191
-0.12651 0.06511 0.48469
0.45555 0.10486 -0.13864
-0.19358 -0.23366 -0.32899
-0.19973 0.32917 -0.36399
-0.18008 -0.10298 -0.29640
0.04079 -0.24557 -0.01593
-0.20544 0.57506 -0.32593
0.50532 -0.01681 -0.12168
-0.01020 0.25142 0.02182
-0.20308 -0.19163 0.35231
-0.11648 -0.19753 0.20340
-0.17025 0.00751 0.33522
-0.15207 -0.17384 -0.26736
0.41684 0.17845 -0.16547
0.38728 0.18907 -0.23154
0.31008 0.09194 -0.35707
-0.13092 -0.19539 -0.19786
0.32265 0.47198 -0.22504
0.25713 0.06874 -0.41180
-0.35858 0.38385 -0.19686
0.11820 -0.52925 -0.01588
0.33433 -0.04225 0.40834
0.37576 0.04885 -0.31694
-0.27484 0.15432 0.37600
-0.07563 -0.95579 -0.08616
0.05330 0.28600 0.43276
0.12246 -0.91082 -0.16708
-0.12876 -0.95579 -0.20101
0.34514 0.35735 -0.22503
-0.05062 -0.85022 -0.06574
0.12395 -0.41478 0.03257
-0.33026 0.45494 0.23625
-0.19445 0.06120 -0.44625
-0.45533 0.04511 0.21125
-0.11623 -0.61407 0.00271
-0.08089 0.24439 0.43588
-0.14620 -0.90042 0.02422
-0.38664 0.41731 0.12904
0.36238 0.32212 0.22657
-0.00095 0.53116 0.40159
0.29141 0.11108 0.38150
-0.00070 0.11943 0.02409
0.37401 -0.04179 0.02491
0.08415 -0.00019 -0.49645
0.32302 0.18704 0.32879
-0.38503 0.59085 -0.01875
-0.20721 0.13961 0.42336
-0.18399 -0.20049 -0.34234
0.43216 0.26892 0.03434
0.35459 0.55794 0.16366
0.02350 -0.66868 0.09459
-0.32059 0.06278 0.38098
0.23268 0.39022 -0.33077
-0.17297 -0.92302 0.21362
0.42220 0.10827 -0.21651
-0.37127 0.49239 0.13899
0.00988 -0.48815 0.12526
0.41392 0.02901 -0.27862
0.15456 -0.90525 -0.00702
0.09978 -0.39374 0.07444
-0.14618 -0.03330 0.50249
0.46757 0.05615 0.15390
0.07610 0.55360 -0.37654
0.14445 -0.90110 0.06879
-0.46294 -0.00541 -0.21673
-0.17772 -0.95579 -0.11520
0.17233 0.06939 0.34932
0.39039 0.39037 -0.11874
-0.38404 0.21954 0.24050
0.03897 -0.59752 -0.09810
-0.00423 -0.42333 0.12821
-0.05553 0.12259 -0.45960
0.11576 -0.91393 0.19356
-0.21329 -0.12306 -0.30979
-0.27492 0.48500 -0.27928
-0.00793 -0.53197 0.12090
-0.07129 -0.95579 0.13858
-0.39059 -0.02383 0.34995
-0.26655 0.42188 -0.29705
0.38456 0.25226 -0.19603
-0.20488 -0.06515 0.32171
0.46368 0.11456 0.11092
-0.20172 0.21403 0.40758
0.20288 -0.91993 0.13469
-0.07548 0.30427 0.42668
0.12038 -0.88835 0.04378
0.24372 0.46237 -0.30455
0.04446 -0.71794 -0.06112
-0.09414 0.20145 -0.43208
0.40394 0.43336 -0.00641
0.31275 0.52616 0.23548
0.17321 -0.93352 -0.20479
0.21472 -0.00445 0.47003
0.01196 0.02204 0.01691
-0.22795 0.00293 -0.45444
0.15868 -0.00961 -0.48250
-0.14184 -0.18529 0.26862
0.38350 0.04965 0.31909
-0.28884 0.55952 -0.25869
0.08044 -0.37918 0.10793
0.17996 -0.19236 0.32790
-0.21000 -0.08263 0.35376
-0.39508 0.09897 -0.26884
0.42869 0.25799 -0.04106
-0.03000 -0.72667 0.07724
0.01077 0.50883 0.01823
0.21014 0.05834 0.32435
-0.17878 0.46909 -0.34788
-0.11594 -0.88330 -0.03901
0.17941 -0.95579 -0.07618
0.00933 0.37082 0.01981
-0.40072 0.00602 0.32608
0.28345 -0.01307 0.44038
0.47693 0.02025 -0.16111
-0.13889 -0.36672 0.01246
0.08596 -0.51449 0.08748
-0.41023 0.28271 -0.12317
0.18000 -0.09406 0.36775
-0.03347 0.66514 -0.00339
-0.33200 0.12671 -0.33437
-0.43844 -0.00575 -0.27099
-0.34682 0.51601 -0.18845
0.47688 0.09466 -0.04328
-0.44025 0.14471 -0.14315
0.40593 0.17636 -0.20293
-0.03063 -0.04878 0.01515
0.17068 -0.05831 0.34314
0.40893 0.34900 0.05987
0.39141 0.49815 0.02134
-0.00729 -0.76242 -0.05195
-0.39152 0.50189 -0.03032
-0.09932 -0.89617 0.14216
0.11636 -0.55045 0.02608
-0.01152 0.69330 0.01265
-0.26653 -0.03227 -0.45929
-0.39721 -0.19558 -0.00605
-0.21453 0.57954 0.32668
0.08704 -0.43706 0.09564
0.08387 0.17856 0.45503
-0.36531 0.06637 -0.00026
0.17190 -0.95579 0.20143
-0.06861 -0.89669 -0.13050
-0.02492 0.54704 0.39705
-0.23347 0.20867 0.39388
-0.02666 0.36297 0.42153
0.27605 0.12826 -0.36957
-0.36339 0.44429 0.18407
-0.00891 0.27957 -0.42762
-0.30784 0.57414 -0.23159
0.39426 0.44239 0.08256
0.13068 0.51321 -0.36118
-0.18763 -0.95579 -0.02959
0.22182 0.60618 0.31458
0.21074 0.44024 0.35107
-0.13124 -0.48778 0.01979
-0.20563 -0.91928 0.03215
-0.05437 -0.95579 -0.15451
-0.47063 0.09878 0.11937
-0.03642 0.00059 0.51559
0.18873 0.10611 0.44041
-0.04813 0.57575 -0.37847
0.47536 0.00639 0.18060
0.29148 0.51216 -0.25852
-0.49452 0.02687 0.09518
0.38678 0.30160 -0.16210
-0.02706 -0.16213 0.04309
-0.43476 0.22306 0.09866
0.37480 -0.13124 -0.00433
0.12101 -0.13071 0.00055
0.00440 -0.08032 -0.02150
0.45298 -0.00313 0.25301
0.18853 -0.95579 -0.13029
0.34725 -0.00115 -0.37347
-0.00114 -0.87556 -0.09743
0.09203 0.23046 -0.42474
0.20871 0.04003 -0.31646
-0.00691 -0.02232 -0.01002
-0.13377 -0.01946 -0.49704
0.40868 0.31646 -0.09780
0.43751 0.13335 0.17278
-0.44051 0.23748 0.02784
-0.38803 0.36884 -0.13276
-0.15090 -0.95579 0.03217
-0.08984 -0.95579 0.10373
0.39879 0.11472 -0.01024
0.00653 0.02521 0.51040
0.32551 0.23464 -0.29366
-0.09124 -0.95579 -0.12115
-0.13008 0.51701 -0.36241
0.41862 0.33978 -0.01464
-0.36848 0.04441 -0.32725
0.12283 0.56864 0.37127
-0.01556 -0.95579 -0.11040
-0.46843 0.12097 0.05768
-0.44959 0.06812 -0.18172
0.09988 -0.38446 -0.06156
-0.09595 -0.27624 0.04789
-0.34052 0.10448 0.34885
0.14770 -0.92458 0.21500
-0.09167 -0.39589 0.09425
-0.12362 -0.33404 0.03891
0.04246 -0.58282 0.11333
-0.11538 -0.92610 0.21634
0.26212 0.02916 -0.42076
-0.38542 0.34821 0.17159
0.13117 -0.95579 -0.02600
-0.04584 -0.95579 -0.19369
0.12056 0.28936 0.41652
0.13118 -0.46248 -0.00466
0.06062 0.38642 -0.39610
0.00425 0.33208 -0.00996
-0.34077 0.14151 0.33156
0.11176 -0.95579 -0.11146
-0.05490 -0.50719 -0.11083
0.40208 0.29407 0.14168
-0.21280 -0.94632 -0.19123
0.42418 0.30685 -0.02174
-0.07380 0.41803 -0.39370
-0.37832 -0.05851 -0.01248
-0.02540 0.15559 0.47004
-0.36316 0.45097 -0.16938
0.16871 -0.02971 -0.31601
0.50908 -0.00301 0.06771
-0.31639 0.19432 0.33017
0.26917 0.42338 0.30490
0.43041 0.01506 0.27784
0.07103 -0.26077 -0.01759
-0.05504 -0.85022 0.06034
-0.22785 0.22514 -0.38040
0.18462 -0.02637 0.48902
-0.33632 0.03186 0.37788
-0.38795 -0.20649 0.02916
0.02418 0.08578 0.48700
-0.47285 0.06019 -0.14248
0.31912 0.41665 0.24983
0.34894 0.50460 0.19090
0.19864 -0.95579 0.03137
0.09666 -0.32602 -0.06715
-0.06551 -0.95579 -0.01064
0.21256 0.59157 -0.31658
0.26146 0.48837 -0.29106
-0.36678 -0.12288 -0.00574
-0.30929 0.51170 0.24665
0.01599 0.43909 0.00512
0.32720 0.21374 0.30667
0.02033 0.49803 0.40205
-0.21312 0.28259 0.38100
-0.47828 0.07602 0.08670
0.37573 0.39866 0.16367
0.41725 0.34663 0.02747
0.45321 -0.00950 -0.23592
-0.41924 0.28437 -0.09094
0.06448 -0.95579 -0.02691
-0.01516 -0.54009 -0.10712
-0.03156 0.31254 0.42724
-0.21639 -0.20585 -0.33049
-0.05703 0.17179 -0.44833
-0.40905 0.40338 0.00056
0.00871 -0.36209 0.12825
-0.17876 -0.95579 0.12239
-0.35615 0.32926 -0.22404
-0.26033 0.56553 0.29768
0.07037 -0.29806 0.12538
-0.21567 0.01594 -0.33700
0.17085 0.07639 -0.34134
0.20625 0.33594 -0.36233
-0.03008 -0.82086 0.02534
0.42623 0.24021 0.12524
-0.31665 0.26291 -0.29813
-0.20302 -0.20286 0.32088
0.32895 0.14268 -0.32817
-0.33046 0.09600 -0.34705
0.49932 0.03382 -0.03044
-0.41725 0.34709 0.02482
-0.42143 0.12116 -0.21639
0.44022 0.17040 -0.12477
-0.10165 -0.89970 -0.13655
-0.06403 0.54705 -0.37567
0.21424 -0.04629 0.33354
-0.28835 0.25856 -0.31910
-0.04777 -0.31503 -0.11555
-0.12121 0.56943 0.37703
0.17097 0.40902 0.37194
-0.21095 0.45160 0.34693
-0.04614 -0.85022 -0.01387
0.03783 -0.73640 0.07317
0.01491 -0.83742 0.05206
0.00319 -0.10557 0.03006
0.38716 -0.20770 0.02522
0.45359 0.14778 -0.07139
-0.45298 0.00939 0.23992
-0.35622 -0.02530 0.39861
0.45190 0.18880 0.00767
0.05112 -0.76502 -0.01692
0.27205 0.15786 0.37885
-0.00189 0.08127 -0.48271
-0.18903 0.56983 0.34889
-0.51018 -0.04009 0.15945
-0.31907 0.57958 0.22302
-0.17496 -0.06350 -0.33401
0.44247 0.23971 0.01106
-0.05203 -0.76773 -0.01897
-0.04408 0.36495 -0.40615
0.40671 -0.04140 -0.31383
0.19236 0.15189 0.42813
-0.27519 0.03479 -0.41081
0.44153 -0.04017 -0.28394
-0.05533 0.25869 -0.42664
0.05797 0.05574 -0.48016
-0.10381 -0.57138 -0.03459
-0.20862 0.02864 0.35515
0.19388 0.21310 -0.39312
0.40109 -0.11161 -0.01158
-0.34620 0.57971 0.18638
-0.36069 0.56781 0.15445
-0.44938 0.16247 0.12956
-0.08224 -0.16169 -0.14618
-0.04765 -0.60936 -0.09566
0.03510 0.30378 -0.41896
0.01281 -0.91755 -0.19610
0.36447 0.11782 0.30789
-0.00189 0.52564 -0.38950
-0.48797 -0.03892 -0.20341
-0.51573 -0.01663 0.05042
0.06683 0.12279 -0.45761
0.12968 -0.00928 0.51010
-0.00379 0.47132 0.02348
-0.40378 0.37409 0.08673
-0.01870 0.58180 0.39091
0.31168 0.28530 -0.29178
-0.29273 0.26283 0.33165
0.05404 -0.73551 0.04572
-0.48305 0.06550 -0.09434
-0.11602 0.44868 -0.37711
0.08400 -0.39467 -0.08908
0.51476 -0.02655 -0.03230
0.01775 -0.66097 -0.08391
0.11937 -0.88770 0.01179
0.29465 0.16174 -0.34277
-0.48614 0.01592 -0.15088
0.37078 0.57932 0.10997
0.24547 0.11198 0.41183
0.07157 -0.85022 0.06912
-0.43058 0.28501 -0.03108
-0.05247 -0.95579 0.04666
-0.23492 0.51202 0.31934
0.04559 -0.74332 -0.04207
-0.14849 -0.90949 -0.16245
0.45710 0.14250 0.09736
-0.21280 -0.95251 0.17790
0.09677 -0.85233 0.01435
0.18021 -0.12435 0.35682
-0.12561 -0.95579 0.11098
0.45465 0.06165 -0.17705
-0.11492 -0.95579 -0.00777
-0.00864 0.63922 -0.04116
-0.04789 -0.75314 0.04951
-0.04149 -0.14876 0.01784
0.36204 0.03436 -0.00485
0.30227 0.44711 0.26447
0.24553 0.04353 0.43909
-0.00291 -0.81997 -0.02815
0.16943 0.05648 -0.45702
-0.01479 0.26777 -0.00477
-0.00910 -0.23441 -0.02324
-0.39132 0.34149 -0.14809
-0.30581 0.31089 0.30824
-0.38917 0.49866 -0.07745
-0.43296 0.03424 -0.24905
0.17366 0.00219 0.35089
0.21128 -0.07382 -0.32607
-0.18273 -0.12714 -0.32080
-0.34011 0.39343 -0.22548
0.03190 -0.91154 -0.16998
-0.47815 0.10549 -0.03423
0.13181 -0.38763 0.01897
0.19762 0.09964 -0.42611
-0.43584 0.10298 -0.18620
0.34166 0.46023 0.20998
-0.45514 0.16622 -0.07082
-0.19033 0.08762 -0.30380
-0.04790 0.17718 0.46061
-0.15009 -0.95579 0.16320
0.53030 -0.03194 0.03735
-0.49202 0.06036 0.02439
0.03053 -0.24881 -0.04524
0.10816 0.60463 -0.35906
-0.50102 -0.01158 0.14313
0.20852 -0.18912 0.33980
0.37129 0.59540 -0.07191
-0.43312 0.26639 0.05715
0.31931 0.17604 -0.31850
-0.32949 0.58265 -0.20201
0.43940 0.04834 -0.21637
-0.34113 0.23388 0.28473
0.14234 0.01339 0.49325
0.20325 -0.92035 -0.10915
-0.31580 0.10379 0.36808
-0.04923 -0.47998 0.12578
0.21668 0.28033 0.37765
0.43668 -0.01538 0.28109
0.03415 -0.16366 0.03218
0.00544 0.08903 -0.00970
-0.07459 0.42351 0.40548
0.12205 0.36445 0.40002
-0.14742 0.15371 -0.43090
0.36866 -0.00658 -0.35198
-0.09757 -0.49211 0.07755
-0.50200 -0.01247 -0.12887
0.39416 0.19660 0.22127
0.38582 0.58901 -0.01469
0.38361 0.10760 0.02549
0.18978 -0.91474 -0.17692
-0.47304 0.11889 0.02736
-0.23230 0.46673 -0.31951
0.14075 -0.93237 -0.20479
0.19829 0.57022 0.33773
-0.38989 0.54746 -0.03542
-0.44308 0.17164 -0.12495
0.20226 -0.00289 -0.46591
0.18474 0.08419 0.31711
0.14899 0.43301 -0.36838
-0.01810 -0.19394 -0.01135
-0.19410 0.09940 -0.34214
0.03103 0.60149 0.38370
0.04963 -0.50198 0.12404
-0.37463 0.26005 0.23051
-0.35619 -0.02626 -0.38736
0.12343 -0.19517 -0.22907
0.27177 0.35497 0.32147
0.20020 -0.91689 0.08526
-0.38751 0.31021 -0.17327
-0.20824 0.12110 -0.42014
0.21776 0.15923 -0.39861
-0.32928 0.41739 0.24654
0.01299 0.42798 0.40894
0.17017 -0.12647 -0.32248
-0.13503 -0.52279 0.00608
0.45395 0.13061 -0.10770
-0.04530 -0.38228 0.12825
0.47933 0.09701 0.03198
-0.38243 0.11703 -0.01287
-0.50453 0.02590 0.02175
0.00049 0.17544 -0.01078
-0.30767 0.46749 -0.24418
0.28724 -0.02616 -0.43758
0.11688 0.41796 -0.38024
0.09138 -0.90774 -0.15682
-0.17749 -0.19252 0.33346
-0.06489 -0.02819 -0.51998
-0.40382 0.04614 -0.28019
0.36976 0.16989 0.26961
0.10104 -0.87471 -0.04557
-0.25575 0.06549 0.42487
0.11053 -0.41573 -0.04312
0.42455 0.14133 -0.17564
-0.45299 0.19135 0.04744
0.08497 -0.94661 0.21748
-0.07704 -0.45384 -0.10507
0.47192 0.09736 0.08750
-0.50725 -0.00123 -0.06106
0.18841 -0.21278 0.35721
-0.15612 -0.90459 0.10631
0.13373 -0.95579 0.01613
-0.40103 0.03034 0.02503
0.45520 0.03384 0.20418
0.40656 0.34098 -0.07724
0.05753 -0.50544 -0.11100
0.40750 0.37850 0.05382
0.03224 -0.45369 -0.11464
0.03065 0.35301 -0.40984
-0.01350 -0.04210 0.53076
-0.29872 0.37395 -0.28453
-0.35130 0.38432 0.21999
-0.06721 0.00649 -0.50050
0.05220 -0.95579 0.12260
-0.16863 0.34054 0.39101
0.41037 0.24592 -0.13779
-0.44451 0.24152 -0.00472
0.03545 -0.80694 -0.00984
0.16739 0.59336 -0.34788
-0.13473 -0.90594 0.16443
0.15968 -0.17636 -0.27072
-0.13718 -0.46220 -0.00006
-0.40965 0.34510 -0.07284
-0.07616 -0.29571 -0.10843
-0.06449 0.30839 -0.41103
0.36503 -0.19484 0.00702
0.09534 -0.45848 -0.06725
-0.11864 -0.29351 -0.03484
-0.36408 0.42244 -0.17805
-0.16477 0.25071 0.41314
-0.10732 0.48508 0.39170
0.32588 0.59229 -0.19778
0.43926 0.20731 -0.05614
-0.43040 0.06466 -0.23120
0.26753 0.51475 -0.27874
0.38909 0.53622 -0.02462
-0.38812 -0.03764 -0.33572
-0.05824 0.47125 -0.38790
0.00128 -0.89655 -0.13023
0.00772 -0.17742 0.03694
-0.29147 0.43034 0.29270
0.42063 0.08185 -0.23130
0.30073 0.13427 0.36567
-0.09851 0.50475 -0.37884
-0.32219 0.23680 0.30823
0.00351 0.16176 -0.45427
-0.41920 0.31241 0.08922
0.27414 0.60865 -0.27223
0.30382 0.57350 -0.22684
0.04420 0.56323 -0.37625
-0.18488 0.45328 0.36056
-0.32300 0.32432 0.28152
-0.10105 -0.87208 -0.06957
0.34340 0.51494 -0.17979
-0.07340 -0.70372 0.03851
0.36624 0.55287 0.12767
-0.41638 0.27176 0.12743
-0.20117 0.52529 -0.33533
-0.06006 -0.25179 -0.01046
0.17290 -0.03937 -0.34339
-0.36426 0.14503 0.29325
-0.11704 -0.91281 -0.17506
-0.09536 0.04582 0.49560
-0.17155 0.10595 -0.43626
-0.38562 0.00950 -0.32497
0.47873 0.03343 -0.13504
-0.20834 -0.08743 -0.30571
-0.21046 -0.95579 0.14419
0.10548 -0.94603 -0.20479
-0.28788 0.36600 0.30446
0.00063 -0.47910 -0.11314
0.00822 0.55722 -0.38512
-0.05060 -0.83962 0.01300
-0.44499 0.11755 -0.15279
0.37449 0.02444 0.02504
-0.29716 0.52833 -0.25286
0.04796 -0.24874 0.02751
0.38850 0.38912 0.12726
-0.03978 -0.07433 0.00455
-0.22314 0.04317 -0.43719
-0.20942 0.05041 -0.34325
-0.27995 0.11583 -0.37380
-0.19103 -0.91435 -0.02815
-0.05855 -0.69960 0.06687
0.39127 0.53291 0.02328
0.05990 0.47894 0.39525
0.08223 0.02514 0.50419
0.10607 -0.51594 -0.03968
0.36786 0.07600 -0.01251
0.25859 0.07178 0.42202
-0.41725 -0.00166 0.30287
0.18846 0.39867 -0.35365
-0.19014 -0.95579 0.06179
-0.06565 -0.57831 0.11102
0.20940 0.26136 -0.37775
0.42708 0.12209 0.19717
-0.35640 0.51953 0.17713
-0.19004 -0.00834 -0.47441
0.46455 0.14320 0.03918
0.24560 0.18241 0.38563
0.21907 0.49984 0.33487
-0.40073 0.39331 -0.07394
0.33439 0.55856 0.20784
0.47739 0.02933 0.16439
0.13048 0.10658 -0.45169
0.20223 0.01436 0.35856
-0.09141 0.32189 -0.40483
-0.18549 0.12132 0.35998
0.20652 -0.95579 0.20933
-0.02101 0.31436 -0.41916
0.26882 0.31589 0.32888
-0.09504 -0.40442 -0.07573
-0.17321 -0.00335 -0.32337
0.08316 -0.55739 -0.06902
0.16958 0.11924 -0.33912
0.25865 0.21351 0.36598
0.01376 0.31140 0.43296
-0.30558 -0.01573 0.42715
0.47773 0.09415 -0.01009
-0.38769 0.07898 0.29504
0.15763 0.37951 -0.36945
-0.12709 -0.28429 0.02257
0.06965 -0.66236 0.06266
0.00404 -0.06861 0.04593
-0.26903 0.42778 0.31119
-0.36895 -0.12419 0.02262
0.24235 0.15798 -0.38431
0.07940 0.25556 -0.42018
-0.01973 -0.71822 -0.06724
-0.26509 0.12401 0.39942
0.38214 0.50260 -0.07571
-0.24318 0.02337 0.45308
-0.19205 -0.13137 0.32839
0.01336 -0.64295 0.10098
0.19177 -0.21618 -0.31103
0.35105 0.23231 -0.26131
-0.21212 0.46151 -0.33596
-0.13277 -0.29582 -0.01037
0.33804 0.16335 0.31414
0.35086 0.29442 0.25047
-0.36767 0.58182 -0.11215
0.00142 0.54280 -0.01058
0.01891 0.27957 -0.42227
0.30003 0.01288 0.41621
0.32077 0.05862 -0.36277
0.00396 -0.95579 0.14109
0.24169 -0.02485 0.47419
0.06037 -0.89827 0.14636
-0.03473 -0.95579 0.19951
0.14996 0.01888 -0.47932
0.20428 0.06753 -0.31175
0.36630 0.53136 -0.12031
0.03700 -0.33971 0.12825
0.11230 0.07553 -0.46975
-0.37589 -0.02302 -0.01183
0.06093 0.25635 0.43873
-0.15696 0.59259 -0.35270
0.06843 -0.95579 -0.10668
0.39406 0.43942 -0.07468
0.20715 -0.00219 -0.31462
0.10481 0.49550 -0.37377
0.11618 -0.88566 0.07150
-0.16163 0.49293 0.36837
0.12309 -0.89005 -0.05398
-0.19132 0.16805 0.42080
0.11277 -0.29652 0.05194
0.20500 0.21635 0.40034
-0.24767 0.25680 -0.35087
0.08398 -0.47925 -0.08428
0.36341 0.18276 -0.25928
-0.01871 -0.27171 0.10072
-0.06138 -0.50519 0.12372
0.41521 0.20074 0.16779
-0.31505 0.15541 -0.33204
-0.02401 -0.22307 0.03800
-0.39481 0.59226 0.00747
-0.03881 -0.88594 0.12462
-0.32335 0.50650 -0.21647
0.16261 -0.95579 -0.14792
0.43617 0.23638 -0.02496
-0.13163 0.25857 -0.41208
0.06878 -0.73275 0.02217
-0.24072 0.27858 0.36668
0.28772 0.42135 -0.28272
0.41697 0.06481 -0.25406
0.08841 -0.27968 0.06744
-0.34384 0.29073 -0.25246
-0.23642 0.09952 -0.41540
0.40209 0.28362 -0.14361
0.19187 0.55636 -0.33507
0.43404 0.21288 0.09797
0.19486 0.49918 0.35257
0.11402 -0.34636 0.04977
-0.04819 0.48136 0.39692
-0.09442 -0.29247 -0.07680
-0.10692 0.13322 -0.45332
0.30926 0.52498 -0.23329
-0.14658 0.54481 0.36912
-0.38575 0.57530 -0.04607
-0.06399 -0.88187 -0.10593
0.46752 0.12956 -0.00705
-0.20917 0.28730 -0.37279
0.39643 0.48069 -0.01044
-0.44909 0.10837 0.17224
0.17468 -0.12525 -0.29177
-0.21466 -0.02779 0.34167
0.06304 -0.70915 -0.03454
-0.43585 -0.03589 -0.30029
0.20841 0.05666 0.45350
0.14954 0.19132 -0.42116
0.09617 -0.35761 -0.06800
0.17419 -0.91142 0.01849
-0.36014 0.35002 -0.20633
-0.01876 -0.95579 -0.04500
-0.36786 0.30892 0.22216
0.50007 0.03487 0.03460
-0.32358 0.16100 0.34069
-0.15212 0.44602 0.37909
0.04394 0.06701 0.49072
-0.10010 -0.86193 0.00457
-0.51683 -0.00951 0.02321
-0.13076 -0.01241 0.51149
0.40686 0.01103 -0.29816
0.21962 -0.18661 0.01169
0.16194 -0.01574 0.50020
0.32094 0.38400 0.25529
-0.40442 0.40007 0.07805
-0.44243 0.14510 0.15029
-0.42113 0.29226 -0.06478
-0.41395 0.24760 -0.13609
0.03056 0.38967 0.41227
-0.30682 0.40411 -0.26631
0.06366 0.58518 -0.37531
-0.37906 0.56345 -0.09850
0.32978 0.44724 -0.21589
0.35808 0.48294 -0.15251
0.41464 0.32758 0.07580
0.12623 0.47610 0.37986
0.09677 -0.86663 0.04111
0.21620 0.04353 -0.43855
0.21981 0.41420 -0.33178
-0.37964 0.03280 0.33207
0.02516 0.43554 -0.39353
0.20011 0.44811 -0.34481
-0.18112 0.30090 -0.37768
-0.39182 -0.10864 0.03552
0.01105 0.60193 -0.39060
0.05940 0.54009 0.38923
0.38236 0.57586 0.05877
0.01522 -0.74498 -0.05819
0.16152 0.08783 -0.44486
0.07687 -0.85022 -0.06560
0.40176 0.12768 -0.23581
0.27666 0.39778 0.30387
-0.10010 -0.85130 0.05225
-0.43204 0.24481 0.07841
0.36967 0.26759 0.22959
0.01454 0.28147 0.00059
-0.47455 0.00598 -0.17828
-0.32351 0.48095 0.23305
0.13875 0.50307 0.37160
-0.35255 0.18038 0.29143
0.06703 0.03137 -0.48757
-0.11204 -0.88052 0.08641
0.04128 0.49584 -0.38681
0.24353 0.34232 0.34177
-0.10197 0.22489 0.44156
-0.30638 0.20747 -0.32108
0.03022 -0.26713 0.09257
-0.08589 -0.04199 0.52082
0.19640 -0.91563 -0.05197
0.14493 -0.90131 -0.03188
0.20329 -0.95579 0.16886
-0.18912 0.39679 0.37156
-0.27736 0.47628 0.29586
0.37600 0.56816 0.08603
-0.17136 -0.95579 -0.08906
0.43969 0.09760 0.19527
0.18108 -0.16180 0.00683
-0.08508 0.25300 -0.42413
0.35991 0.58509 0.14450
0.42337 0.28888 -0.05474
0.05860 -0.86420 -0.09209
-0.02625 0.23982 0.44784
0.26589 0.27959 -0.33186
0.35574 0.39890 0.21184
-0.35244 0.04164 -0.34851
0.29016 0.35767 0.30221
0.49312 -0.01843 0.16019
-0.07599 0.07822 -0.47402
-0.27501 0.24098 0.35201
0.07846 -0.33292 -0.09868
-0.35140 0.44119 -0.19228
0.35933 0.49473 0.16833
0.22402 0.00218 -0.45097
0.49821 0.01068 -0.10090
-0.17759 -0.95579 0.03089
-0.06956 -0.90545 0.16311
-0.08340 -0.95579 0.04674
0.15557 0.24620 -0.40407
0.14802 -0.95579 0.21318
0.09065 -0.63121 0.04143
0.12784 0.22206 0.43468
-0.16658 -0.91510 -0.18779
0.33625 0.32420 -0.24727
0.46845 -0.01593 -0.21479
-0.04254 -0.95579 -0.02518
-0.01815 -0.14607 -0.03540
-0.07716 -0.61755 -0.06352
0.33125 0.11737 -0.33589
0.17807 0.58604 0.35069
-0.08524 0.54860 0.38542
0.22147 0.14611 0.41399
0.46493 0.12426 -0.06668
-0.40700 -0.07533 0.00072
-0.05378 -0.42969 -0.11533
-0.11631 -0.95579 -0.11255
-0.01317 0.21643 -0.44266
0.39565 0.45166 0.03453
0.14193 0.56872 -0.35065
-0.34132 0.54510 -0.18515
0.04950 -0.95579 -0.16986
-0.24925 0.58710 -0.29137
-0.30107 0.49540 0.26573
-0.10848 0.16510 -0.44356
-0.20189 -0.01031 0.48294
0.36961 0.33812 0.20689
-0.35721 0.10397 0.32845
0.07294 0.56650 0.38837
0.20514 -0.95579 0.10841
0.15163 0.37336 0.38588
0.19250 -0.19460 -0.34425
-0.08062 0.26996 0.42958
0.32486 0.55609 -0.20221
0.21267 -0.11807 -0.32947
-0.27641 -0.00138 -0.42582
-0.13221 0.49546 0.38029
0.11869 -0.90691 0.16705
-0.38891 0.03277 -0.31338
0.37461 0.51929 0.11602
0.51949 -0.04082 0.09050
-0.40457 0.43789 -0.02185
-0.04639 0.20150 0.45105
0.37308 0.10540 -0.29005
0.39275 0.34016 -0.13729
-0.43498 0.22346 -0.08354
0.13293 -0.02867 -0.51107
0.38133 0.51722 0.08361
-0.33903 0.35437 -0.23245
-0.40238 0.05739 0.29437
0.24238 0.44106 0.32220
-0.46337 0.12858 -0.09396
-0.17880 0.56669 -0.34077
-0.24113 0.53234 0.31649
0.07814 -0.65780 -0.03748
-0.35082 0.20625 -0.27056
0.10784 0.14867 -0.44813
0.11150 -0.38237 0.05414
0.18158 0.34270 -0.36727
-0.17513 0.20626 -0.40408
0.48810 -0.02228 -0.16285
-0.01867 -0.29026 -0.11555
0.19451 0.48016 -0.33824
-0.25020 0.16881 -0.38138
-0.40198 0.15457 0.24542
0.01635 -0.93760 0.21748
-0.26617 0.29603 -0.32566
0.04237 -0.01752 0.52472
0.42629 0.00265 -0.27765
-0.34145 0.35508 0.24176
-0.50617 -0.03189 -0.09987
0.20675 -0.92431 0.19222
-0.09149 0.32243 0.41740
-0.13682 -0.12592 0.00090
-0.02540 -0.80773 -0.03231
0.08744 0.46248 -0.38136
0.30181 0.23202 -0.31444
-0.45063 0.05301 -0.20269
0.23513 0.37917 0.34362
0.00070 -0.01164 0.02364
-0.16323 0.35414 -0.37768
-0.17785 -0.06369 0.32289
0.27783 0.24066 0.34286
-0.39453 0.52963 0.02623
-0.43556 0.20408 0.12455
0.18770 0.08721 0.35993
0.38171 0.54204 -0.07633
0.25805 0.48103 0.30286
-0.12460 -0.55313 -0.00415
0.14105 0.28279 -0.40058
-0.01738 -0.57363 -0.10220
-0.42252 0.33486 -0.01770
-0.01024 -0.82911 0.03959
-0.07093 0.05402 0.49593
0.27671 0.36022 -0.30369
-0.10792 -0.53935 0.04944
0.19707 0.26094 0.39177
0.16900 -0.01424 -0.33948
-0.07570 0.05082 -0.48373
0.01400 -0.04212 -0.01377
-0.09628 -0.01085 -0.50279
-0.26694 -0.00629 0.44795
-0.12715 -0.04124 -0.50888
-0.11855 0.52906 0.37860
0.19848 0.30729 -0.36776
0.19758 -0.03446 -0.34828
0.17780 0.53741 -0.33910
-0.16989 0.08894 0.45511
-0.21486 0.54043 -0.31854
-0.04051 0.49409 -0.38752
-0.34287 -0.00537 -0.38125
0.30361 0.17659 0.34303
0.18834 0.42667 0.36577
-0.29768 0.04915 0.40457
0.43602 0.19330 0.13172
-0.19542 -0.03505 0.48260
-0.27455 0.54507 0.28486
0.50708 -0.00733 -0.05345
0.12865 0.34662 -0.39221
0.11434 -0.19310 0.22034
-0.12885 0.43839 0.38612
-0.17779 0.04074 -0.45689
-0.40854 0.38254 -0.02667
0.06112 -0.65999 -0.06589
-0.03696 -0.84258 0.03664
-0.00175 -0.95579 0.19231
-0.10126 0.29869 -0.40810
0.19056 -0.04253 0.36070
