0.24372 -0.17226 -0.06995
0.60388 -0.10632 0.20253
0.21477 -0.25112 -0.63044
-0.26732 -0.14785 0.13217
-0.32653 -0.14785 0.11918
-0.15375 0.63160 0.44850
-0.59718 -0.14785 -0.70076
0.60172 0.65635 0.45512
-0.57628 0.29883 0.29249
-0.28423 -0.25112 -0.27193
0.20871 0.26120 0.29582
0.54509 -0.14785 -0.40787
0.19870 -0.25112 -0.09244
-0.12429 -0.16076 -0.41714
0.52599 0.22106 0.33850
-0.25768 -0.25112 -0.48364
-0.21260 0.23480 0.28874
-0.18843 0.20399 0.33391
-0.57542 0.65951 0.45595
-0.56552 -0.14785 -0.22403
0.31763 0.56703 0.43120
0.19322 -0.13243 0.24378
-0.59181 -0.04954 0.26599
0.51132 -0.25112 -0.16437
-0.11232 -0.16565 -0.18744
0.43494 0.35464 0.37429
0.06238 -0.16076 -0.53184
0.13429 0.55417 0.37433
0.02844 -0.00122 0.22549
-0.29527 0.50381 0.36083
0.32253 -0.22796 0.16933
-0.27460 -0.25112 -0.05706
0.57106 -0.23359 -0.70850
-0.22282 -0.14785 -0.70730
-0.54900 -0.25112 0.05654
0.59463 -0.25112 -0.20745
0.05681 -0.25112 -0.39088
0.31099 -0.14785 -0.60913
0.45312 -0.00187 0.22532
-0.14580 0.05844 0.29491
0.33807 -0.25112 -0.30509
0.15529 0.21341 0.33645
-0.01781 -0.25112 0.11880
-0.44764 -0.14785 0.07914
0.03218 -0.17223 0.06606
-0.39683 -0.01898 0.27415
-0.46026 0.56881 0.37826
0.49897 -0.18657 -0.03548
-0.41516 -0.14785 -0.48514
0.31327 0.55101 0.37348
-0.53696 -0.25112 -0.50916
-0.45889 -0.25112 -0.10111
0.27118 -0.22541 0.16933
0.32246 -0.18574 -0.36398
0.53970 0.43628 0.39616
-0.39935 0.33791 0.36981
0.25340 0.51358 0.41688
0.54502 -0.25112 -0.44919
-0.46779 0.17931 0.27387
0.43127 -0.25112 -0.00508
0.13366 0.04176 0.29045
-0.02748 0.42668 0.39359
-0.04047 -0.25112 -0.64485
0.43320 0.68396 0.39570
0.35301 -0.14785 -0.66147
-0.27755 -0.14785 -0.25658
-0.44585 0.64341 0.38485
-0.06299 -0.25112 -0.17969
-0.04366 0.39966 0.33292
-0.06815 -0.18648 -0.36398
-0.38952 -0.14785 -0.58714
0.32812 -0.14785 0.13002
0.30418 0.12862 0.31373
0.11108 -0.18657 -0.22898
0.59821 -0.25112 0.02898
-0.06826 -0.15627 0.23739
-0.01011 -0.14785 -0.70194
-0.44073 -0.23512 -0.70850
0.06417 -0.25112 0.10794
0.50966 -0.14785 -0.54956
-0.08760 0.26556 0.29699
-0.60443 0.55028 0.37026
0.44995 -0.14785 -0.24543
-0.10775 0.56199 0.37643
-0.29700 0.53123 0.42161
0.37459 -0.17677 0.22913
0.30617 -0.25112 -0.45458
-0.41247 -0.15340 -0.25585
0.17667 -0.14785 -0.64528
0.40933 0.33522 0.31566
-0.54513 -0.25112 -0.29243
-0.44307 -0.13521 0.24301
0.39660 -0.25112 -0.09846
-0.33736 0.31188 0.30940
-0.18610 -0.14785 -0.51545
-0.40211 -0.14992 -0.11012
-0.26867 0.01392 0.22955
0.15099 0.67417 0.44505
-0.14202 -0.14785 -0.00177
-0.38979 -0.25112 -0.09555
-0.39206 -0.25112 0.08865
0.36332 -0.04159 0.26812
0.26874 -0.02484 0.21916
-0.60307 -0.14785 0.11302
-0.20420 0.42679 0.39362
0.58497 0.06826 0.29755
-0.60443 0.11291 0.28866
-0.19492 -0.25112 0.14180
0.46505 -0.19678 0.16933
0.28301 0.35953 0.37560
-0.02352 -0.18657 -0.08939
0.47886 0.17188 0.27188
-0.53942 0.39887 0.38614
0.06139 -0.14785 -0.39835
-0.53610 -0.14785 -0.52004
-0.28409 0.09759 0.25197
0.13201 -0.14785 -0.04181
0.08376 0.18227 0.27467
-0.60443 -0.19118 -0.07564
-0.13031 -0.25112 -0.41842
0.47287 -0.25112 -0.58347
0.14777 0.33985 0.37033
0.02443 -0.25112 -0.07872
-0.24678 0.67036 0.39204
-0.23359 -0.25112 -0.63107
0.54502 0.55720 0.37514
0.39593 0.51944 0.36502
0.09120 -0.14785 0.15374
0.59808 0.55879 0.42899
0.23934 0.41052 0.33583
-0.15084 0.38546 0.32912
-0.52697 -0.18593 -0.36372
-0.32560 0.10806 0.30820
-0.34978 -0.25112 -0.07291
-0.11373 -0.06761 0.19432
-0.34129 -0.14785 -0.40586
-0.47854 0.00309 0.22665
0.27124 -0.17359 -0.21727
-0.40933 -0.25112 -0.62240
-0.22126 -0.12490 0.24578
0.09140 -0.21873 -0.70850
-0.22823 -0.16750 -0.13553
0.21080 -0.14785 -0.32595
-0.00535 0.62131 0.39232
0.41660 0.53684 0.42311
0.37965 -0.16770 -0.11746
0.23594 -0.14785 -0.47388
0.17887 -0.25112 -0.25743
-0.10116 -0.25112 -0.04203
-0.09025 -0.14785 -0.60991
0.35229 -0.25112 -0.40020
0.55535 -0.14785 0.09026
0.28324 -0.18657 0.00319
0.60388 0.35428 0.30752
0.18879 -0.08777 0.18891
-0.03882 0.10387 0.30709
0.50868 -0.02295 0.21967
-0.44918 -0.25112 -0.38567
0.06466 -0.10044 0.25235
0.47248 -0.07049 0.26038
0.44453 0.28722 0.35622
-0.00133 0.27368 0.35260
0.07872 0.46724 0.40446
0.27467 0.68274 0.39536
0.02337 -0.25112 -0.23030
0.59936 -0.14785 -0.27993
-0.29468 -0.15712 -0.36398
-0.17732 -0.18657 -0.35623
-0.52319 -0.18415 0.06606
0.56934 -0.25112 -0.03268
0.53925 -0.25112 -0.29357
-0.25878 -0.25112 -0.20944
-0.12014 -0.14785 0.12346
-0.51868 -0.18657 -0.08004
0.37895 -0.14856 0.02816
0.36667 -0.25112 -0.70767
0.09864 -0.25112 -0.55146
-0.01189 -0.25112 -0.54034
0.31078 -0.25112 -0.19727
-0.08184 0.51527 0.41733
0.00603 -0.14785 -0.24690
0.21664 0.11794 0.25743
-0.58385 -0.25112 -0.65419
0.60388 -0.21074 -0.53477
0.44687 -0.18642 -0.31451
0.45745 0.10066 0.30624
-0.05448 0.49949 0.35968
-0.35274 -0.18657 -0.01482
-0.12113 -0.25112 -0.53141
-0.40463 -0.15881 -0.20421
0.47070 -0.25112 0.16258
0.58914 -0.14785 -0.10430
0.19260 -0.25112 -0.39071
-0.50245 0.25644 0.34798
0.14855 -0.18657 0.06288
-0.48310 0.30820 0.30841
-0.40303 -0.25112 -0.52384
-0.37228 0.64074 0.45095
-0.46524 0.44637 0.34544
0.41050 -0.14785 -0.44981
0.40984 -0.25112 -0.17941
0.32752 -0.12691 0.24526
0.05679 0.58789 0.43679
-0.39891 0.46499 0.40386
-0.07508 -0.24823 -0.70850
-0.43821 -0.22474 0.16933
-0.60443 -0.21838 -0.40243
0.28358 -0.25112 0.01603
-0.05016 -0.02842 0.27165
0.30401 0.40417 0.38756
0.03724 -0.12242 0.17961
0.20456 -0.17679 0.22920
-0.50939 0.20472 0.33412
-0.40854 -0.25112 -0.20391
-0.54762 -0.25112 -0.16523
-0.53139 -0.12197 0.20646
-0.08250 0.11568 0.25682
-0.34274 -0.11039 0.20956
0.04285 -0.14785 -0.62465
0.04700 -0.14785 -0.13942
-0.06291 -0.16076 -0.52220
-0.25371 -0.17738 -0.00001
0.17203 -0.25112 0.03978
-0.30059 -0.25112 0.06425
0.07569 0.32291 0.31236
0.17916 0.48240 0.35510
-0.11793 0.01681 0.23032
0.58627 0.00788 0.28137
0.05294 -0.18657 -0.02745
-0.10644 -0.14785 -0.25099
-0.55026 0.05116 0.23953
-0.60443 0.42233 0.32816
0.60388 0.18645 0.29936
-0.32494 -0.14785 -0.09314
0.60029 -0.22915 0.16140
-0.60443 -0.20577 -0.44640
0.50756 -0.18657 -0.23021
0.04854 -0.25010 0.16933
-0.23844 -0.14785 0.08198
-0.53202 -0.22263 0.16933
-0.30640 0.24505 0.34492
-0.50292 0.07099 0.29828
-0.20354 0.16007 0.26872
0.59593 -0.14785 -0.65144
0.36695 0.01958 0.28451
-0.52601 -0.00564 0.22431
0.31075 0.24903 0.34599
-0.50394 -0.14785 -0.68222
-0.32470 -0.21441 -0.70850
0.47408 -0.14785 -0.68971
0.50980 0.12260 0.25868
-0.18907 0.47760 0.35381
-0.18856 0.57170 0.43245
-0.22286 -0.10960 0.18308
0.54087 0.67327 0.44843
-0.12252 -0.25112 -0.30165
-0.05126 0.67504 0.44181
0.08284 0.38927 0.33014
-0.59943 -0.17097 0.22635
0.33372 0.24837 0.29238
-0.31237 -0.24901 0.16933
0.26059 -0.19874 -0.70850
0.53218 -0.17721 0.23178
-0.60443 -0.20715 -0.56055
0.47781 -0.25112 -0.28572
0.16972 -0.17210 -0.14544
-0.27012 0.56188 0.37640
-0.14292 -0.19892 -0.70850
-0.40466 0.26681 0.35076
-0.25969 0.41959 0.39169
-0.22516 -0.14785 -0.41378
-0.13292 -0.25112 0.04592
-0.50211 0.63584 0.44964
0.60388 -0.21946 -0.48008
-0.32561 -0.25112 -0.39607
-0.05366 -0.18657 -0.03985
-0.14597 -0.04746 0.26654
0.37364 0.07057 0.24473
-0.27732 0.39693 0.33219
0.13384 -0.14808 -0.32546
-0.52631 0.51408 0.41701
0.49241 -0.25112 0.09573
0.11011 -0.25112 -0.12948
0.18294 0.13607 0.31572
-0.26474 -0.14785 -0.58619
-0.60443 -0.20200 -0.29320
0.17201 -0.22907 0.16933
0.32372 -0.25112 -0.57380
-0.49723 -0.25112 0.01042
-0.40694 -0.14785 -0.37037
-0.11492 -0.21574 0.16933
0.42865 -0.14785 -0.02007
0.36058 0.57528 0.37999
-0.40797 -0.25112 -0.28421
0.33175 0.42341 0.33929
0.11412 -0.08760 0.25579
-0.39890 -0.13242 0.20366
0.35912 0.36395 0.37678
0.40799 -0.14785 -0.56345
0.46701 -0.14855 -0.13295
0.34343 -0.15356 -0.25467
-0.19191 -0.25112 -0.29132
0.27394 0.17108 0.27167
0.56715 0.46017 0.33574
0.17461 0.63543 0.39016
0.18234 -0.01576 0.22159
-0.59067 0.20837 0.26825
0.47786 0.61714 0.44463
-0.23767 -0.14785 -0.23632
-0.17153 0.31207 0.36287
0.34680 -0.03884 0.21541
0.25786 0.03287 0.28807
-0.13754 0.66235 0.38990
0.05251 0.01447 0.28314
-0.00411 0.12846 0.26025
0.18915 -0.25112 -0.49129
-0.40090 0.06989 0.24455
-0.25911 0.07951 0.30055
-0.16399 -0.15703 0.23718
0.60388 0.24448 0.32523
0.17279 -0.14785 -0.50784
0.41030 -0.25112 -0.49744
0.02194 -0.25112 0.00796
-0.45796 -0.14785 -0.22398
-0.08999 -0.14785 -0.30480
0.44276 -0.07038 0.19357
-0.34801 0.18217 0.27464
0.60388 -0.16986 0.02313
0.40761 0.17963 0.32740
-0.29336 0.63665 0.44985
0.26092 0.25628 0.34793
-0.23517 0.27275 0.29891
-0.15119 -0.25112 -0.13792
0.22681 -0.14785 0.08709
-0.43696 -0.08828 0.21548
-0.54530 0.65086 0.38683
0.22922 0.60085 0.44026
-0.50875 -0.18657 -0.28320
-0.03135 -0.25112 -0.45692
-0.38528 -0.14785 -0.67673
-0.44508 -0.17536 -0.03573
-0.30975 -0.15157 0.23863
0.46314 -0.25112 -0.38039
0.09039 0.08155 0.24767
-0.24435 -0.25112 -0.38238
-0.08343 0.35309 0.37387
-0.31252 -0.14785 -0.17881
0.28440 0.31959 0.31147
-0.14403 -0.16739 -0.10658
0.25292 -0.14785 -0.30191
-0.54820 -0.14785 0.14845
0.60388 -0.19216 -0.37568
-0.35334 0.61745 0.39129
-0.05115 0.19928 0.33266
-0.38802 0.41138 0.33606
0.51461 0.28086 0.30109
0.28446 -0.14785 -0.67800
0.38343 -0.17730 -0.18459
-0.55122 -0.25112 -0.22977
0.13254 -0.18280 -0.36398
0.53683 0.34690 0.37222
0.23716 -0.17487 0.00423
-0.60443 -0.19667 0.03314
0.55965 -0.14785 -0.06051
0.00753 -0.14785 -0.32249
-0.23149 -0.25112 -0.55002
-0.15021 -0.14785 -0.64816
0.33734 -0.14785 -0.49328
-0.39804 0.18948 0.33003
0.32745 0.67217 0.45253
0.56157 -0.25112 -0.62593
-0.02315 -0.17892 0.16933
0.45454 -0.14785 0.08975
-0.28124 0.16831 0.32435
0.20389 -0.14785 -0.38282
-0.55979 0.55580 0.42819
0.11280 -0.02346 0.21953
0.46218 0.43739 0.34304
0.25599 -0.10672 0.21052
-0.21230 0.48104 0.40816
-0.31499 0.34959 0.37294
-0.25942 -0.14785 0.04197
0.26527 -0.14785 -0.59672
0.37615 -0.25112 0.11789
-0.02746 -0.25112 -0.33934
0.19385 0.43543 0.39594
0.39972 -0.18657 -0.35221
0.15894 -0.25112 -0.17371
-0.42379 0.13116 0.31441
0.24780 -0.25112 -0.29000
0.05658 0.68573 0.40192
0.07696 -0.18657 -0.25745
0.19603 -0.22422 -0.70850
0.32938 -0.14785 0.03248
-0.05954 -0.25112 -0.08036
0.46134 -0.24611 -0.70850
0.01957 0.33789 0.36980
-0.52834 0.10278 0.25336
-0.36246 -0.08544 0.25635
-0.26409 -0.03915 0.26876
-0.12387 -0.18657 0.06331
0.29637 -0.25112 -0.08092
0.37434 -0.14785 -0.41634
0.38723 0.42459 0.39303
-0.38809 0.53837 0.37010
-0.59752 0.44940 0.39968
0.00937 0.25029 0.29289
-0.56538 -0.14785 -0.01175
0.48235 -0.25112 -0.11937
0.50383 0.53333 0.42217
-0.30328 -0.14785 -0.49613
0.55464 0.06773 0.23058
-0.56927 -0.14785 -0.40360
-0.03158 -0.16076 -0.42488
-0.60443 -0.20836 -0.16629
-0.53064 -0.22156 -0.70850
-0.54130 -0.25112 -0.60603
-0.09403 0.58004 0.43469
-0.34604 -0.18657 -0.28636
0.07380 0.21581 0.33709
-0.17132 -0.16051 0.14978
0.58751 0.62714 0.38046
-0.58059 0.33453 0.36890
0.31332 -0.14785 -0.14468
0.14544 -0.16076 -0.59285
0.59999 -0.04102 0.20142
-0.01370 -0.15274 0.00543
-0.47779 -0.25112 -0.62431
-0.06724 -0.18657 -0.22071
0.54497 -0.25112 0.11411
0.13504 -0.25112 -0.64564
-0.18806 -0.18010 0.06606
0.60388 -0.22459 -0.11822
0.56265 -0.06747 0.26119
0.36839 0.16125 0.26903
0.18240 -0.18070 -0.20628
-0.05121 -0.03418 0.21666
0.14178 0.25082 0.29304
0.04926 0.09224 0.30398
0.29961 0.07640 0.24629
0.47099 0.61427 0.39044
0.39950 -0.14785 0.14660
-0.51324 -0.14785 -0.16143
-0.55519 -0.14785 -0.59263
-0.56813 -0.14785 -0.10178
0.02526 0.50919 0.41570
0.59533 -0.14785 -0.48265
-0.52070 0.13578 0.31565
0.21449 0.33890 0.37007
-0.21105 -0.25112 -0.00112
0.00800 0.56144 0.37628
-0.17031 0.10702 0.30793
0.05792 -0.25112 -0.46955
0.35246 0.50248 0.41390
0.23941 -0.18657 -0.14571
-0.43539 -0.18657 -0.15696
-0.23097 -0.18225 -0.06644
0.24039 -0.25112 0.09318
0.49543 0.34252 0.31761
-0.46428 -0.14785 -0.30647
0.27951 -0.25112 -0.38669
-0.33231 -0.25112 0.00621
-0.17307 -0.18657 -0.20606
-0.01096 0.33864 0.31657
-0.59683 -0.25112 -0.05878
0.01724 -0.16076 -0.47459
-0.59739 -0.07108 0.19337
0.32909 -0.16508 -0.06696
-0.13398 0.26491 0.35024
-0.38219 -0.21504 0.16933
0.38238 -0.18657 -0.22131
0.46461 -0.17714 0.23049
0.15350 0.50397 0.41430
0.53024 -0.14785 -0.29630
0.52651 0.16339 0.32304
-0.25996 -0.18657 -0.15278
-0.32174 -0.25112 -0.62945
-0.40979 -0.25112 -0.00356
0.32387 -0.17630 0.22736
0.54763 -0.16235 0.17530
-0.43036 0.52830 0.42082
-0.19343 -0.03808 0.21561
-0.57664 -0.14785 -0.30755
0.47309 0.44794 0.39929
0.09003 -0.17720 0.23178
0.41427 -0.03889 0.26884
0.08378 -0.25112 -0.29445
0.26571 0.47800 0.35392
-0.31471 0.67530 0.39336
0.46886 0.08213 0.24783
-0.48219 -0.04135 0.26816
-0.47218 -0.18657 0.04600
-0.41138 0.04841 0.29221
-0.05799 -0.16374 -0.70850
-0.14700 -0.25112 -0.62749
0.29509 -0.14785 -0.41117
-0.53782 0.37142 0.32536
0.34022 -0.25112 0.07791
0.60388 0.49044 0.38646
-0.59828 0.25063 0.34642
-0.33027 -0.14785 -0.64165
0.15126 -0.25112 -0.46566
-0.51923 0.25145 0.29321
-0.11698 0.32247 0.31224
0.56572 -0.25112 -0.37994
0.60388 -0.15755 -0.18878
0.55076 -0.25112 -0.53754
-0.52070 0.50849 0.36209
-0.51768 -0.18621 -0.01858
0.48792 -0.15423 -0.34033
-0.31578 -0.25112 -0.51383
-0.00380 -0.09923 0.25267
-0.47674 -0.18069 0.17229
0.41447 -0.25112 -0.31288
0.09749 -0.14785 -0.68726
-0.58991 -0.25112 -0.54617
-0.46971 -0.14785 -0.55566
0.24305 -0.25112 -0.54606
0.25189 0.60465 0.38786
-0.50855 -0.25112 0.09388
0.01352 -0.15728 0.23712
-0.00870 -0.18657 -0.21303
-0.24193 -0.22814 -0.70850
-0.01945 0.21213 0.28267
0.14336 -0.25112 0.12565
0.04417 -0.25112 -0.64610
-0.55298 -0.25112 -0.37085
0.49574 -0.18657 0.04960
0.14718 -0.16076 -0.42363
0.48796 -0.25112 -0.49049
-0.55992 0.49003 0.34374
-0.45155 0.40094 0.38670
0.49727 0.01422 0.28307
-0.25646 -0.15402 -0.32793
0.60388 0.13801 0.25262
-0.18335 0.05614 0.24087
0.15058 0.62310 0.44622
0.32428 -0.25112 -0.66550
-0.11063 0.14906 0.31920
0.02754 -0.14785 0.11375
-0.00898 -0.18657 -0.58620
-0.07761 -0.25112 -0.57474
-0.12910 -0.25112 -0.22318
0.02202 0.44195 0.34426
-0.20228 0.01148 0.28233
-0.11359 -0.14785 -0.36776
-0.01313 0.07165 0.24502
0.40126 0.63394 0.44913
0.38593 -0.25112 -0.57581
-0.59807 0.60890 0.37557
-0.36826 -0.25112 -0.46611
0.35874 -0.25112 0.01283
-0.37851 -0.15549 0.04768
0.39362 0.09480 0.30467
0.48969 -0.25112 -0.02204
0.00418 0.16693 0.32399
0.08238 0.59112 0.38423
0.15686 0.32123 0.31191
0.11695 -0.25112 -0.02105
-0.05723 -0.25112 -0.25213
-0.23713 0.26372 0.34991
0.07650 0.38820 0.38328
0.16666 0.07435 0.24575
0.17178 0.18401 0.27513
-0.46447 -0.25112 -0.47020
-0.38189 0.47677 0.35359
0.58271 -0.14785 -0.58436
-0.18331 -0.25112 -0.18476
0.52643 -0.15264 -0.16396
0.38929 0.23965 0.34348
-0.51870 -0.14785 -0.46044
0.18157 -0.14785 -0.07138
0.01472 -0.24101 -0.70850
-0.02666 0.03019 0.28735
0.24933 -0.18657 -0.36165
0.07990 -0.15759 -0.06779
-0.60443 0.05541 0.26290
-0.38957 0.12115 0.25829
0.09810 0.11055 0.30889
-0.30323 -0.25112 -0.13741
-0.37252 0.41361 0.39009
-0.30104 -0.14785 -0.03044
-0.38638 -0.17346 0.23276
-0.42791 0.25484 0.29411
-0.60443 -0.23037 0.14894
-0.18498 -0.15684 -0.27557
0.01527 0.64786 0.45286
-0.02245 -0.25112 -0.14443
0.43007 -0.15374 -0.08873
-0.08076 -0.12857 0.17796
0.49270 0.48822 0.35666
-0.00549 -0.21585 0.16933
0.03132 -0.18657 -0.10193
-0.25641 -0.16843 0.19800
0.51081 -0.14785 -0.62675
-0.34529 -0.18237 -0.32917
-0.06559 -0.25112 0.10905
-0.34111 0.02639 0.28631
0.36635 0.66159 0.38970
0.16971 0.55702 0.42852
-0.46944 0.10618 0.25428
0.07841 -0.14785 0.04153
-0.22059 -0.14785 -0.61276
0.37777 -0.25112 -0.23699
0.48585 -0.14785 -0.48323
-0.42072 0.65691 0.45528
-0.20728 -0.25112 -0.09883
0.15378 -0.14785 0.11100
0.05920 -0.15857 -0.32721
-0.38115 -0.18657 -0.08942
-0.06137 -0.15513 -0.13946
0.20740 0.06567 0.29686
-0.34932 -0.14785 -0.52654
-0.04391 -0.18657 -0.29256
-0.25518 -0.14785 -0.46806
-0.60443 -0.15348 -0.15079
0.40596 -0.13592 0.20270
0.52850 0.40056 0.33317
0.54078 -0.08596 0.20811
0.54849 0.18624 0.27573
-0.11006 -0.00801 0.27711
0.30773 -0.18657 -0.28724
0.25687 -0.25112 -0.14716
-0.14737 -0.18657 -0.56403
0.60388 0.40609 0.37363
-0.49210 -0.06491 0.19504
0.11187 0.28386 0.35532
-0.12630 0.16497 0.27003
-0.24501 -0.21260 0.16933
-0.02331 -0.14785 -0.36924
-0.08415 0.60820 0.38881
0.47368 0.22147 0.28517
-0.10953 0.46285 0.34986
0.02876 -0.03818 0.26903
-0.47820 0.37734 0.32694
-0.24101 0.45352 0.34736
0.26119 -0.15370 0.16933
-0.23356 0.34574 0.31847
-0.60443 0.01069 0.23525
0.55294 -0.14785 0.02242
0.56903 -0.15773 -0.70850
0.60388 -0.20470 -0.61328
0.56236 0.29377 0.35798
-0.59084 -0.14785 0.15920
0.44303 -0.18657 -0.21069
-0.31626 -0.18365 0.06606
-0.28241 -0.25112 -0.67908
0.39630 -0.17365 -0.29218
0.40665 0.13736 0.26263
-0.05892 -0.25112 0.04243
0.60388 -0.20092 -0.25741
0.10540 -0.18657 -0.01650
-0.52015 -0.18657 -0.21948
-0.19769 0.61724 0.39123
-0.46358 -0.25112 0.07218
-0.37723 -0.19539 -0.70850
0.18928 -0.25112 -0.33555
0.29902 0.62390 0.44644
0.17107 -0.17953 -0.27382
-0.32323 -0.04049 0.21497
-0.42018 0.58769 0.43673
0.10869 -0.16089 -0.13512
-0.44297 -0.14785 -0.41768
0.58030 0.01431 0.21625
0.07155 -0.18657 -0.17312
-0.18678 -0.25112 -0.50335
0.31611 -0.06699 0.19448
-0.30692 -0.18657 -0.09506
-0.60443 -0.19560 -0.63500
-0.04666 0.28382 0.35531
-0.50791 -0.17470 0.23243
-0.35542 0.56980 0.43194
0.02137 -0.25112 -0.29676
-0.14609 0.46303 0.40333
0.38963 -0.25112 -0.64176
0.42432 0.20663 0.28120
-0.05028 -0.25112 -0.40279
-0.29537 -0.14866 -0.70850
0.59853 -0.14785 0.13846
-0.33020 0.47198 0.40573
0.33254 0.02418 0.23230
0.56307 0.68638 0.39633
0.29291 -0.02573 0.27237
-0.22505 -0.25112 0.09138
0.24170 0.16718 0.32406
0.45137 -0.14785 -0.62263
0.20762 -0.15124 -0.25585
-0.42517 -0.18657 0.06522
0.15444 -0.17311 0.16933
0.17549 -0.25112 -0.54638
0.22892 -0.07434 0.25934
0.53501 -0.22294 0.16933
0.51795 -0.25112 -0.36706
0.00705 -0.06201 0.20920
0.29236 -0.14785 -0.01270
0.45018 -0.18657 0.00195
-0.35170 -0.16850 -0.20638
-0.37371 -0.17642 -0.14059
-0.15654 -0.18423 -0.04496
-0.46679 -0.18657 -0.22826
-0.22182 -0.25112 -0.42325
-0.47917 -0.25112 -0.16910
0.52223 -0.18657 -0.10305
-0.07561 -0.14785 0.06681
0.17169 -0.18657 -0.03728
0.06281 -0.25112 0.05176
0.22949 -0.25112 -0.21396
0.42809 -0.14785 -0.70282
-0.56628 0.04585 0.29155
0.29459 0.19342 0.33109
-0.17885 0.11143 0.25568
0.50279 -0.25112 -0.66340
-0.60443 -0.22428 0.09554
0.36444 -0.25112 -0.15040
0.08405 0.65094 0.45368
-0.17664 -0.14785 -0.06777
-0.13115 -0.25112 0.10120
-0.07438 -0.09574 0.25360
-0.60226 0.67444 0.39931
0.23667 0.54000 0.37053
-0.31009 -0.18657 -0.24103
-0.13598 -0.15305 -0.15341
-0.10842 -0.18657 -0.08241
0.09260 0.53514 0.42266
-0.02715 0.58908 0.43711
0.54310 0.60041 0.44014
0.43929 -0.11360 0.24882
-0.14607 -0.25112 -0.46753
0.38915 -0.18975 -0.70850
0.35297 -0.25112 -0.04190
0.41529 -0.18657 0.05254
0.17634 -0.06020 0.26313
-0.60443 -0.17211 -0.38348
0.07302 -0.18124 0.17073
-0.35581 -0.25112 -0.34483
-0.43083 -0.25112 0.13209
0.51213 -0.19672 -0.70850
-0.42227 -0.16669 0.00647
0.13632 0.40018 0.38649
-0.49247 0.42882 0.39417
-0.09009 0.43616 0.39613
-0.47410 -0.25112 -0.29826
-0.33014 -0.17790 0.17799
0.23762 -0.25112 0.02589
0.18938 -0.16619 -0.70850
-0.19603 0.67600 0.43823
0.35788 -0.18614 0.16933
-0.44902 -0.14785 -0.61925
0.57244 0.13798 0.31623
0.37653 -0.18657 -0.02753
0.44359 -0.25112 -0.44042
-0.31957 -0.15124 0.02196
-0.16723 -0.18657 -0.29010
0.40725 -0.23459 0.16933
0.11025 -0.22429 0.16933
-0.38049 -0.25112 -0.70800
-0.56919 0.21967 0.33812
0.39294 0.40318 0.33387
-0.51631 -0.25112 -0.05034
-0.24013 0.37428 0.37955
-0.60443 0.16764 0.31903
-0.57847 -0.14785 0.05137
0.60388 0.33783 0.35151
0.02974 -0.25112 -0.18475
-0.24076 -0.18657 -0.36226
-0.52752 0.58829 0.38347
0.06711 0.26370 0.29649
0.26559 -0.14785 0.12048
0.23279 0.34535 0.31837
-0.32324 -0.14785 -0.58777
-0.38489 -0.14785 -0.07103
0.39057 -0.00747 0.22382
-0.05368 -0.14785 -0.08416
0.10215 0.64629 0.38561
0.46209 0.67195 0.45335
-0.55534 -0.25112 -0.44612
0.54533 -0.25112 -0.09931
-0.09663 -0.17986 -0.00952
0.60388 -0.20312 -0.03798
0.16679 0.37891 0.32736
-0.20522 -0.14785 -0.00171
-0.15463 0.26419 0.29662
0.59498 -0.25112 -0.66000
-0.55407 -0.25112 0.12188
0.08183 -0.14785 -0.59444
-0.59458 -0.14785 -0.50681
0.46817 0.19946 0.33271
0.60388 -0.22684 -0.30325
0.53496 -0.25112 -0.22426
0.35411 -0.15920 0.06606
-0.60443 -0.21771 -0.35236
-0.50471 -0.14785 0.11023
0.60171 -0.25112 -0.41755
0.31220 0.63030 0.39473
-0.33399 0.36678 0.32411
-0.35604 -0.00234 0.22519
-0.18362 0.36748 0.37772
0.08665 0.51272 0.36322
-0.53664 -0.07351 0.19275
0.55936 0.31099 0.29576
0.28664 0.26687 0.29734
0.05547 -0.06304 0.20893
-0.20248 -0.15684 -0.18362
0.19731 -0.14785 0.16398
0.43134 -0.14785 -0.16133
0.31822 -0.14785 -0.54897
-0.29052 -0.25112 -0.57391
0.15601 0.12232 0.25860
-0.50085 -0.14785 -0.39386
-0.12284 0.19511 0.33154
0.37111 -0.08884 0.25546
0.14631 0.68687 0.39763
0.01194 -0.18657 -0.36249
-0.35235 -0.25112 -0.18386
-0.18141 -0.12763 0.17824
-0.36117 0.25594 0.29441
-0.33419 0.67527 0.44094
0.40818 0.47160 0.40563
-0.07211 -0.18657 0.03016
-0.00531 -0.18657 -0.00280
0.10758 -0.25112 -0.21064
0.10870 0.44024 0.34380
-0.08529 -0.25112 -0.45479
0.34272 0.49086 0.35737
-0.39240 0.21652 0.28385
0.33911 -0.16016 -0.18593
0.31507 -0.17579 -0.70850
-0.13780 0.52962 0.42118
-0.35242 -0.25112 -0.28173
-0.43026 -0.18657 -0.30786
0.50852 -0.12179 0.24663
0.21550 0.62654 0.39373
0.21349 -0.14785 0.03551
0.49144 -0.15216 0.00781
-0.47677 0.31087 0.36256
0.33407 -0.25112 -0.51265
-0.59802 -0.10951 0.24992
-0.52420 0.33298 0.36849
-0.15518 -0.15679 -0.45077
-0.52215 -0.25112 -0.66720
-0.60443 0.50081 0.40787
-0.33474 0.54953 0.37309
0.48904 -0.14132 0.20125
-0.09712 -0.25112 -0.35493
-0.47717 -0.15085 -0.06603
0.38983 -0.25112 -0.43253
-0.26101 0.57995 0.43466
-0.29165 -0.18657 -0.30242
0.55115 -0.14785 -0.20954
-0.55090 -0.14785 -0.64369
-0.49321 0.56448 0.43052
0.13190 -0.08464 0.18975
0.26464 -0.13927 0.24194
0.38750 0.27124 0.29851
0.35113 -0.14785 -0.33230
-0.13307 -0.10510 0.25109
0.58405 -0.15249 0.23837
-0.47425 0.01997 0.28462
0.34436 0.30661 0.36142
0.50160 -0.14785 -0.21078
0.14264 -0.14785 -0.18018
0.03161 -0.18296 -0.25843
-0.26664 0.14968 0.26593
-0.27003 -0.15529 -0.08072
-0.45798 -0.14785 -0.16325
-0.01746 -0.14785 -0.15896
-0.29926 -0.08459 0.25658
0.14816 -0.01526 0.27517
0.24360 0.39812 0.38594
-0.12563 -0.15480 0.17093
0.21711 -0.25112 -0.03443
0.27171 -0.18657 -0.11320
-0.42761 -0.16689 -0.70850
0.25562 -0.14785 -0.54597
-0.48693 -0.24940 0.16933
0.01309 0.21686 0.33737
0.60388 -0.17346 -0.42109
-0.34202 0.19774 0.33224
-0.10958 -0.25112 -0.11839
0.44709 0.48680 0.35628
-0.48262 -0.18657 -0.15237
-0.19418 -0.25112 -0.05160
0.41404 0.01718 0.28387
0.60388 -0.20134 0.11617
0.06644 -0.14785 -0.24339
0.21356 -0.00672 0.27746
-0.55600 -0.01007 0.27657
0.50250 -0.14785 0.12565
-0.26466 0.47745 0.40720
0.50798 -0.25112 0.03325
-0.54920 0.43048 0.34118
-0.59610 0.36619 0.31054
-0.12101 0.67662 0.43591
-0.13366 -0.18657 -0.24429
0.35147 0.34885 0.31931
-0.33569 -0.03750 0.26920
0.44669 -0.25112 -0.22601
0.45019 0.39305 0.33115
-0.15374 -0.25112 -0.01656
0.43207 0.57159 0.37900
-0.37380 0.68248 0.39530
-0.33580 -0.25112 -0.56911
0.29271 -0.14785 -0.08120
0.20346 -0.14785 -0.15677
0.13689 -0.18657 -0.09136
0.49019 0.32658 0.36677
-0.02537 -0.18617 0.05165
-0.46994 -0.14785 -0.45528
0.20624 0.67976 0.42419
0.33682 -0.18657 -0.15102
0.30625 0.46658 0.40428
-0.20652 0.40517 0.33440
0.56346 0.38380 0.38210
-0.48194 -0.25112 -0.56588
-0.05471 0.55191 0.37373
-0.03881 -0.14785 -0.63849
0.30519 -0.15811 -0.25471
-0.32031 0.06461 0.24314
-0.26278 -0.25112 0.02203
-0.17261 -0.16603 -0.13347
0.19546 -0.25112 0.10498
0.17649 0.42582 0.33994
-0.25324 -0.18657 -0.26252
-0.00853 -0.15270 -0.11293
-0.04471 -0.08479 0.18970
0.46339 -0.14785 -0.55063
-0.18678 -0.21593 0.16933
-0.40764 -0.17322 0.16933
0.24946 -0.25112 -0.69957
-0.46427 0.67897 0.42713
-0.49808 0.68378 0.39565
-0.55683 -0.15342 0.23812
-0.53510 0.15347 0.26695
-0.05472 0.32540 0.31302
-0.39358 0.30935 0.30872
-0.45176 -0.25112 -0.24477
-0.10575 -0.16076 -0.47448
-0.28275 0.33568 0.31578
0.06769 -0.25112 -0.58865
0.45879 0.27974 0.30079
-0.06744 0.04383 0.23757
0.07124 -0.25112 -0.04514
0.18045 -0.14785 -0.45453
0.39994 -0.06198 0.20921
0.25182 -0.14821 -0.25299
0.34053 -0.14785 -0.00871
-0.41834 -0.25112 -0.45845
-0.44742 -0.25112 -0.03607
-0.32273 0.45506 0.34777
-0.25897 -0.18657 -0.20734
0.50738 0.04172 0.23700
-0.46198 -0.13979 0.20168
-0.29793 -0.09897 0.21261
0.22636 -0.18657 -0.24718
0.14444 -0.17412 0.21924
0.31819 0.04791 0.29210
-0.24867 -0.14785 -0.53771
0.25863 -0.18657 0.04815
-0.41868 0.36480 0.32358
-0.44199 -0.17484 0.22191
0.45384 0.51870 0.41825
0.35799 0.14613 0.31842
0.42823 -0.14785 -0.39859
-0.29676 0.61388 0.39033
0.60388 0.57390 0.37500
0.10077 -0.01404 0.27550
-0.14231 0.53093 0.36810
-0.07165 0.66328 0.39015
-0.17711 -0.25112 -0.56559
0.04286 -0.14785 -0.28727
0.37887 -0.14785 -0.51602
-0.25280 -0.25112 0.14151
0.47911 -0.15556 -0.06551
-0.11664 -0.17260 0.21356
0.42449 -0.18657 -0.27380
-0.60443 0.36951 0.37120
0.58411 0.40359 0.32056
-0.29256 -0.18657 -0.00761
0.48595 -0.17753 -0.27310
0.16418 -0.25112 -0.04833
0.22973 0.01396 0.22956
0.42745 -0.25112 -0.05866
0.02760 0.38444 0.32885
0.26941 0.67299 0.44945
-0.18873 -0.14785 0.09390
-0.13178 0.37979 0.38102
0.52785 -0.25112 -0.59115
-0.44625 0.03493 0.23518
-0.05946 -0.18304 -0.59387
-0.20968 -0.25112 -0.23271
-0.07256 0.19714 0.27865
0.13018 0.15213 0.32003
0.05850 0.29985 0.35961
-0.58332 -0.24538 -0.70850
-0.32196 0.29790 0.35909
-0.08878 -0.25112 0.15923
-0.51712 -0.14785 0.03303
0.45531 -0.20358 -0.70850
0.60000 -0.25112 0.10999
0.08014 0.01486 0.22980
0.07093 -0.18657 0.03794
0.60388 -0.15442 -0.53694
0.24735 -0.25112 -0.49125
-0.45377 0.08368 0.30169
0.00727 -0.16218 0.17466
-0.27294 -0.18657 0.06302
0.60388 -0.03982 0.25632
-0.25371 -0.14890 -0.04364
-0.60443 -0.23793 -0.22817
-0.20971 0.01098 0.22876
-0.01735 -0.25112 -0.02867
-0.28723 -0.14785 -0.41280
-0.20987 -0.18657 -0.31156
-0.32102 -0.14785 -0.28800
0.29845 -0.15384 0.17120
0.05913 -0.25112 -0.14837
-0.15950 -0.25112 -0.37412
-0.07958 0.64513 0.45213
-0.28870 0.03918 0.28975
-0.17069 -0.14785 -0.59139
0.15012 -0.25112 -0.69783
0.05670 0.17117 0.32513
-0.13179 -0.25112 -0.67633
-0.24144 0.65053 0.45357
-0.44788 0.23524 0.34229
0.43500 -0.18092 -0.13295
-0.19069 0.15630 0.32113
0.54091 0.03797 0.28944
0.19187 -0.18657 0.01905
0.16165 -0.25112 -0.59865
-0.59731 -0.25112 0.03278
-0.59242 -0.14785 -0.62292
-0.44382 -0.03614 0.21614
-0.20998 -0.18657 -0.23213
0.31216 -0.25112 -0.13233
0.39181 -0.14785 0.09353
0.14340 0.45160 0.40027
0.12556 -0.16076 -0.47216
-0.11245 0.31373 0.36332
0.60388 -0.17355 -0.32683
0.04482 -0.14785 -0.69480
0.01137 0.55898 0.42904
-0.05958 -0.14785 0.13785
-0.55743 0.47045 0.40532
-0.60443 -0.18507 -0.21105
-0.31770 -0.25112 -0.45623
0.23192 -0.14785 -0.03564
-0.53934 -0.14785 -0.05504
0.02565 -0.14785 -0.00326
-0.04566 -0.25112 -0.50781
0.29511 -0.18657 -0.04063
-0.59521 -0.25112 -0.13926
0.44798 0.05028 0.29273
0.22255 0.22105 0.33849
0.28955 -0.18657 -0.18235
-0.32383 -0.18657 -0.04998
-0.58590 -0.14785 -0.45011
0.45563 -0.25112 -0.53354
0.30954 -0.18461 0.06606
0.23324 -0.14785 -0.67613
-0.21163 -0.16945 0.20178
-0.36887 -0.25112 -0.64857
0.42750 -0.25112 0.11300
0.01011 -0.15322 -0.06717
-0.58307 0.14222 0.25053
-0.33459 0.12578 0.25953
0.36161 -0.18657 -0.29788
0.12244 -0.15759 0.05439
-0.03016 0.50639 0.41495
-0.00341 0.48787 0.35656
-0.03127 0.34070 0.37055
-0.54956 0.61444 0.44390
0.38300 0.44819 0.34593
0.05429 -0.25112 -0.33746
0.59452 -0.25112 -0.56618
0.23287 -0.15654 0.19157
0.11016 -0.16076 -0.55288
0.32494 -0.18657 -0.22461
-0.51293 -0.14785 -0.31570
-0.14885 -0.14785 -0.70035
-0.50285 0.04848 0.23881
-0.17782 0.57251 0.37925
-0.09096 0.23141 0.34126
-0.48999 -0.15420 -0.11767
0.53594 0.23347 0.28839
-0.55998 -0.14785 -0.35183
-0.60443 0.30036 0.34563
0.15073 0.02380 0.23220
-0.42887 -0.25112 -0.57563
0.53875 -0.14785 -0.66937
0.09461 -0.14785 0.11035
0.25595 -0.25112 -0.34050
-0.43314 0.42295 0.33917
0.31468 0.14049 0.26347
0.24684 -0.15704 -0.18707
-0.23827 0.19578 0.33171
-0.25278 -0.14785 -0.66720
-0.04940 -0.18657 -0.16046
0.52643 -0.15079 -0.36011
-0.05909 -0.14785 -0.22636
0.13186 -0.25112 0.06980
0.15237 -0.15058 -0.11650
-0.19292 -0.06728 0.26122
0.21983 -0.25112 -0.44803
-0.58960 0.09675 0.23834
-0.56446 0.23218 0.27464
0.45729 -0.14785 0.16413
-0.10149 -0.02591 0.21888
-0.10018 -0.18328 -0.13946
-0.51706 -0.14947 -0.25019
0.49678 -0.25112 -0.41522
0.26693 -0.14785 -0.15282
0.12480 -0.13408 0.24334
-0.23520 0.08523 0.24866
-0.22206 -0.14785 0.15557
-0.05998 0.14732 0.31873
-0.36980 0.13244 0.31473
-0.39844 -0.25112 -0.38189
0.47759 -0.18657 -0.17756
-0.50586 0.62522 0.39337
-0.10216 0.10238 0.30669
-0.14620 -0.15283 -0.21598
0.60388 -0.18055 -0.14059
0.48604 -0.08198 0.21257
-0.39406 -0.25112 -0.14597
-0.27110 0.30007 0.35967
0.21892 -0.14785 -0.61608
0.19987 -0.18657 -0.35043
-0.14759 -0.10563 0.18414
0.41965 0.63556 0.38969
0.45516 0.14949 0.31932
0.36816 0.20967 0.28201
0.60388 -0.24075 -0.15882
-0.37891 -0.15225 -0.32855
0.02334 -0.18657 -0.18163
-0.22122 -0.14785 -0.09120
-0.01418 -0.19973 -0.70850
-0.45415 0.48706 0.40977
-0.55070 -0.17617 0.18057
0.34741 0.61054 0.44286
0.34673 0.45366 0.40082
0.04243 0.63615 0.38749
0.27610 -0.25112 -0.65154
-0.60443 -0.22281 -0.00962
0.18727 -0.14785 -0.55584
-0.36682 -0.13266 0.24370
0.46163 -0.25112 0.03472
0.23953 0.20624 0.28109
-0.31047 0.21387 0.28313
0.13974 -0.15963 -0.25792
-0.24099 0.60184 0.38711
-0.50419 -0.25112 -0.25832
0.03952 0.15977 0.26864
0.39674 -0.14785 -0.25375
0.40752 -0.18657 -0.06272
0.60388 0.29770 0.30133
0.46103 -0.25112 -0.63194
0.15710 0.09488 0.30469
0.22649 -0.14785 -0.11601
-0.59886 -0.25112 -0.31666
0.36526 -0.14785 -0.61333
-0.36904 0.07347 0.29893
-0.06111 0.06154 0.29575
0.34294 -0.15565 0.18827
0.02362 0.04132 0.23689
-0.32670 0.40253 0.33369
-0.43875 0.48614 0.35610
0.00794 0.68338 0.41067
0.17493 -0.15077 0.05212
0.60388 0.08824 0.25653
0.25104 0.08801 0.30284
0.05159 0.11103 0.25557
-0.03156 -0.13209 0.17702
-0.26243 0.19520 0.27813
0.05489 0.22085 0.28501
-0.21340 -0.18657 -0.02318
0.25266 0.30281 0.36040
-0.32081 -0.17828 -0.13677
0.02154 -0.25112 -0.60338
0.09806 -0.15346 -0.27557
-0.28207 -0.18446 -0.04558
0.32379 -0.18657 -0.09225
0.34639 -0.25112 -0.62106
0.12517 -0.25112 -0.08314
-0.39344 -0.17829 -0.01520
0.58726 -0.14785 -0.23169
0.29085 -0.14785 -0.48206
-0.07166 -0.25112 -0.31351
-0.42129 0.16565 0.27021
-0.60443 0.46037 0.35583
-0.52029 0.20457 0.28064
-0.60443 -0.23948 -0.50329
-0.10798 -0.14785 -0.67410
0.42312 0.58313 0.43551
0.14023 -0.16592 0.00678
0.25091 0.46696 0.40439
-0.30932 0.57515 0.43337
0.55772 0.47975 0.40781
-0.38261 0.52744 0.42059
0.58204 -0.10810 0.25030
0.27969 -0.25112 0.06421
0.00843 -0.14785 -0.40255
-0.10528 0.36998 0.32497
-0.02153 0.28377 0.30187
-0.43075 -0.14785 0.16511
-0.10278 -0.15041 0.02991
0.10463 0.58229 0.43529
-0.01700 -0.18657 -0.25451
-0.48893 -0.18657 -0.33428
-0.20323 0.65138 0.38697
-0.35381 -0.16177 -0.36398
0.27158 0.56081 0.42953
-0.53212 -0.25112 -0.11973
0.36087 -0.25112 -0.47512
0.50934 0.63719 0.38359
0.45314 -0.18657 -0.04513
-0.53703 -0.05225 0.26526
-0.60443 -0.17445 -0.00935
0.00167 -0.18657 -0.29341
0.10357 -0.25112 -0.45755
0.33564 0.29458 0.30476
0.28226 -0.25112 -0.59762
-0.46220 -0.14785 -0.50930
-0.12982 0.12088 0.25821
0.31087 -0.25112 -0.01956
-0.13609 -0.25112 -0.07910
0.40236 0.30844 0.36191
-0.06616 0.39701 0.38564
0.49664 -0.03154 0.27079
-0.48066 -0.16656 0.00533
0.31418 -0.23386 -0.70850
-0.18341 0.35218 0.32020
0.19476 0.18455 0.32871
0.08901 -0.18657 -0.34479
0.07129 -0.15870 -0.70850
-0.46512 0.60737 0.44201
0.21297 -0.25112 -0.17040
-0.22177 -0.25112 -0.32795
-0.60443 -0.12757 0.20672
-0.60443 -0.23650 -0.61424
0.38440 -0.14785 -0.08038
-0.29561 -0.15301 -0.11932
0.01834 -0.25112 -0.45645
0.28745 -0.14996 0.04633
0.45004 -0.17904 0.05428
-0.55224 -0.25112 0.01113
0.04043 0.41282 0.38988
-0.34547 -0.25112 0.05720
-0.60443 0.56984 0.43167
0.15747 -0.12234 0.17966
-0.53339 -0.25112 -0.55981
-0.39025 -0.18657 -0.30015
-0.08782 -0.18657 -0.25929
-0.29800 -0.15004 0.17634
0.32357 -0.18456 0.00678
0.29350 -0.18200 -0.32752
-0.51253 -0.25112 -0.19984
-0.02801 -0.16076 -0.48601
0.51724 -0.18431 -0.32457
0.58725 -0.18410 0.16929
-0.19001 -0.14785 -0.22988
-0.56671 -0.01959 0.20719
0.57903 0.21713 0.27060
0.41698 -0.14785 -0.65328
0.00464 0.08218 0.30128
0.24968 -0.14785 -0.38618
-0.41840 -0.18657 -0.09193
0.54033 0.34974 0.31955
0.00434 -0.16076 -0.51852
0.42240 -0.25112 -0.68653
0.36230 -0.07664 0.19270
0.52340 -0.25112 -0.06152
-0.25263 -0.14785 -0.17217
0.04651 -0.16076 -0.43930
0.31851 0.18407 0.27515
-0.00930 0.46673 0.40432
-0.52468 0.03259 0.28800
0.01746 -0.25112 -0.36374
0.25796 0.10022 0.25268
0.50448 0.12527 0.31283
0.06970 -0.25112 -0.68336
-0.06630 -0.25112 -0.13127
0.25915 -0.14785 -0.10329
0.55055 -0.25112 -0.14211
-0.16219 -0.18657 0.03144
0.30465 -0.10757 0.21029
-0.18030 0.26941 0.35144
-0.18795 -0.19868 -0.70850
-0.37010 -0.18657 0.03991
-0.46830 0.13760 0.31613
0.55225 -0.03281 0.21432
0.60388 -0.19791 -0.20862
0.49935 -0.14785 -0.09798
-0.44053 0.17531 0.32624
-0.34694 -0.25112 0.14069
-0.47355 -0.16049 -0.70850
0.56394 -0.12445 0.17908
0.17420 -0.14785 -0.22781
-0.22446 -0.25112 0.04539
-0.23206 0.51995 0.41858
-0.24500 0.02467 0.28586
-0.42158 -0.14785 -0.52953
0.05958 -0.14345 0.24083
0.15742 -0.25112 -0.42127
0.47270 -0.14785 -0.17758
-0.58646 -0.14785 -0.56059
-0.46638 -0.09846 0.25286
0.29866 -0.14785 -0.36526
0.59039 0.44141 0.39754
-0.09975 0.42070 0.33856
0.60388 0.66827 0.39878
0.44191 -0.25112 -0.14827
-0.12402 -0.14785 -0.07780
-0.11349 0.23040 0.28756
0.25606 -0.14785 -0.43285
0.20401 -0.18080 -0.09147
-0.06820 0.01447 0.28314
-0.06831 -0.16076 -0.45016
0.55225 0.11230 0.24986
-0.29021 -0.14785 0.07416
-0.25045 -0.15738 0.23708
0.60195 -0.14785 -0.37932
0.44073 -0.17286 -0.36398
0.08341 -0.14785 -0.64281
-0.31908 -0.14785 -0.44431
-0.29639 -0.00972 0.27664
0.53384 0.50425 0.36095
0.55042 -0.01728 0.27463
-0.25116 0.49976 0.35975
-0.56137 -0.14785 -0.15961
-0.38256 -0.25112 -0.03843
0.02075 -0.15107 -0.20679
-0.44407 -0.14785 0.03507
-0.15111 -0.01137 0.22277
-0.17667 -0.25112 -0.33342
0.52643 -0.16696 -0.00979
-0.01311 -0.25112 -0.25308
-0.18979 -0.25112 -0.63811
-0.19702 -0.18657 -0.25765
-0.49912 0.48062 0.40804
-0.46685 -0.25112 -0.67687
0.31626 0.68606 0.40065
0.14716 -0.25112 -0.28795
0.40216 -0.19092 0.16933
-0.46649 0.24336 0.29104
0.07678 -0.25112 -0.25105
-0.55778 0.26251 0.34960
-0.36329 0.28111 0.35459
0.60388 0.04869 0.22647
0.28153 -0.25112 0.13524
0.38167 0.61357 0.39025
0.28103 0.39735 0.33231
-0.07179 -0.25112 0.00052
-0.43319 -0.14785 -0.01511
0.21338 0.56044 0.42943
0.38077 -0.14785 -0.16167
-0.60443 0.50376 0.36099
0.08114 -0.25112 0.01210
0.16457 -0.25112 -0.00470
0.01667 -0.16076 -0.56527
-0.10893 -0.17973 -0.59387
-0.33761 -0.15926 -0.70850
0.19391 0.30337 0.30712
0.37874 0.55693 0.42849
-0.01389 -0.14785 0.12706
0.20800 -0.25112 0.14664
0.21015 0.50910 0.41568
0.42718 -0.14785 -0.30183
0.38507 -0.14785 -0.69649
0.00628 -0.14785 -0.64816
-0.00421 -0.15189 0.06606
-0.11938 -0.18657 -0.34895
-0.46610 -0.14785 -0.65918
0.14715 -0.18657 -0.31712
-0.26210 -0.25112 -0.16616
-0.34801 0.50294 0.36060
0.59254 -0.14785 0.05873
-0.55400 0.16255 0.32282
0.10769 -0.15557 -0.18676
0.20814 -0.18657 -0.28992
0.46817 0.52334 0.36607
0.50641 -0.18657 -0.14606
-0.24880 -0.09274 0.25440
0.40680 -0.25112 0.03052
0.50227 0.56293 0.37668
-0.60443 -0.19157 0.13009
0.55415 -0.18695 -0.70850
-0.36644 0.36476 0.37700
-0.57264 -0.25112 0.16928
-0.51441 -0.25112 -0.43271
0.50815 -0.25112 -0.53142
-0.44240 -0.25112 0.03471
0.08802 0.07017 0.29806
-0.20075 0.07770 0.30007
0.60388 -0.00227 0.24354
-0.02904 -0.25112 0.16024
0.09537 -0.25112 -0.50865
0.49580 -0.25112 -0.20669
0.44308 -0.14785 -0.47991
0.42044 -0.25112 -0.38443
-0.50344 0.37633 0.38010
0.43235 0.43499 0.39582
0.52643 -0.14918 -0.24461
-0.01010 -0.00802 0.27711
0.60370 0.48984 0.34366
-0.45482 -0.17855 -0.11767
0.30173 0.30986 0.36229
0.14028 -0.25112 -0.23901
0.04255 0.26154 0.34934
-0.60443 0.21023 0.31536
-0.23408 -0.04385 0.21407
0.03831 0.59050 0.38407
-0.12189 -0.25112 -0.18109
-0.24946 -0.25112 -0.10515
-0.38876 -0.25112 0.03351
-0.55279 0.55583 0.37236
0.09816 0.18213 0.32806
0.10690 0.35122 0.37337
-0.35055 -0.14785 0.07867
0.42554 0.10061 0.25278
0.51659 -0.15450 -0.70850
-0.50846 -0.17001 0.18690
0.35484 0.07814 0.30020
0.27973 0.22646 0.28651
-0.10307 -0.17205 -0.70850
0.60388 -0.18588 0.07674
-0.06898 -0.14785 -0.00955
-0.03901 0.63384 0.44910
0.36002 0.21026 0.33560
-0.26177 -0.25112 -0.34393
-0.36211 -0.25112 -0.60210
0.42057 -0.25112 -0.61308
0.27133 0.56850 0.37817
-0.10133 0.47542 0.40665
-0.13050 -0.25112 0.15248
-0.02624 -0.06475 0.26191
-0.00761 -0.14785 -0.60835
0.60388 0.52971 0.37110
0.21952 -0.14785 -0.20951
-0.51391 -0.25112 -0.38660
0.51307 -0.08139 0.25745
0.32149 -0.14785 -0.45318
-0.43975 -0.00331 0.27835
0.44533 0.23359 0.34185
0.54825 -0.14785 -0.12833
0.60388 -0.23982 -0.05573
0.13049 -0.16076 -0.51617
-0.38919 -0.25112 0.13722
0.30168 -0.19163 0.16933
-0.58167 -0.25112 -0.09783
-0.23443 -0.25112 -0.04006
-0.38788 0.67705 0.43432
-0.04440 0.55227 0.42724
-0.53704 -0.18022 -0.70850
-0.01888 0.45042 0.34653
0.60388 -0.18369 -0.08886
-0.14589 0.62155 0.39239
0.55118 -0.14785 -0.55336
0.31078 -0.25112 -0.27365
-0.02071 -0.00683 0.22399
0.19346 0.62136 0.44576
0.51182 0.19630 0.27843
0.28864 -0.25112 -0.49572
-0.02441 0.38670 0.38288
-0.33743 0.62615 0.44704
-0.04136 -0.18657 -0.54649
-0.60443 -0.19423 -0.25149
-0.35669 -0.15135 0.17188
0.39186 -0.14847 -0.03905
-0.03464 -0.23571 -0.70850
-0.12937 -0.14785 -0.31750
-0.39600 -0.08263 0.21699
-0.14011 -0.14804 -0.04496
-0.08051 -0.15052 -0.19110
-0.01604 -0.25112 0.02422
0.54320 0.59706 0.38582
0.36707 -0.24408 0.16933
0.60388 -0.24705 -0.26727
0.47550 -0.25112 -0.07867
0.21803 0.07810 0.24675
0.09222 -0.25112 0.14371
0.40239 -0.14901 -0.33468
0.54154 0.54929 0.42644
0.26098 -0.17466 0.22125
-0.09626 -0.16365 0.16933
-0.27902 -0.14785 0.00430
-0.07802 -0.25112 -0.66148
-0.53287 -0.14785 -0.19912
0.31390 -0.25112 0.10998
-0.24615 -0.14785 -0.37470
-0.04411 -0.18657 0.00005
-0.35160 -0.25112 -0.42780
-0.13452 -0.14785 0.07054
-0.24770 -0.14785 -0.28876
-0.44709 0.33816 0.36987
-0.35979 -0.25112 -0.12339
-0.23025 -0.25112 -0.67184
0.54900 -0.25112 -0.18584
-0.16810 0.68488 0.40507
0.51109 -0.25112 -0.32677
0.14232 0.21135 0.28246
0.13880 -0.18657 -0.18331
-0.37454 -0.14785 -0.48089
-0.16831 -0.25112 0.02552
-0.20102 -0.18657 0.01895
-0.02441 0.23231 0.34151
0.51047 -0.25112 -0.25685
-0.00413 0.12452 0.31263
0.60388 0.11473 0.30480
-0.16350 0.14894 0.26573
-0.14850 0.47467 0.35303
0.05130 0.62682 0.44722
-0.15518 -0.15278 -0.54279
0.52643 -0.17882 -0.19503
-0.27210 0.68029 0.42222
-0.07060 0.00478 0.22710
0.09477 -0.25112 -0.33942
-0.47223 -0.10753 0.21032
0.46689 0.04038 0.23664
0.17991 0.03694 0.28916
-0.29248 -0.25112 -0.31157
-0.15734 0.31935 0.31140
-0.01023 0.52652 0.36692
-0.07996 -0.25112 -0.52932
0.60388 -0.15171 0.20309
0.55748 0.63639 0.44978
0.39746 -0.13839 0.24218
-0.09118 -0.25112 -0.40831
-0.21561 -0.03496 0.26988
-0.60443 -0.00994 0.26999
-0.40278 -0.14785 -0.41378
0.47174 0.68419 0.40765
0.26167 -0.05161 0.26543
-0.28404 -0.14785 -0.21684
0.40282 -0.25112 -0.13830
-0.03233 -0.15035 -0.32721
-0.20510 -0.25112 -0.37367
-0.21804 0.34192 0.37087
0.41174 0.02542 0.23263
0.01932 -0.17418 -0.70850
-0.53847 -0.14785 -0.28492
-0.48792 0.14036 0.26344
0.11507 -0.14785 -0.40375
-0.14829 -0.18657 -0.01006
-0.00095 -0.25112 -0.63941
0.60388 -0.16650 -0.68446
0.23961 0.12489 0.31273
0.06722 -0.04827 0.26633
0.58886 0.17435 0.25913
-0.33032 0.06439 0.29650
0.35199 0.25311 0.34708
-0.20069 -0.25112 -0.46613
0.10594 -0.18657 -0.06443
0.32733 0.10412 0.25372
-0.59728 -0.25112 -0.38114
-0.52308 -0.18657 -0.11949
0.32517 -0.25112 0.03401
-0.33191 0.38421 0.38221
-0.16559 0.41813 0.39129
-0.45797 -0.17846 -0.18841
0.53031 -0.23192 -0.70850
0.03874 -0.18556 0.16933
-0.45240 -0.14785 -0.37921
-0.02300 -0.15358 -0.27557
0.50147 0.42850 0.34065
0.50451 0.47113 0.40550
-0.27513 -0.18657 -0.11726
0.20195 -0.14785 0.11781
-0.36916 -0.25112 -0.54419
0.25451 -0.15268 -0.70850
-0.06253 0.16024 0.26876
0.22712 -0.14785 -0.51237
0.49617 0.05233 0.29328
-0.05993 -0.17449 0.16933
-0.60443 -0.19516 -0.12910
0.26133 0.21400 0.33660
-0.43072 0.11348 0.25623
0.47147 0.55512 0.42801
-0.21115 -0.18657 -0.11375
-0.40812 -0.16991 0.20351
-0.56164 -0.14785 -0.48119
-0.03575 -0.25112 0.08328
-0.44438 0.21187 0.28260
0.12896 0.09466 0.25119
0.25622 -0.25112 -0.01226
-0.60443 0.27536 0.30685
-0.49635 -0.03263 0.21708
0.42593 -0.18657 -0.16983
-0.45271 -0.14785 0.11811
0.27757 0.53103 0.36813
0.12496 -0.14812 0.16933
0.05862 -0.25112 -0.09793
-0.09999 -0.06713 0.26127
0.05481 -0.18588 -0.13450
-0.17771 -0.25112 -0.60089
-0.04072 -0.14785 0.05256
0.25374 -0.18657 -0.29637
-0.08343 -0.14785 0.10516
-0.21296 -0.14785 0.13000
0.06593 0.42329 0.33926
-0.35619 0.43558 0.34255
0.51880 -0.14785 0.07645
0.14880 -0.18657 -0.22786
0.27102 -0.25112 -0.11062
-0.17979 -0.02015 0.27385
-0.24622 -0.25112 -0.28034
0.49446 -0.16134 0.17153
-0.60443 -0.15757 -0.11174
-0.10086 -0.25112 -0.26937
0.44834 -0.14785 -0.33443
0.12087 -0.17135 -0.29289
-0.06454 -0.14785 -0.67368
0.47896 -0.14785 -0.58618
-0.09101 -0.18657 -0.30579
-0.06112 -0.14785 -0.37772
0.21617 -0.11424 0.18183
-0.02089 -0.25112 -0.07831
-0.49995 0.67419 0.44499
0.23947 -0.25112 -0.37545
0.30946 0.01159 0.28237
-0.28462 -0.25112 -0.63989
-0.32640 0.59006 0.38395
0.53653 0.01734 0.23047
-0.19087 -0.25112 -0.13369
-0.44284 -0.17580 0.18109
-0.03039 -0.18657 -0.35650
-0.35632 0.50036 0.41333
-0.21849 -0.15392 0.05184
-0.51709 -0.14785 -0.58806
-0.58903 -0.25112 -0.46445
-0.10553 -0.18657 -0.21500
0.58022 -0.14785 -0.43702
-0.49768 -0.16217 -0.20421
-0.47307 -0.25112 -0.06550
-0.58577 0.04833 0.22537
0.21614 0.49214 0.35771
-0.37482 -0.14785 -0.03406
0.52150 -0.25112 -0.62893
0.21340 -0.17688 0.06606
0.54587 -0.14274 0.24101
0.34669 -0.25112 -0.36240
-0.01426 0.67211 0.45275
0.26097 -0.25112 -0.19231
0.34466 -0.15034 -0.29472
-0.51718 0.45059 0.34657
-0.35750 -0.16930 -0.25429
-0.32125 -0.15284 -0.32917
-0.01286 -0.25112 -0.38674
0.10533 -0.25112 -0.59409
0.59719 -0.25112 -0.33175
-0.40638 -0.18657 0.03218
0.60388 0.63164 0.42633
-0.09660 -0.25112 0.05708
-0.16569 0.23554 0.34237
0.07977 -0.16296 -0.11062
-0.18069 -0.14785 0.04743
-0.46031 0.07060 0.24474
-0.60217 -0.14785 -0.27951
0.25572 -0.01543 0.27513
0.24785 -0.25112 -0.05663
-0.17012 -0.18657 -0.10048
-0.57312 0.11442 0.30992
-0.60443 -0.17762 -0.53685
-0.42759 0.44784 0.39926
-0.10751 -0.25112 -0.63776
0.05252 0.67599 0.43826
-0.09581 -0.17915 -0.04734
-0.19187 -0.14785 -0.63739
-0.19660 -0.14785 -0.43860
-0.05366 0.09203 0.25048
-0.46522 -0.18657 -0.29613
0.32463 0.38755 0.32968
-0.36018 -0.14785 -0.10539
0.49578 -0.18657 -0.07372
0.06492 -0.16925 0.00389
-0.21385 0.31464 0.31014
0.05630 -0.18657 -0.35236
-0.35754 0.05866 0.24154
0.30235 0.44626 0.34541
0.45457 -0.16773 0.19538
0.42208 -0.09460 0.21376
-0.13831 0.56603 0.43093
0.59897 -0.25112 0.07232
0.44394 0.13252 0.26133
0.09657 -0.14785 -0.32063
0.20129 -0.18657 -0.15976
0.10997 -0.25112 -0.70451
0.12089 0.31068 0.30908
-0.51444 -0.18657 0.01835
-0.14776 0.19471 0.27800
0.26341 -0.18725 0.16933
0.11797 -0.05158 0.26544
-0.15166 -0.16918 0.20079
-0.34180 -0.18117 -0.15957
-0.44591 -0.25112 -0.20182
0.44699 -0.02135 0.27354
-0.27236 -0.25112 0.08879
0.36558 -0.16143 -0.36398
0.45158 -0.14785 0.12698
-0.57997 -0.25112 -0.18390
-0.16991 -0.16435 -0.32721
-0.58447 -0.18203 -0.70850
-0.52697 -0.18382 -0.18351
-0.22056 -0.25112 -0.18551
0.10904 0.22750 0.28679
-0.15479 0.17661 0.32658
0.37180 0.12473 0.25925
0.02396 -0.08808 0.18882
-0.19476 0.44212 0.34430
-0.05011 -0.18657 -0.12318
-0.39412 0.27347 0.29911
-0.01525 -0.17471 0.22143
0.13924 0.64764 0.38598
0.37504 -0.18657 -0.09112
0.02242 -0.14785 0.04056
-0.27016 -0.14785 -0.62287
0.58267 0.67894 0.42724
0.08859 -0.25112 -0.42365
-0.05221 -0.14785 -0.60395
-0.51011 0.34766 0.31899
-0.21970 -0.25101 0.16933
0.40229 -0.14785 -0.37218
0.02425 -0.15204 0.15340
0.14347 -0.14785 -0.36932
-0.27731 -0.11547 0.24831
0.10112 -0.25112 0.10664
-0.04183 0.24052 0.29028
0.18002 -0.14785 -0.29057
0.18385 -0.16888 0.19965
0.41068 0.14410 0.31788
0.08254 -0.16177 -0.36398
-0.29036 -0.06358 0.20571
0.41386 0.47145 0.35216
0.27931 -0.25112 -0.55240
0.23923 0.65401 0.38767
0.58134 -0.25112 -0.09193
0.07185 0.14062 0.26350
-0.05119 0.59258 0.38462
-0.25821 -0.11915 0.18053
0.41228 -0.14785 0.04348
0.16610 -0.25112 0.08300
-0.33126 -0.14404 0.20055
0.01185 0.02036 0.28472
-0.42005 -0.18657 -0.22255
0.60388 -0.16804 -0.61404
-0.01638 -0.25112 -0.21656
-0.40467 -0.25112 -0.68048
0.37765 0.28232 0.35491
-0.46880 -0.25112 -0.13699
-0.21344 -0.25112 -0.70806
0.07367 -0.14785 0.08032
0.13519 -0.25112 -0.54940
-0.44945 -0.25112 -0.43686
-0.03706 -0.25112 -0.30180
0.26016 -0.15852 0.02485
-0.24389 0.38278 0.32840
0.47058 -0.18657 -0.12941
0.47296 0.31221 0.30949
-0.42329 -0.14785 -0.44957
0.10719 -0.18657 0.03419
0.31918 0.33006 0.31427
-0.34813 -0.18657 -0.10232
-0.49530 -0.25112 -0.48955
0.52508 0.68174 0.41681
0.14456 0.44582 0.34529
-0.00900 -0.25112 -0.17817
0.12228 0.50595 0.36141
-0.39551 -0.11119 0.24945
-0.03396 -0.11872 0.24745
-0.44484 0.56198 0.42985
0.15678 0.60394 0.38767
0.41185 -0.17203 -0.13295
0.14258 0.16328 0.26958
-0.05581 -0.14785 -0.28981
-0.02817 0.68408 0.40807
-0.34738 0.22359 0.28574
-0.57994 -0.25112 -0.28245
0.19894 0.65593 0.45502
-0.08548 0.18825 0.32970
-0.31331 0.15402 0.26709
-0.49292 -0.25112 0.12649
-0.08339 -0.21305 -0.70850
-0.31834 -0.18657 0.02935
0.36413 -0.14785 -0.20330
-0.25465 0.31377 0.30991
0.05185 -0.02835 0.21822
-0.47891 -0.14785 0.16384
0.08990 0.46997 0.35177
-0.46412 0.33778 0.31634
-0.23044 -0.14785 -0.49425
-0.33345 -0.14785 -0.04616
-0.05312 -0.25112 -0.03295
0.57403 -0.25112 -0.30291
0.52504 -0.14029 0.20153
0.30381 0.00320 0.22668
-0.38610 0.18231 0.27468
-0.21143 -0.18657 -0.19981
0.37613 -0.15243 0.17627
0.22914 -0.18657 -0.32954
0.02804 -0.25112 -0.11684
-0.12966 -0.14673 0.23994
-0.39344 -0.18263 -0.17975
-0.46604 -0.15243 -0.03192
0.22529 -0.14785 -0.41437
-0.33098 -0.21834 0.16933
0.16922 -0.14785 -0.68036
0.31495 -0.05300 0.26506
0.36884 -0.25112 -0.52128
0.20385 -0.09943 0.25262
-0.43613 -0.14785 -0.56792
0.52318 0.31333 0.36322
0.27218 0.41985 0.39176
-0.09836 0.26741 0.35091
0.45699 -0.14785 -0.51280
0.52161 -0.25112 0.15198
0.25118 0.26337 0.29640
0.60388 -0.23887 -0.62773
-0.59424 -0.17313 0.18409
-0.60443 -0.16125 -0.34955
-0.58286 -0.25112 -0.00911
0.38486 -0.25112 -0.38349
0.43893 0.38880 0.38344
0.60388 -0.21820 -0.00575
-0.59918 0.06515 0.29672
0.46198 -0.15439 -0.29847
0.34642 -0.15565 -0.13429
0.53235 -0.25112 -0.39957
0.39140 0.59861 0.43966
0.53348 0.14818 0.26553
0.54027 0.12346 0.31234
0.00422 -0.18657 -0.03700
0.51851 -0.14785 -0.59212
0.33054 -0.18657 -0.03923
-0.06537 -0.14785 -0.04479
0.60388 -0.22028 -0.44466
0.30428 -0.15454 -0.17913
0.42500 -0.16392 0.16933
-0.09931 -0.25112 -0.49973
-0.44613 -0.14785 -0.08266
-0.35104 -0.17399 0.23262
-0.56467 -0.09427 0.18718
-0.16891 -0.09228 0.25453
-0.54476 0.30527 0.36106
-0.36365 0.38523 0.32906
-0.55247 -0.25112 -0.68524
-0.41996 -0.14785 -0.67031
0.04518 0.06827 0.24412
-0.37359 -0.15769 -0.70850
-0.48099 -0.18657 -0.26053
-0.59374 -0.14785 -0.65811
-0.35847 0.31480 0.36361
0.40864 -0.17452 0.22071
-0.03624 0.63664 0.38562
0.08068 0.14637 0.31848
-0.60443 -0.16220 -0.04228
-0.19480 0.64359 0.45171
-0.41870 0.52175 0.36564
0.37465 0.32925 0.36749
0.60347 0.26817 0.35112
-0.19518 -0.18657 -0.05315
0.14020 -0.18657 -0.13320
-0.09938 -0.25112 -0.15420
-0.12354 -0.14785 -0.59892
-0.47341 -0.16614 0.23472
-0.42796 -0.25112 0.09720
-0.33879 0.14804 0.31891
-0.00581 -0.17982 -0.32721
-0.54358 -0.14785 0.05587
-0.28249 -0.25112 -0.00680
-0.57203 -0.21620 0.16933
0.30380 -0.16804 0.19655
0.08291 0.55739 0.37520
0.60388 0.58831 0.41130
0.18552 -0.16359 -0.00642
0.22326 -0.25112 -0.40736
-0.15307 0.07286 0.24535
0.13660 0.05727 0.24117
-0.16913 -0.15186 -0.02602
0.18811 0.22620 0.33987
0.19486 0.67144 0.39233
-0.46794 0.27835 0.35385
0.34121 -0.14785 0.09633
-0.49733 -0.25112 -0.69369
-0.55202 0.36755 0.37775
-0.27451 0.47488 0.35308
-0.08872 -0.18003 0.06606
0.02699 -0.14785 -0.09707
0.25021 -0.25112 -0.58419
0.19732 -0.25112 -0.22709
0.22085 -0.18089 -0.70850
-0.27072 0.66858 0.45838
0.37171 0.17694 0.32668
-0.42498 -0.15919 -0.32855
0.15918 -0.17422 -0.06841
0.08855 -0.05290 0.21164
0.36140 -0.25112 -0.27940
0.11654 0.59678 0.38575
0.45999 0.01889 0.28431
0.33045 -0.14785 -0.37899
-0.34945 -0.14785 -0.30765
0.38121 -0.25112 -0.06180
0.41169 -0.14785 -0.49435
0.52182 0.50486 0.41454
-0.38185 0.65009 0.38663
-0.56264 -0.17147 0.20933
0.52426 0.25431 0.34741
0.03020 -0.25112 -0.48997
0.41889 -0.16323 -0.20308
-0.52215 -0.01609 0.27495
-0.15241 -0.25112 -0.50485
0.37867 0.05420 0.29379
-0.30586 -0.17366 -0.20948
-0.21829 0.55035 0.42673
0.39536 -0.18657 -0.25310
-0.28304 0.64493 0.38525
0.43550 0.17529 0.27280
-0.00607 -0.25112 -0.58300
0.37823 -0.25112 -0.19264
0.06091 -0.21093 0.16933
0.06226 -0.18657 -0.08731
-0.16860 -0.25112 0.05974
0.10969 0.67309 0.44908
-0.58371 0.61373 0.44371
0.33499 -0.18657 -0.25707
0.59949 -0.14785 -0.14936
-0.41430 -0.15322 -0.14184
0.48607 0.37423 0.32611
-0.27942 -0.18340 0.02989
-0.15720 -0.16226 -0.18511
-0.60443 -0.18236 -0.58395
0.60388 -0.17166 -0.45512
0.28736 0.51105 0.41620
-0.34447 -0.16054 0.04768
0.18906 -0.25112 -0.30152
0.15173 -0.25112 -0.10437
-0.60443 0.23239 0.28798
-0.57642 0.33943 0.30337
0.27220 -0.25112 -0.45530
-0.60443 0.18607 0.29049
0.12256 0.25272 0.34698
-0.54727 -0.14785 0.11450
-0.60443 -0.16985 -0.46814
0.36326 0.31812 0.31107
0.31958 0.43329 0.39536
-0.16501 -0.25112 -0.09683
-0.44406 -0.03581 0.26964
0.07946 -0.15406 -0.16790
-0.32824 -0.08042 0.21574
-0.25581 -0.15531 -0.70850
-0.31339 -0.14785 -0.67988
-0.15130 0.02210 0.23174
-0.40751 0.67996 0.39461
-0.00140 -0.18178 -0.54429
0.08881 0.67915 0.39439
-0.28207 0.35666 0.37483
0.57124 0.36243 0.30954
0.28366 -0.13303 0.20347
0.07655 -0.25112 -0.17721
0.37741 -0.18030 0.05397
-0.58298 0.64996 0.38658
0.26395 -0.18657 -0.24744
0.32432 -0.16811 -0.31473
-0.53221 -0.25112 0.14741
0.14544 0.28214 0.35486
0.50546 -0.17038 0.20526
0.36879 -0.25112 -0.66809
0.11684 -0.15055 -0.23510
-0.49619 0.40470 0.33427
0.26940 0.36695 0.32416
-0.41593 -0.14785 -0.61383
0.24454 -0.24577 0.16933
0.42780 -0.25112 -0.35173
-0.51087 -0.25112 -0.59199
0.29380 0.49565 0.35865
0.42404 0.53704 0.36974
0.09878 0.49315 0.41140
-0.49692 0.48572 0.35599
0.17953 -0.18657 -0.30863
-0.33128 -0.25112 -0.25579
0.18246 -0.14785 -0.58894
0.05991 -0.18657 -0.22870
-0.06244 0.35680 0.32144
0.38672 0.68703 0.39704
0.01613 -0.18657 0.04052
-0.27659 0.23051 0.34101
0.60388 -0.16483 0.10266
0.60388 -0.07104 0.24453
-0.23938 -0.16990 0.16933
0.40182 0.58519 0.38265
0.19044 0.09410 0.30448
-0.09863 -0.25112 -0.60063
0.26063 0.02605 0.23280
-0.19920 -0.14785 -0.68380
0.51111 0.61542 0.44417
0.21304 0.18683 0.27589
0.02038 -0.25112 -0.15286
0.43970 -0.15911 0.02847
0.04882 -0.15342 0.16933
-0.04500 -0.25112 -0.61195
0.28988 0.04574 0.23808
0.43769 0.48629 0.40956
0.49535 0.17442 0.32600
0.08460 -0.25112 0.07679
-0.10309 0.63533 0.39053
0.00360 0.40380 0.38746
-0.60443 -0.20158 -0.47927
-0.28665 -0.15388 -0.30366
-0.37372 -0.18305 0.16933
0.03456 0.38137 0.38145
-0.54063 -0.03813 0.21560
-0.55524 0.40501 0.32096
-0.26215 -0.18657 -0.32856
-0.06309 -0.25112 -0.34540
-0.27078 0.38663 0.38286
0.23382 -0.17216 0.16933
-0.42023 -0.18089 -0.27692
0.37513 -0.09987 0.21236
-0.41346 -0.06163 0.19844
0.09372 -0.25112 -0.66071
0.19815 -0.25112 -0.00743
0.55199 0.06805 0.29750
-0.08743 0.49954 0.35969
0.38776 0.35927 0.32210
-0.46585 0.67031 0.45887
0.48852 0.26147 0.29589
-0.20940 -0.14785 -0.53869
0.28462 0.61300 0.39010
0.12268 0.47253 0.35245
-0.23636 -0.15193 -0.01152
-0.44957 -0.25112 -0.32015
0.56922 0.35225 0.37365
0.48489 -0.18657 -0.31924
-0.42641 -0.25112 -0.50075
-0.30212 0.55469 0.37447
-0.50070 -0.17893 -0.70850
0.60388 -0.17617 -0.01925
-0.01241 -0.14785 -0.02698
-0.09513 -0.25112 0.09478
-0.44164 0.38742 0.32964
0.15060 -0.14785 0.07839
0.24173 -0.18657 -0.20031
-0.60443 -0.20967 -0.66459
0.45145 0.36145 0.32268
-0.29665 0.37140 0.32535
-0.45347 0.27453 0.29939
0.60302 -0.25112 -0.53460
0.34886 0.45987 0.34906
-0.30344 0.19146 0.33055
