-0.04879 0.65604 0.32529
0.19676 -0.57837 -0.59189
-0.03406 -0.54991 0.74084
-0.02736 0.42166 -0.72619
-0.17643 -0.16184 -0.00887
0.10432 -0.15478 -0.02573
-0.12621 0.19148 0.74084
0.26512 -0.57837 0.14258
0.05263 0.50774 -0.20563
-0.17643 -0.25520 -0.68033
0.05263 -0.12527 -0.55934
-0.17643 0.43590 -0.20727
0.10079 0.46675 0.31843
0.09785 -0.31390 0.43471
-0.17643 -0.54155 0.03300
-0.17643 -0.44294 -0.28268
-0.17643 0.23162 0.43898
0.29862 -0.34434 -0.28804
-0.17643 -0.26837 0.47071
0.01621 0.65604 0.73642
-0.17643 0.15306 -0.47708
0.05263 0.05075 0.49988
-0.00629 0.65604 -0.51612
-0.17139 -0.57837 0.31893
0.29862 -0.51382 0.57309
0.15061 -0.31390 0.22066
0.07224 0.23644 -0.01739
0.25002 -0.33630 -0.72619
0.10540 -0.57837 -0.21450
0.01966 -0.23872 0.74084
-0.07954 -0.57837 -0.70454
0.09541 0.40373 -0.51849
-0.17643 0.14496 0.05017
0.08233 0.13410 -0.30541
-0.17643 0.13890 -0.09101
0.11323 0.41370 0.62955
-0.07052 0.06769 -0.72619
-0.17643 -0.51748 -0.07532
-0.17643 -0.14933 -0.36118
-0.17643 0.47949 -0.46580
-0.17643 0.52303 0.54670
-0.15275 0.65604 0.03535
0.07910 -0.23249 -0.32421
0.05263 0.52527 0.12090
-0.17643 0.45869 0.17859
-0.06889 -0.57837 -0.44245
-0.00026 0.65604 0.49896
0.17286 -0.44829 0.74084
0.29862 -0.52462 -0.03436
0.12754 -0.57837 0.41584
0.08119 0.19559 0.27534
-0.17643 0.00917 0.32412
0.17985 -0.31390 -0.06230
0.01770 0.51764 -0.72619
0.04756 -0.57837 -0.05910
0.09332 -0.12130 0.26376
0.10675 -0.31390 -0.71989
-0.17643 -0.43453 -0.47131
0.05263 0.08290 0.66819
0.05263 0.30308 -0.15794
0.29862 -0.38254 0.36911
0.17925 -0.54983 -0.72619
0.05263 0.15793 -0.59928
-0.17643 -0.15476 -0.61180
-0.08683 0.65604 -0.25293
-0.17643 -0.30775 0.17202
-0.17643 0.61540 -0.68876
0.25423 -0.57837 0.42412
-0.17643 -0.03992 0.60557
-0.17643 -0.50603 0.57634
-0.06233 0.44492 0.74084
0.16289 -0.31390 -0.44773
-0.07269 -0.57837 0.12867
0.05263 0.30801 0.48355
-0.01459 -0.57837 0.57117
0.29862 -0.53447 -0.38588
-0.17643 -0.31082 0.69799
0.16323 -0.57837 -0.65020
0.23581 -0.31390 0.63778
0.10432 0.04223 -0.05357
-0.17643 0.37788 -0.31780
-0.07001 -0.13575 -0.72619
0.11385 0.42320 -0.31544
0.29862 -0.40806 -0.55528
-0.15432 0.65604 -0.21540
-0.17643 0.24814 -0.67032
-0.17643 -0.21131 -0.21623
-0.17643 0.37262 0.36840
0.29862 -0.37725 0.08923
-0.08915 -0.06499 0.74084
0.01900 0.65604 -0.04634
-0.17643 0.05582 0.55362
0.05263 0.04582 -0.72495
-0.10432 -0.44947 -0.72619
0.13935 0.44493 -0.01894
-0.02679 -0.57837 -0.39071
0.05263 0.25956 0.56361
-0.17643 0.36060 0.17153
0.05263 -0.09538 0.65857
-0.17643 -0.06419 0.14025
0.05263 0.53935 0.37588
-0.17643 0.02241 -0.26438
0.05263 0.25761 -0.34394
-0.17643 0.41496 0.01048
0.10432 0.14319 0.09851
0.24632 -0.54778 0.74084
-0.17643 0.64805 0.70181
0.24120 -0.31390 -0.24641
0.10203 -0.04897 -0.19089
0.17627 -0.57837 0.57829
-0.17643 -0.37037 -0.26013
-0.00994 0.65548 -0.72619
-0.17643 -0.37609 0.35512
0.10432 -0.22967 0.08509
0.00126 0.65604 -0.34879
0.06867 -0.07437 -0.40131
0.06867 -0.15600 0.46408
-0.17643 0.12127 0.23078
0.05263 0.29048 0.29415
0.05263 0.51256 0.59920
-0.17643 0.59967 0.32418
0.12526 -0.57837 0.21428
0.11853 -0.31390 0.62365
0.11323 0.40802 0.18116
0.12164 -0.57837 -0.43665
-0.09006 -0.38098 -0.72619
-0.17643 0.33217 0.68018
-0.17643 0.44701 -0.66833
-0.17643 0.09523 -0.67258
-0.17643 -0.49055 0.73486
0.05263 -0.17575 -0.67467
0.29862 -0.45495 0.35830
0.00248 -0.39595 0.74084
0.09883 -0.25610 0.05758
-0.17643 0.33744 -0.15913
0.05263 0.33999 -0.65688
-0.00714 -0.57837 -0.59948
-0.17643 -0.34094 -0.00180
-0.17643 -0.17336 0.31006
0.05263 0.54534 -0.53893
0.24891 -0.57837 -0.18737
-0.17643 -0.34819 -0.07455
0.10432 0.01351 0.13605
0.00636 0.65604 0.13369
0.13602 0.46675 0.48452
0.02047 0.24287 0.74084
0.11674 -0.31390 -0.53567
-0.17643 0.17344 -0.32185
0.10432 0.11360 -0.13558
0.05263 0.44073 -0.39155
-0.10522 -0.57837 -0.21680
0.06867 0.02370 -0.45302
-0.17643 -0.00063 -0.08541
0.08905 -0.25610 -0.14887
-0.17324 0.65604 -0.50363
0.08190 0.02558 0.32664
0.05263 0.51562 0.24639
0.22016 -0.31390 0.37443
-0.17643 0.60813 -0.38458
0.01238 -0.57837 0.27894
-0.17643 0.31324 -0.51662
0.12540 -0.57837 0.01284
0.15156 0.45627 -0.68184
-0.17643 -0.02055 -0.50095
0.10291 -0.09444 -0.18583
0.05263 0.53410 0.53323
-0.17643 -0.53684 -0.60951
-0.17643 -0.49704 0.18706
0.29862 -0.46534 0.23752
-0.17643 -0.16640 0.14285
-0.17643 -0.46122 -0.22798
-0.17643 0.34001 0.58982
0.24789 -0.31390 -0.45311
-0.09850 0.25099 -0.72619
-0.17643 -0.11027 0.49441
0.29862 -0.38986 0.51863
0.10476 -0.31390 -0.28351
-0.15741 -0.57837 -0.44179
0.29862 -0.51119 0.03981
0.06930 -0.57837 -0.42022
-0.17643 -0.21992 0.69534
0.13641 0.42917 -0.15483
-0.11439 0.65604 0.20076
0.29862 -0.46312 -0.41728
0.29862 -0.52384 -0.67279
0.23927 -0.31390 -0.65269
-0.05578 0.59359 0.74084
-0.01894 -0.57837 0.43182
0.05263 0.39628 0.01317
0.27539 -0.38053 0.74084
-0.17643 0.55721 -0.09551
0.29862 -0.37603 -0.14105
0.03884 0.21815 -0.72619
-0.10402 -0.57837 0.46179
-0.06194 -0.57837 -0.17488
-0.17643 0.52777 -0.03050
-0.17643 0.06607 0.71469
-0.03031 0.25690 0.74084
-0.09697 0.65604 0.41682
0.25953 -0.42545 -0.72619
-0.02691 0.65604 -0.11662
0.11128 -0.40715 -0.72619
0.17909 -0.57837 -0.05568
0.06867 -0.29610 -0.35808
0.05263 0.57238 -0.07584
0.06867 0.16916 0.42471
0.05263 0.27843 0.16280
-0.17643 0.38229 0.61221
-0.11941 -0.18698 -0.72619
-0.17643 -0.28402 -0.45186
0.19230 -0.31390 0.08602
0.08132 -0.57837 0.71772
-0.17643 0.28266 -0.42987
0.29862 -0.34006 0.24706
-0.17643 -0.04861 -0.72260
-0.17643 -0.36450 0.24880
0.06867 -0.03690 0.44835
0.22158 -0.31390 0.50564
-0.17643 0.20226 0.57086
0.25657 -0.57837 0.29507
0.06867 -0.27929 0.34191
-0.17643 -0.41429 -0.63338
-0.17643 -0.19412 0.59702
-0.06557 0.06053 0.74084
0.05263 -0.22300 0.61883
-0.17643 0.50674 0.69157
-0.08548 0.65604 0.64190
-0.17643 0.56706 0.14682
0.05263 0.28826 -0.51785
-0.17643 0.54492 -0.35609
-0.06172 -0.57837 0.03332
0.19266 -0.57837 -0.32697
0.06867 0.15910 -0.44920
-0.02296 -0.05882 -0.72619
-0.06089 0.65604 0.18477
0.06867 -0.12593 -0.41895
0.13666 0.46675 0.74015
-0.17643 0.41030 0.47221
0.05263 0.44718 -0.62426
-0.17643 0.26669 -0.02396
-0.17643 -0.13893 0.37666
0.10432 -0.02971 -0.05871
-0.17643 -0.42413 0.06444
-0.13242 0.52374 -0.72619
0.06231 -0.11655 -0.48020
-0.17288 0.65604 0.53708
-0.17643 -0.06764 -0.36108
0.29862 -0.51857 -0.24744
-0.17643 -0.37181 0.60071
0.05263 0.55147 0.47280
0.05263 0.65401 0.28674
-0.17643 0.49599 0.29856
0.07991 -0.22504 0.33762
0.06213 0.37110 -0.28498
-0.13256 -0.57837 0.24800
0.06804 -0.57837 -0.56826
0.05263 0.41710 -0.28196
-0.09881 0.65604 -0.61224
-0.17643 -0.10499 -0.12241
-0.17643 0.15842 -0.66020
0.04573 0.41101 0.74084
0.05788 -0.55716 -0.72619
0.09541 0.39696 -0.45926
0.13490 0.46675 0.43725
0.05263 -0.24550 -0.56146
-0.17643 -0.47749 0.42605
-0.17643 0.26322 0.31169
0.09541 0.37332 0.56708
-0.01742 -0.25849 -0.72619
-0.17643 -0.43034 0.47651
-0.17643 0.14753 0.37340
0.29862 -0.54656 -0.54293
0.10432 -0.09803 0.08604
0.10105 0.08743 0.22120
0.05263 -0.00073 -0.59761
0.15207 -0.31390 -0.15385
0.10432 0.16777 -0.08840
-0.11833 -0.57837 -0.11063
0.17005 -0.31906 0.74084
0.05263 0.52175 0.68321
0.08666 -0.25610 -0.08702
-0.17643 0.04342 0.64310
0.07188 0.37110 0.37216
0.29862 -0.40566 0.62586
0.05263 0.55654 -0.32784
0.06523 0.37110 -0.07607
0.07839 -0.03717 -0.32832
0.05263 0.29259 0.65298
-0.17643 0.01308 0.22229
0.05263 0.65188 -0.25330
0.05263 0.61720 -0.39644
0.09728 -0.25610 0.21008
-0.17643 0.53772 -0.56133
0.03062 0.65604 0.62178
-0.17643 -0.29370 -0.56205
0.04879 0.65604 0.40035
0.05263 0.38208 0.07337
0.29862 -0.31784 -0.00728
-0.17643 -0.31148 -0.35739
0.07685 0.19580 -0.27614
0.05263 0.00139 0.73788
-0.17643 -0.16799 -0.48225
0.14232 -0.37240 -0.72619
-0.17643 -0.02916 -0.60127
-0.12717 0.33888 0.74084
-0.17643 0.04346 -0.41927
-0.17643 0.22916 -0.18970
0.09541 0.37002 -0.65334
0.05263 -0.25206 0.52019
0.10368 0.46675 0.07446
0.29862 -0.53284 0.15600
-0.17643 -0.57464 -0.32265
0.05263 0.58408 -0.44365
-0.15249 0.35459 -0.72619
-0.17643 0.12219 -0.39563
0.13100 0.42320 -0.40828
0.05263 -0.03235 -0.64851
-0.10630 -0.57837 0.66545
0.05263 0.43155 0.46476
0.05263 0.39012 0.22824
0.17611 -0.57837 -0.17693
-0.17643 -0.11076 0.03840
0.29862 -0.36467 0.16305
0.08766 -0.51568 -0.72619
0.05263 0.40206 -0.71679
0.05263 0.60411 -0.66172
0.23266 -0.57837 0.07262
0.05263 0.55963 0.00236
-0.17643 0.03013 0.02507
0.28251 -0.57837 0.66598
-0.17643 -0.10419 0.70758
0.29862 -0.50866 0.45237
0.24662 -0.57837 -0.43367
-0.16891 -0.51655 -0.72619
-0.00165 -0.57837 0.20986
-0.17643 0.36129 -0.62833
-0.17643 -0.48863 -0.37286
-0.17643 0.23463 0.20545
0.05263 0.06272 -0.52316
0.05550 -0.34988 0.74084
-0.17643 0.07635 -0.18589
-0.17643 0.42722 -0.40079
-0.10572 0.65604 -0.72614
-0.17643 0.00991 0.44203
0.06569 -0.57837 0.11547
-0.17643 -0.04962 -0.55429
0.08794 -0.57837 -0.34517
0.29862 -0.39235 -0.02721
-0.17643 0.51630 0.43587
0.06867 -0.24705 -0.47886
-0.17643 0.09249 0.33791
-0.17643 -0.27090 -0.22095
-0.17643 0.60039 -0.46069
0.06867 -0.27974 -0.21023
-0.01444 -0.57837 -0.28308
0.15548 -0.57837 -0.50131
0.09778 0.46675 -0.54982
0.05263 0.15975 0.53225
-0.15364 0.65604 0.11859
-0.17593 0.02254 -0.72619
-0.17643 0.29264 0.10362
0.16462 -0.50840 0.74084
0.05263 0.40804 0.63515
-0.13631 0.65604 -0.09510
-0.17643 -0.28041 0.02735
-0.17643 -0.23811 0.26459
0.13372 0.46675 0.24780
0.10064 -0.31390 0.05808
-0.07668 -0.32103 0.74084
-0.17643 0.44079 0.26655
-0.17643 -0.32579 0.11497
0.05263 0.46983 -0.09028
0.04104 -0.13343 0.74084
0.09222 -0.57837 0.63283
0.29862 -0.48190 -0.12778
-0.17643 -0.42445 -0.16162
-0.05304 0.65604 -0.01530
0.20687 -0.57837 0.20547
-0.17643 0.49957 -0.30175
-0.17643 -0.45251 0.66449
-0.07279 -0.17029 0.74084
0.27258 -0.31390 -0.56803
-0.17643 -0.27916 0.36739
-0.00430 0.15544 0.74084
0.04797 -0.47858 0.74084
-0.17643 -0.52657 0.62866
0.07929 0.10854 0.34102
-0.13034 -0.38632 0.74084
-0.17643 -0.07750 0.25496
-0.17643 -0.06875 -0.23023
0.03139 -0.57837 -0.15607
0.13800 -0.57837 0.32059
0.29862 -0.34581 -0.66218
-0.17643 0.07377 0.13714
-0.11966 -0.57837 -0.58002
-0.17643 0.20557 -0.57044
0.05263 -0.17349 0.69012
0.07484 -0.10661 0.36554
-0.17643 -0.22037 -0.12103
0.29862 -0.50884 -0.61059
0.05263 -0.25396 -0.63948
0.05263 0.01241 0.60222
0.05263 0.62432 -0.15169
-0.17041 -0.57837 0.52949
-0.10369 0.65604 -0.37862
-0.17643 0.16695 0.67109
0.24833 -0.57837 0.54061
0.01507 0.50061 0.74084
0.06901 -0.24248 0.39761
-0.00697 -0.41892 -0.72619
-0.17191 -0.32120 -0.72619
0.07552 -0.57837 0.52392
0.00095 0.31769 -0.72619
0.09399 0.19033 -0.20529
-0.17643 0.07427 -0.30391
0.09507 -0.01211 0.25411
0.09251 0.05108 -0.24624
0.28301 -0.31390 -0.07987
0.06867 -0.24356 -0.42776
0.13641 0.43207 -0.10471
0.05263 0.40265 -0.19048
-0.17643 0.39156 -0.09869
-0.17643 -0.46582 0.27834
0.29862 -0.31616 0.40052
0.05263 0.36971 0.71765
-0.17643 0.36617 -0.23761
0.06093 0.24225 0.38167
0.05263 0.24290 -0.50434
0.10432 0.16659 0.04269
0.05263 0.61741 -0.58231
0.05263 0.42588 0.52495
0.05263 0.34232 -0.40886
0.05263 0.25983 0.07120
-0.17643 0.15394 0.47808
-0.17643 0.08904 -0.52128
0.25188 -0.31390 -0.35580
0.06867 0.10371 -0.39925
0.06867 -0.31355 0.15529
0.21324 -0.57837 0.67322
-0.09964 0.65604 0.07902
0.11323 0.41486 0.06345
-0.03298 0.35194 0.74084
-0.12695 0.13593 -0.72619
0.29862 -0.54737 0.39141
0.10432 0.06092 0.03077
0.01411 -0.30738 0.74084
-0.17327 -0.57837 0.21247
-0.17643 0.62877 -0.59382
-0.12164 0.65604 -0.42321
-0.17643 0.60240 0.45923
0.29862 -0.37426 -0.47584
-0.17643 0.49386 0.08408
0.05263 0.61878 0.19314
0.10432 -0.16131 -0.12374
0.10432 -0.15679 0.17037
0.09174 -0.16533 -0.25076
0.05263 -0.10067 0.55923
0.29862 -0.44321 -0.32999
-0.17643 -0.54939 -0.17546
0.09072 -0.31390 -0.01499
-0.10355 -0.46669 0.74084
-0.17643 -0.30902 0.45033
-0.17643 -0.06473 -0.04492
0.26693 -0.57837 -0.66965
0.10432 0.03274 -0.13163
0.06867 0.01272 0.41115
-0.17643 -0.35205 -0.64179
0.05425 -0.31390 0.56887
-0.17643 -0.39586 -0.34445
-0.04821 0.17009 -0.72619
-0.05310 -0.57837 -0.06467
-0.17643 -0.03385 0.52574
-0.09991 0.65604 0.51319
0.29862 -0.48170 0.68837
-0.17643 0.61397 0.22199
0.13648 0.44493 -0.22613
-0.17643 0.53087 -0.18260
-0.09350 -0.57837 -0.36971
-0.17643 0.20712 -0.03429
-0.17643 0.27665 0.55469
0.05263 0.17828 0.66129
-0.13939 0.65604 0.28117
-0.17643 0.56761 0.61076
0.05263 0.37605 -0.57486
0.08518 0.46675 0.58091
0.05263 0.28548 -0.61232
-0.17643 0.27042 0.73479
-0.17643 0.59721 -0.27134
0.07287 -0.31390 0.24861
0.27656 -0.57837 -0.09447
-0.15264 0.41599 0.74084
-0.17643 0.40993 -0.53262
0.05263 -0.04334 -0.51703
0.00696 -0.05538 0.74084
-0.02943 -0.57837 -0.53410
0.05263 0.59814 0.58048
0.09366 -0.57837 0.29069
-0.17643 0.57816 -0.16952
-0.17643 0.34653 0.26988
-0.17643 -0.29810 -0.15450
-0.01737 -0.57837 0.67937
-0.17643 -0.49529 0.32680
0.08043 0.21250 -0.16738
-0.17643 0.06950 -0.58534
-0.17020 -0.57837 -0.68208
0.09541 0.36177 0.29741
-0.17643 0.18202 0.13689
0.09541 0.38288 0.48689
0.16390 -0.57837 0.49125
-0.00829 0.65604 0.65031
0.04582 -0.57837 0.04482
-0.17643 0.41579 0.12274
0.29862 -0.32321 0.70534
-0.10726 -0.23929 0.74084
-0.17643 -0.56951 -0.53454
0.05263 0.28749 -0.24919
0.05263 -0.28888 0.67276
-0.17643 0.60660 -0.02077
0.05263 0.43971 0.15215
-0.17643 -0.46720 0.50413
0.29862 -0.41535 0.44201
0.29862 -0.52648 -0.47197
-0.17643 -0.29977 0.54844
0.29862 -0.40915 -0.22725
-0.17643 0.30492 -0.35520
0.05263 0.06596 -0.63578
0.21431 -0.31390 0.28304
-0.14007 0.65604 0.62016
-0.02161 0.65604 -0.59955
-0.17643 0.24306 0.63355
-0.17643 0.56056 0.19564
0.29862 -0.55682 0.25105
0.29862 -0.43987 0.52135
-0.17643 0.17005 0.29676
0.14867 -0.31390 -0.62094
-0.10228 -0.25074 -0.72619
-0.17643 -0.16280 -0.68650
0.11771 0.46675 -0.60199
0.11568 -0.57837 -0.10843
-0.17643 -0.21695 -0.30571
0.05263 0.46375 -0.46962
-0.12755 0.43532 -0.72619
-0.15600 0.58371 0.74084
-0.17643 -0.28152 0.62997
0.18956 -0.57837 0.13896
0.08834 0.21022 0.15773
-0.00976 0.65604 0.43776
-0.17643 0.46532 -0.13389
-0.09410 -0.01627 -0.72619
0.29862 -0.51854 0.31104
0.25894 -0.31390 0.19174
0.05263 0.15714 -0.51846
0.08962 0.44493 -0.71561
-0.17643 0.32912 0.47492
0.05263 0.64325 0.03606
-0.17643 -0.22011 0.16693
-0.17643 0.53887 -0.64705
-0.08696 0.65604 -0.55622
0.05263 0.53640 -0.13697
-0.17643 -0.12962 0.63999
-0.06691 0.57677 -0.72619
0.05263 0.30323 0.38094
-0.17643 0.43424 0.55993
0.00860 0.12396 -0.72619
0.05263 0.25118 -0.42893
-0.13610 -0.57837 0.16496
0.10432 -0.05178 0.03048
-0.17643 0.06961 -0.11413
-0.00024 -0.17768 -0.72619
-0.15864 -0.01465 0.74084
-0.07542 0.65604 -0.47426
0.29862 -0.43384 0.05353
-0.17643 0.58591 0.06802
-0.17643 -0.44845 -0.02704
-0.17643 0.08127 -0.04456
-0.17643 0.20731 -0.38415
-0.12798 0.50871 0.74084
0.10432 0.12414 -0.02060
-0.17643 0.37524 -0.42827
0.08738 0.46675 -0.30268
0.09756 0.46675 0.39192
0.05263 0.14596 -0.68215
-0.17643 -0.46514 -0.55941
-0.17643 -0.55528 0.38996
-0.17643 0.45421 0.51182
0.10432 -0.05650 0.18718
0.05263 0.33223 -0.32265
0.15218 -0.31390 -0.36632
-0.17643 -0.37945 0.52685
-0.11673 -0.55943 0.74084
0.03212 -0.32906 -0.72619
-0.17643 -0.54816 0.10667
0.07006 -0.31390 -0.09232
0.13330 0.46675 0.12969
0.05263 0.60712 0.68902
0.10432 0.14526 0.19621
0.29862 -0.55163 0.49304
-0.17643 -0.42231 0.13205
-0.08478 -0.57837 -0.65132
-0.17643 -0.13672 -0.19023
-0.09342 -0.57837 0.35064
0.20229 -0.31390 -0.53853
0.29862 -0.36630 -0.36926
0.08746 0.46675 -0.16924
0.05263 0.44522 0.22930
0.06961 0.01283 -0.37939
0.05263 -0.19964 0.54686
0.08996 -0.08110 -0.26108
-0.17643 0.64444 0.38971
0.09265 0.40618 0.70581
-0.17643 -0.11860 -0.29995
-0.17643 -0.11075 -0.43880
0.05263 0.31735 0.04984
0.05263 -0.15175 0.60821
-0.00469 0.57169 -0.72619
-0.02331 -0.52541 -0.72619
-0.17643 -0.35968 -0.51509
0.05263 0.21620 -0.64707
-0.07202 0.65604 0.72409
0.16242 -0.57837 -0.26083
0.10432 0.05030 0.17401
-0.17643 -0.23413 -0.02169
0.29170 -0.31390 0.54989
0.10432 -0.10965 -0.06911
-0.17643 -0.56439 0.69419
0.06867 0.21559 0.47657
0.00792 -0.57837 0.34019
-0.17643 -0.19684 0.45002
-0.17643 0.43431 -0.05194
0.27625 -0.51327 -0.72619
0.14625 -0.31390 0.49794
-0.10899 -0.57837 0.54334
-0.17643 0.54028 0.37136
0.05263 0.61427 0.50730
0.05263 0.18024 0.58748
0.05263 0.33368 -0.03437
0.26463 -0.57837 -0.26145
0.05263 0.40668 0.30766
-0.17643 0.03704 0.07827
0.26302 -0.46191 0.74084
0.01026 -0.57837 -0.68578
0.07962 -0.14486 0.33917
0.29862 -0.32673 0.30530
-0.17643 0.43259 -0.57473
-0.17643 0.22130 -0.50190
-0.17643 -0.22341 0.06515
0.03774 -0.57837 0.38455
0.26631 -0.31390 0.08382
-0.17643 -0.07507 0.41272
-0.11808 -0.57837 -0.28782
0.07825 -0.15669 -0.32915
-0.17643 0.03624 -0.35467
0.05263 0.46592 0.40290
0.08281 -0.57837 -0.65627
-0.17643 -0.23465 -0.59912
0.29862 -0.44428 0.15777
0.07106 0.46675 0.69016
-0.17643 0.65496 -0.32413
-0.17643 -0.13973 -0.53446
0.01335 0.65604 0.21428
0.13864 -0.31390 0.37016
0.01039 0.07405 0.74084
-0.17643 0.16941 -0.24555
-0.17643 0.21641 0.07198
-0.01766 0.65604 -0.28419
-0.17643 0.36047 0.06199
0.10432 -0.10135 -0.02297
0.05263 -0.18133 -0.50893
-0.14502 0.65584 0.74084
-0.10833 0.27092 0.74084
0.16440 -0.57837 -0.36755
0.29862 -0.46721 -0.51291
0.29862 -0.51244 -0.31177
0.09387 0.00280 -0.23835
0.06955 0.46675 -0.01350
0.02746 -0.53771 0.74084
0.07871 0.17696 0.34423
-0.17643 -0.01569 -0.17185
-0.17643 0.30255 -0.28061
-0.07395 -0.57837 0.29675
0.13641 0.43525 0.55911
-0.17643 -0.15959 0.53573
0.21488 -0.57837 -0.12298
0.17883 -0.47254 -0.72619
-0.17643 -0.49907 -0.47194
0.29862 -0.33840 -0.21555
0.05263 0.17104 0.74044
0.20409 -0.31390 -0.12029
-0.17643 -0.42011 0.55462
-0.12227 -0.57837 0.02589
0.10131 -0.17135 -0.19513
0.29862 -0.56199 0.07257
0.05263 -0.08053 -0.70824
0.08989 0.36040 -0.35377
-0.10279 0.65604 -0.16201
0.05263 0.58414 -0.20631
0.05263 -0.17496 -0.61235
-0.16815 -0.12685 -0.72619
-0.17643 0.43961 0.66404
0.12570 0.46675 -0.47787
0.09541 0.40002 0.35004
0.10432 -0.05061 -0.12886
0.05263 0.59668 -0.29271
0.06867 0.11687 0.46023
0.09882 0.40606 -0.59441
-0.17643 -0.40792 0.31153
0.07943 0.06796 -0.32230
0.00337 0.65604 -0.42915
0.07185 0.22042 0.20662
0.05263 -0.31120 -0.57434
0.05263 0.42037 -0.35234
0.22598 -0.57837 -0.02025
0.19035 -0.31390 0.57387
0.10432 -0.14152 0.04533
-0.03452 -0.10804 0.74084
-0.17643 0.53598 0.23744
0.29862 -0.32865 0.48211
-0.02573 0.65604 -0.20835
0.05263 0.58672 0.31572
0.05263 0.51637 -0.67616
-0.17643 -0.56184 0.46391
0.14804 0.46675 0.66595
-0.16702 -0.41271 -0.72619
0.15386 -0.31390 0.00817
0.10286 -0.57837 0.56605
0.08463 -0.05807 0.31162
-0.03548 0.65604 0.58817
0.05210 -0.57837 -0.25483
0.05263 0.29209 -0.70866
0.13593 -0.57837 0.08749
0.05263 0.43857 -0.55227
-0.17643 0.45694 -0.27511
0.08931 -0.31390 -0.44331
0.05263 0.37731 -0.48316
-0.17643 0.24902 -0.13336
-0.08286 0.36017 -0.72619
-0.17643 -0.21694 -0.37901
-0.00254 0.01516 -0.72619
-0.17643 -0.22636 0.53201
0.09760 -0.40871 0.74084
0.05263 0.26093 -0.08096
0.15132 0.46675 -0.28477
-0.17167 -0.57837 -0.24205
0.29862 -0.32448 -0.43036
0.09541 0.37016 -0.18239
0.05263 0.42237 0.59429
0.03177 0.29520 0.74084
0.07765 -0.31390 -0.16141
-0.17643 0.30238 -0.08269
0.21378 -0.37257 -0.72619
-0.17643 0.14800 -0.17832
-0.17643 0.44175 0.38450
0.09657 -0.22053 -0.22269
0.14838 -0.57837 0.73871
0.05263 0.11165 -0.61241
0.09812 0.02290 0.23731
-0.17643 0.15102 0.73909
0.05263 0.24893 0.68654
-0.02294 0.65604 0.04134
0.04455 0.65604 -0.47201
0.29862 -0.39453 0.30891
-0.00856 -0.57837 0.09680
-0.09846 0.00788 0.74084
-0.06840 -0.41939 0.74084
0.05028 -0.24417 -0.72619
0.06866 0.37110 -0.13853
0.00578 -0.57837 -0.47478
0.29862 -0.41452 -0.08194
0.05263 0.07655 0.58098
-0.17643 0.29344 -0.61501
-0.15923 0.19939 -0.72619
-0.17643 -0.37067 0.05634
-0.17499 -0.57837 -0.03975
0.10432 -0.00067 0.07299
0.11531 -0.31390 0.69545
0.05263 0.51008 -0.03699
0.05263 0.35791 0.44139
-0.17643 -0.38963 0.68830
0.05263 0.33183 0.17965
0.07196 -0.31390 -0.63665
0.18726 -0.57837 0.38305
0.28491 -0.57837 -0.32907
-0.17643 -0.16287 0.74018
-0.17643 -0.01711 -0.28840
0.04670 -0.46182 -0.72619
-0.17643 0.49708 0.61497
-0.17643 -0.48400 -0.66659
-0.17643 -0.27704 -0.08431
-0.12034 0.65604 -0.03208
-0.17643 0.07390 0.20132
0.09541 0.39412 0.12338
0.09541 0.39982 -0.25649
-0.17643 0.34516 0.00666
0.10741 0.40606 0.01022
-0.00839 0.65604 0.36952
-0.17643 0.21993 0.28438
-0.03330 0.65604 0.27037
0.08245 -0.11422 -0.30476
0.05379 0.32388 -0.45169
-0.17643 -0.43384 0.37181
-0.17643 0.26060 0.37879
-0.17643 -0.10555 0.32163
-0.17643 -0.53441 0.26542
-0.17643 0.30435 0.20627
-0.00085 0.56154 0.74084
0.05263 0.51803 -0.60248
-0.17643 -0.35576 -0.19261
-0.17643 0.44386 -0.33980
-0.05753 0.65604 0.53848
0.05263 0.57403 0.07301
0.05263 -0.04964 0.51284
0.05263 -0.12496 -0.65659
0.15639 -0.31390 0.13769
0.29862 -0.53473 -0.16405
-0.06893 0.51025 -0.72619
-0.17643 0.14059 -0.58530
0.13641 0.42798 0.38839
0.06867 0.19142 -0.41615
-0.17643 0.24611 0.15723
0.17020 -0.31390 0.44173
-0.17643 -0.20428 -0.42621
-0.17643 -0.02284 0.37976
0.06867 -0.27049 0.46273
0.13167 -0.57837 -0.59292
0.25198 -0.57837 -0.55266
-0.17643 0.38016 -0.48638
0.29862 -0.47247 0.61286
0.05263 0.60557 -0.51866
-0.01754 -0.18179 0.74084
0.12052 0.46675 -0.35307
0.09115 -0.22633 0.27570
-0.10863 0.65604 -0.31265
0.12844 -0.56922 -0.72619
-0.02861 -0.34420 -0.72619
0.05388 0.37110 -0.24702
0.29862 -0.33388 0.12932
0.10432 0.09079 -0.07649
0.09395 0.36040 0.66178
-0.17643 -0.02494 -0.43766
-0.17643 0.54241 -0.44165
-0.03007 -0.57837 -0.21056
0.05263 -0.06379 0.72143
0.05263 0.55895 0.20199
0.01845 0.65604 -0.64469
0.09104 0.13092 0.27629
0.15091 -0.38526 0.74084
0.05263 0.42008 0.36449
0.08050 -0.25610 -0.01447
-0.17643 0.55820 -0.51058
-0.14712 0.58919 -0.72619
0.06867 -0.18762 -0.38797
0.05263 0.21986 -0.57778
-0.17643 0.28738 0.03608
0.10608 0.40606 -0.05319
-0.07491 0.15345 0.74084
0.05263 0.40003 -0.63426
-0.00639 -0.12946 -0.72619
0.19442 -0.31390 -0.71249
-0.17643 -0.13223 0.21963
0.07233 0.16441 -0.36354
0.05263 0.64205 0.35159
0.16967 -0.31390 -0.28454
-0.17643 0.01267 -0.66133
0.24653 -0.32748 0.74084
0.05263 0.56981 -0.62182
0.28364 -0.57837 0.60957
-0.17062 0.47378 0.74084
0.29862 -0.56393 0.20125
0.08885 -0.31390 0.38292
0.22165 -0.31390 0.14515
-0.17643 -0.47454 0.12141
0.05263 0.01275 0.67333
0.05263 0.37005 0.13723
0.27712 -0.57837 0.34104
-0.17643 -0.37858 0.18027
0.29862 -0.50624 0.10564
-0.17643 -0.23699 -0.53408
0.01802 -0.57837 -0.33722
0.07101 -0.25610 0.13227
0.05263 0.34733 -0.54938
-0.02560 -0.57837 0.49510
0.29862 -0.34083 0.62040
0.29862 -0.42748 -0.67549
0.21955 -0.41268 0.74084
0.05086 0.65604 -0.09675
0.05263 0.49703 -0.26885
0.07087 -0.22460 -0.37204
-0.06723 -0.57837 0.40842
-0.14226 0.65604 0.47927
-0.17643 0.63776 -0.13973
0.05263 0.32707 0.23123
-0.17643 -0.13095 -0.25064
-0.10496 -0.57837 -0.51819
0.09987 -0.57837 0.47360
-0.03740 -0.57837 0.63236
0.10432 0.07982 0.09066
0.09541 0.36212 0.05318
0.14241 0.46675 0.03338
-0.17643 -0.45049 -0.09131
0.29862 -0.32601 -0.50618
0.05263 0.65028 0.58239
0.25651 -0.31390 -0.18029
-0.07362 -0.57837 0.19274
-0.17643 0.14511 0.54149
-0.17643 -0.50636 -0.27600
0.08388 -0.25610 -0.26793
-0.17643 -0.53476 0.51800
-0.17643 0.12385 0.10852
-0.17643 0.40817 -0.72381
0.10432 -0.20330 -0.06642
-0.17643 -0.23233 0.33207
-0.17643 0.38288 0.23096
-0.17643 0.61212 0.56559
0.08588 0.46675 0.48332
-0.17643 0.50401 0.16742
0.10670 0.46675 -0.64712
0.05263 0.49769 -0.34477
0.05263 -0.04598 0.59036
0.11405 0.42320 0.44711
-0.17643 0.54900 0.28251
-0.17507 0.65604 -0.64642
-0.03428 0.65604 -0.66458
0.05263 0.29625 0.11662
-0.12076 0.65604 0.33858
0.06923 -0.57837 0.18655
0.05263 0.32891 0.61391
-0.07003 -0.57837 -0.12250
0.08969 0.36040 0.20109
-0.07784 -0.53276 -0.72619
0.06867 0.09816 -0.46130
0.05263 0.00030 -0.70147
-0.17643 -0.12284 0.43674
0.07310 -0.31390 0.61688
-0.03845 -0.00766 0.74084
-0.13816 -0.31359 0.74084
-0.17643 -0.01846 0.64059
-0.01161 -0.47111 0.74084
0.15156 0.44763 0.28980
-0.17055 -0.26132 0.74084
-0.17643 -0.36528 -0.59639
-0.02594 0.07748 -0.72619
0.29529 -0.34540 -0.72619
0.05263 0.36449 0.51093
0.29862 -0.44718 -0.60836
-0.17643 -0.40698 -0.52523
-0.17643 0.17199 0.19527
-0.17643 0.22300 -0.26135
-0.05685 0.50628 0.74084
-0.14677 0.29329 -0.72619
-0.13050 0.65604 0.68200
-0.17643 0.46252 0.45275
-0.17643 0.10411 -0.44470
0.04092 -0.57837 0.66221
-0.17643 0.32523 0.41379
0.20342 -0.57837 -0.46433
-0.06263 -0.57837 -0.31381
0.13138 0.46675 -0.06798
-0.17643 0.12054 -0.22750
-0.17643 -0.00752 0.16173
-0.17643 0.48912 -0.70851
-0.17000 0.65604 0.17681
-0.07640 -0.51415 0.74084
0.05263 0.45343 0.03757
-0.08870 0.31109 -0.72619
-0.17643 -0.06559 0.18626
-0.11087 0.65604 -0.65630
-0.17643 0.38169 0.52934
-0.17643 -0.13833 -0.07908
0.06867 0.20619 -0.33880
0.07930 -0.31390 0.49438
0.15253 -0.57837 0.67121
-0.17643 -0.52300 -0.42239
0.12079 -0.57837 0.15375
0.11369 -0.31390 0.57636
0.05313 0.24225 -0.20764
-0.17643 0.01404 0.49768
0.10197 0.07384 -0.19129
-0.06291 -0.19504 -0.72619
-0.17643 0.21052 0.73035
0.26409 -0.57837 -0.37599
0.05126 -0.14773 -0.72619
-0.06758 -0.57837 0.71600
0.05263 0.60629 0.24933
-0.17643 -0.36755 0.47226
0.17174 -0.42209 -0.72619
0.25918 -0.31390 0.03064
0.05263 0.62350 0.45423
-0.17643 0.00989 -0.02736
0.10432 0.00859 0.00121
0.29862 -0.53186 0.71574
0.05263 0.49433 0.43936
0.05263 0.59379 0.73581
0.05263 0.11657 0.61844
-0.09235 -0.57837 0.60733
-0.17643 -0.17282 0.06080
0.10432 -0.19146 0.12304
-0.17643 -0.01573 -0.39128
-0.12130 -0.11559 0.74084
0.10854 0.46675 -0.42470
0.05263 0.26285 0.44406
-0.17643 0.30700 0.34013
-0.17643 0.23729 0.01016
-0.17643 -0.19207 -0.06828
0.11565 -0.31390 0.17104
-0.11127 -0.30933 -0.72619
-0.17643 0.47551 -0.53388
-0.17643 -0.23451 0.40356
-0.17643 -0.32113 0.32524
-0.17643 -0.01844 0.11550
-0.17643 -0.19836 0.37416
0.21444 -0.57837 0.33553
-0.17643 0.02039 -0.55828
0.12347 -0.46519 -0.72619
0.05263 -0.06544 -0.59922
-0.17643 0.28639 -0.20470
0.26069 -0.55978 -0.72619
-0.17643 0.54065 0.49018
0.13043 -0.31390 -0.09485
-0.17643 -0.43076 0.23128
-0.17643 -0.31271 -0.27317
0.05263 0.01311 0.54385
0.05263 0.48639 -0.52584
-0.17643 0.23199 -0.32898
0.05263 0.46961 -0.70714
0.00303 0.45330 0.74084
-0.17643 0.49052 -0.08062
0.06867 -0.20990 0.49435
-0.17643 -0.57163 -0.11378
0.17715 -0.57837 0.06745
-0.17643 -0.11844 0.10890
0.08913 -0.16061 0.28685
-0.07665 0.65604 -0.08550
-0.17643 0.12421 0.64528
-0.17643 0.36676 -0.68317
0.05263 0.58288 0.42372
0.29862 -0.36856 0.03141
0.25040 -0.31390 0.32438
-0.10696 0.65604 0.13323
0.29783 -0.57837 -0.44520
0.05139 0.56503 -0.72619
0.06996 -0.15778 0.39239
0.06867 -0.10680 0.43350
0.08436 0.01472 -0.29362
0.05263 0.07467 -0.57888
0.06929 0.06887 0.39609
0.05263 0.33941 0.32526
0.24828 -0.31390 0.46730
-0.13381 -0.57306 -0.72619
-0.17643 0.53054 0.02740
0.27358 -0.57837 -0.04696
0.18386 -0.57837 0.01938
0.29862 -0.46570 0.00518
-0.17643 0.63676 -0.08291
0.09775 -0.06903 0.23934
0.05263 0.65540 -0.32238
-0.13151 -0.57837 0.40848
0.07230 -0.10919 -0.36373
0.05263 0.52719 -0.45385
0.20151 -0.31390 -0.38329
-0.17643 -0.06373 0.08217
-0.12209 0.12857 0.74084
0.14580 -0.57837 0.27501
0.05263 0.56265 0.62594
0.19083 -0.56202 0.74084
-0.05129 0.65604 -0.36382
0.10432 -0.20510 -0.00052
-0.17643 0.55430 -0.29190
-0.17643 -0.51622 -0.56427
0.05515 0.46675 0.28927
0.29862 -0.44575 0.11251
-0.17643 0.37549 -0.56670
0.20903 -0.31390 0.21933
-0.17643 0.22927 -0.44990
0.01821 0.65604 -0.18419
0.29862 -0.41751 0.20709
0.05263 0.48145 0.18816
0.05263 0.24493 -0.28587
-0.17643 0.08950 0.39466
0.09284 0.46675 0.63860
-0.17643 0.56146 -0.69915
0.05263 -0.10463 0.50259
-0.17643 -0.36095 -0.38887
0.29862 -0.56852 0.02070
0.25237 -0.57837 0.19717
-0.17643 -0.20054 0.21521
0.15156 0.45221 0.60370
0.05190 -0.57837 -0.19878
0.05263 0.47925 0.53722
-0.17643 0.06279 0.25665
-0.10394 0.56425 0.74084
0.05263 0.10762 0.51161
0.22577 -0.50952 -0.72619
0.07696 -0.57837 0.34416
0.11323 0.41159 0.30237
-0.17643 0.17225 0.42481
-0.17643 -0.05082 -0.66637
-0.17643 0.59928 0.38036
0.04722 0.65604 0.09495
0.14955 -0.31390 0.27615
-0.17443 0.65604 -0.27114
0.29862 -0.52889 -0.09695
0.05263 0.34853 0.27411
-0.17643 0.03549 0.37377
-0.15435 -0.43932 0.74084
0.07968 -0.57837 -0.13023
0.10432 -0.03975 0.12966
0.10321 -0.15611 0.20932
-0.17643 -0.50021 -0.15098
0.10432 0.17374 -0.15537
0.05263 0.44729 0.09891
-0.17643 -0.24394 -0.17081
0.10432 0.17373 -0.01234
0.05263 -0.22677 0.67365
-0.17643 -0.45955 -0.33707
0.05263 0.42175 -0.51015
-0.04569 -0.27610 0.74084
0.10951 0.46675 -0.12940
0.10432 -0.10951 -0.14145
-0.17643 -0.15510 -0.41645
0.09651 0.14060 -0.22299
0.06867 -0.02614 -0.42338
0.29862 -0.38981 -0.41729
0.29862 -0.56364 -0.61878
0.22319 -0.57837 0.61883
0.12057 -0.47505 0.74084
-0.17643 -0.21694 0.11721
0.04663 -0.40614 -0.72619
0.21659 -0.57837 -0.63656
-0.17643 0.38189 -0.03346
-0.17643 0.16090 -0.00466
-0.17643 0.45110 0.32051
0.09541 0.37222 0.41405
-0.17643 -0.38611 -0.12979
0.18617 -0.31390 -0.66072
0.23787 -0.31390 -0.05144
-0.17643 -0.27173 0.22135
-0.16028 -0.57837 0.58329
0.05263 -0.15600 0.51407
0.07109 0.13023 0.38618
-0.17643 -0.34300 0.40749
0.07908 0.22529 0.04118
0.05263 0.23799 0.61372
-0.17643 -0.10171 -0.49674
-0.02338 0.40516 0.74084
-0.05494 -0.57837 0.24592
-0.03761 -0.57837 0.36528
0.05263 0.61495 0.62999
0.05263 0.38314 -0.39488
0.10432 0.09493 0.12914
0.29862 -0.48779 0.40130
0.05263 0.54566 -0.24407
0.10432 -0.09608 0.16351
-0.16442 -0.23929 -0.72619
-0.08939 0.65604 0.58691
-0.17643 0.49509 -0.37676
-0.17643 0.60914 0.11571
0.05263 0.30454 -0.37271
0.21112 -0.57837 -0.51765
0.07702 0.22865 0.10756
-0.17643 0.41072 -0.62393
0.24248 -0.31390 -0.30378
-0.17643 0.34807 0.32066
-0.05734 0.12234 -0.72619
0.05263 0.08463 0.72179
-0.17643 -0.42835 -0.67902
0.12376 -0.31390 -0.66905
0.07731 -0.03553 0.35190
0.01934 -0.57837 0.71234
-0.12932 -0.18434 0.74084
0.09094 0.10284 -0.25539
-0.17643 0.19846 0.50759
-0.17643 0.04581 -0.49512
-0.17643 0.29183 0.25324
-0.17643 -0.35969 -0.46190
-0.17643 0.01360 0.70651
-0.11255 0.38747 0.74084
0.05263 0.60323 0.14248
-0.17643 -0.04206 0.29433
-0.17643 -0.28877 0.28003
0.05263 0.39959 0.40916
0.05263 0.45583 -0.19570
-0.02475 -0.34299 0.74084
-0.17643 0.12120 -0.28009
-0.17643 -0.41452 0.62549
-0.15687 -0.57837 -0.38938
0.26358 -0.57837 0.24357
0.13186 -0.57837 -0.31662
-0.17643 -0.05974 0.34698
0.29862 -0.32406 -0.13483
0.10432 -0.14063 0.12114
-0.11341 0.61382 0.74084
-0.17643 -0.05083 -0.09449
-0.17643 0.09497 0.51913
-0.17643 0.42469 0.06173
0.07134 0.32195 0.43592
0.13641 0.42500 0.72054
-0.04988 -0.57837 -0.48517
-0.17643 0.31869 -0.66356
0.15475 -0.31390 0.05971
0.29862 -0.47381 -0.27408
-0.01107 -0.57837 0.04537
0.07696 0.40606 -0.67561
-0.17643 -0.08815 0.54150
-0.01744 -0.57837 -0.10077
0.28578 -0.57837 0.45754
0.29862 -0.38179 -0.62472
0.05263 0.42770 0.67907
0.10432 -0.00626 0.19294
0.03548 0.65604 -0.54660
-0.17643 0.14845 -0.52858
0.05535 0.37110 0.59346
-0.17643 0.07354 -0.24895
0.04496 0.65604 0.53449
0.06867 0.06696 -0.43820
0.15417 -0.51142 -0.72619
0.05263 0.40444 -0.10851
-0.17643 -0.19195 -0.16852
-0.17643 -0.06330 -0.14442
0.29862 -0.42476 -0.38309
-0.17643 -0.35557 -0.30931
0.29862 -0.47283 -0.66392
-0.17643 -0.08936 -0.69189
-0.10248 -0.10047 -0.72619
0.05263 0.41919 -0.03188
0.05263 0.60638 -0.10894
0.05263 0.59292 -0.35143
0.10432 -0.19824 -0.15346
-0.02889 0.65604 0.09672
-0.17643 -0.31619 -0.48893
-0.17643 -0.26175 -0.32419
0.05263 0.44972 -0.24874
0.05263 0.60042 -0.03687
-0.17643 0.26735 0.47518
0.13924 0.44493 -0.54065
-0.17643 -0.08028 -0.59482
0.09261 -0.12789 -0.24567
-0.17643 0.31692 -0.03054
-0.17643 -0.32713 0.50254
-0.17643 -0.40354 -0.22172
-0.17643 0.11386 -0.13514
-0.17643 -0.51087 0.68839
0.14467 -0.31390 -0.24349
0.02103 -0.57837 0.53526
0.29862 -0.47642 -0.07750
0.19178 -0.57837 0.53021
-0.17643 0.34373 -0.10340
-0.17643 0.13244 -0.03743
-0.14377 -0.57837 -0.18824
-0.14026 0.65604 -0.54011
0.22293 -0.57837 -0.68614
-0.17643 0.10257 -0.72236
-0.03979 -0.57837 -0.01985
-0.05723 -0.57837 -0.60425
-0.16810 0.65604 0.43380
0.25420 -0.31390 0.26069
0.13641 0.42419 0.10854
0.09541 0.39747 -0.38546
0.13299 0.44661 -0.72619
0.01261 -0.57837 0.13811
0.10432 0.11294 0.02593
-0.17643 -0.08425 0.59530
-0.17643 0.19711 0.36657
-0.17643 0.49209 0.38488
-0.17643 0.65574 -0.01149
-0.01552 0.30467 0.74084
0.29862 -0.50791 0.22339
-0.17643 -0.06335 0.46027
-0.11986 -0.57837 0.11261
0.05263 0.45590 0.73846
0.05263 0.50263 0.07665
0.06867 -0.18542 0.42456
0.09921 -0.31390 -0.39772
0.10290 0.40606 -0.13123
0.13790 -0.57837 0.37016
-0.02983 0.63834 0.74084
0.05263 0.12561 0.69404
0.13641 0.42941 0.33809
-0.06764 0.46081 -0.72619
0.05577 0.24225 0.30456
-0.06500 -0.57837 0.56617
-0.17643 -0.31944 -0.21772
-0.17643 -0.21358 -0.50088
-0.17643 0.08237 -0.36223
0.17400 -0.31390 -0.49556
0.08695 -0.31390 -0.49663
-0.17643 0.02645 -0.19245
0.05263 0.11972 -0.54871
0.28887 -0.31390 0.66020
-0.17643 -0.17186 -0.27764
-0.17643 0.39549 0.28521
0.29862 -0.57532 0.73845
-0.16609 0.64002 -0.72619
0.05263 0.02780 -0.56186
0.13518 -0.31390 -0.32170
0.10091 -0.31390 -0.59744
0.04126 -0.57837 -0.52765
-0.17643 -0.18898 -0.57735
0.29862 -0.42334 -0.15184
0.05263 0.54199 0.28710
0.05263 0.42742 0.19297
0.10432 -0.05309 -0.02044
-0.17643 0.36448 0.71611
0.05263 0.26617 0.20919
0.05263 0.43358 -0.67004
-0.17643 -0.30111 -0.67179
0.15156 0.46342 -0.63330
0.02437 0.11983 0.74084
-0.17643 0.31834 0.73207
0.29862 -0.35136 0.44030
-0.17643 -0.19752 -0.63351
-0.17643 0.19037 0.61695
-0.03483 0.65604 0.69407
-0.17643 -0.30812 -0.04854
0.29862 -0.48889 -0.56720
-0.17643 0.60894 0.17217
0.11388 -0.57837 -0.16826
-0.16168 -0.57837 -0.48930
0.01434 0.17723 -0.72619
-0.17643 -0.23957 -0.26470
0.29374 -0.31390 -0.62716
0.10432 0.14640 0.14601
0.10084 -0.34049 0.74084
-0.17643 0.40892 -0.25858
0.06867 0.20945 -0.47457
0.10432 -0.10748 0.03784
-0.17643 0.55693 0.65709
0.08525 -0.10428 0.30820
0.05263 0.02025 -0.63992
-0.17618 -0.18562 -0.72619
-0.17643 0.45105 0.60542
0.29862 -0.45694 0.46265
-0.17643 0.31805 -0.57455
0.26371 -0.57837 -0.14246
0.08819 0.46675 -0.05207
-0.17643 0.12290 0.44261
0.18529 -0.57837 0.24929
0.06867 -0.26893 0.17497
0.29862 -0.49028 0.17599
0.29300 -0.57837 0.55503
-0.17643 -0.47248 -0.50986
0.05263 0.39943 -0.44024
-0.17643 0.28530 0.68146
-0.08654 0.65604 0.01733
-0.02209 -0.57837 -0.15297
0.05263 -0.27104 -0.68302
-0.02795 0.65604 -0.47473
0.05263 0.11548 -0.49268
-0.17643 0.17394 -0.61615
0.05263 0.42765 -0.06675
-0.17643 0.61893 -0.19775
0.10326 -0.10265 0.20905
-0.17643 -0.53541 0.15148
-0.11247 0.47941 -0.72619
-0.17643 -0.01967 -0.24189
-0.17643 0.61091 0.02907
0.10432 -0.23970 0.15529
0.08419 0.07018 0.31401
-0.17643 0.32339 0.14362
0.28936 -0.57837 -0.49092
-0.02840 0.35237 -0.72619
0.29862 -0.43035 0.26606
0.29787 -0.31390 0.35426
0.02723 -0.04775 -0.72619
-0.17643 -0.24008 0.57396
0.17089 -0.57837 -0.55427
-0.17643 0.52419 -0.13685
0.07474 0.00412 0.36609
-0.02331 0.10548 0.74084
0.18865 -0.57837 -0.22298
-0.17643 0.54137 0.10861
0.05263 -0.18831 -0.54668
-0.17643 0.29642 -0.13818
0.12621 -0.31390 -0.19195
0.05263 0.46609 0.61736
-0.12312 -0.51991 -0.72619
0.09845 0.18103 0.23551
0.06989 -0.03278 -0.37776
0.01069 -0.57837 0.60927
-0.17643 -0.15276 0.47756
0.08557 -0.20735 -0.28662
0.15156 0.46610 -0.14285
0.29862 -0.37233 -0.18713
-0.17643 0.32720 -0.42076
0.06867 -0.29012 -0.25613
-0.13454 -0.07215 0.74084
-0.17643 0.04129 0.16886
0.29862 -0.39033 -0.72069
0.05263 0.64317 -0.68480
-0.17643 -0.46647 0.55433
-0.17643 -0.40199 0.44122
0.29862 -0.47548 0.07123
0.05263 0.52406 0.03030
-0.17643 0.26156 -0.51982
0.07295 0.46675 0.35404
-0.17643 -0.36910 0.12760
0.06867 -0.17844 -0.47007
0.06867 -0.28183 -0.05466
-0.17643 0.55726 -0.60184
-0.10032 0.65604 0.24340
-0.11105 0.04838 -0.72619
0.07465 -0.31390 0.71449
0.29862 -0.54988 -0.20629
0.07200 -0.19617 0.38116
-0.04584 -0.44125 -0.72619
-0.17643 0.32440 0.54783
-0.04074 0.65604 0.40540
-0.17643 -0.45266 0.16500
0.09601 -0.57837 0.06718
-0.04083 0.65604 -0.55912
-0.17643 -0.46904 -0.70878
-0.17643 0.26526 -0.24668
-0.17643 -0.28600 0.07172
0.12392 0.42320 0.24550
0.08571 -0.02858 -0.28579
0.05263 0.20161 0.51583
0.05263 0.32748 0.71809
0.18337 -0.31390 0.61797
0.17036 -0.57837 -0.12066
-0.17643 -0.17595 -0.11740
0.08115 0.35239 -0.43678
0.22054 -0.57837 -0.26689
-0.17643 -0.37838 -0.04185
0.10432 -0.05538 0.07381
-0.17643 -0.24184 -0.46578
0.15156 0.45469 -0.38472
0.29862 -0.48854 0.73202
0.05263 0.35201 0.66627
-0.17643 0.29864 0.50712
-0.17643 0.24070 -0.06323
0.05263 0.56285 0.69976
-0.17643 0.62053 0.28522
0.12818 -0.57837 -0.39295
0.23244 -0.31390 0.06765
0.29862 -0.50955 0.49650
-0.16132 -0.57837 -0.59459
-0.10838 -0.34405 0.74084
-0.03376 0.21172 -0.72619
-0.17643 0.42126 -0.13395
0.05263 0.27510 0.34706
0.07464 0.12252 -0.35016
0.06867 -0.30088 0.20683
-0.17643 0.42319 0.20446
-0.17643 -0.33914 0.57135
0.06867 -0.27811 0.02159
0.13641 0.42365 -0.58019
-0.17643 -0.14575 0.26101
0.01385 0.38090 0.74084
0.07657 0.02754 -0.33890
0.05263 0.29651 0.01130
0.13641 0.44476 0.18677
0.10432 -0.15299 -0.06935
-0.17643 -0.27752 -0.60789
-0.17643 -0.41745 -0.58974
0.29099 -0.42835 0.74084
-0.16468 0.65604 0.22274
-0.17094 -0.57837 0.05585
-0.17643 -0.09885 -0.01765
-0.17643 -0.14787 0.60031
0.07512 -0.07287 -0.34737
-0.06630 -0.57837 0.52252
0.05263 0.57776 0.53283
-0.17643 -0.03734 -0.32710
-0.17643 0.25248 0.51835
0.05263 -0.28025 0.59655
-0.17643 -0.52089 0.43026
-0.17643 0.09021 0.08081
0.05263 0.07327 -0.67872
-0.13692 0.65604 -0.58353
0.06677 -0.57837 -0.30716
-0.16015 0.65604 -0.44337
0.05263 0.60014 0.03052
-0.17643 -0.36211 -0.71221
0.26617 -0.31390 -0.39685
-0.17643 -0.21610 0.01773
-0.17643 -0.35073 0.71490
-0.13351 0.65604 -0.48633
0.06248 -0.31390 -0.69924
-0.17643 0.46834 -0.63063
-0.17643 -0.11815 0.15217
0.05263 0.61353 -0.47533
0.17435 -0.31390 0.53373
-0.17643 0.03390 -0.13846
0.04168 -0.41407 0.74084
0.05263 -0.20758 -0.58406
-0.14510 -0.57837 0.36750
0.06867 -0.28634 -0.12576
-0.17643 -0.47993 -0.42509
-0.06529 0.61986 -0.72619
0.05263 0.64796 0.71482
0.06867 -0.07548 -0.46897
0.08923 0.46675 0.43415
0.10432 0.10472 0.18181
0.29862 -0.51101 0.26624
0.07840 -0.44826 0.74084
0.05804 0.24225 -0.38362
-0.15532 0.10144 0.74084
-0.17643 0.22726 0.33505
-0.09596 0.48020 0.74084
0.09103 0.36040 -0.39552
-0.13052 -0.57837 -0.66588
0.12130 -0.57837 -0.68494
-0.17643 0.21266 0.24220
-0.17643 -0.11680 -0.57252
0.29862 -0.48025 -0.47217
-0.17643 -0.06849 -0.44534
-0.15609 0.65604 -0.39794
0.16906 -0.57837 0.42590
-0.17643 0.61859 -0.52391
0.00678 -0.36801 -0.72619
0.11323 0.40774 -0.19183
0.25129 -0.57837 0.37493
-0.17643 0.14618 0.58404
-0.17643 0.45306 0.02939
0.24700 -0.57837 -0.30015
0.29862 -0.36881 -0.57157
0.29862 -0.35471 0.54384
-0.17643 0.18927 -0.42261
0.05263 0.27108 -0.55670
0.05263 0.35960 -0.71649
0.29862 -0.54393 -0.28149
-0.08325 -0.57837 -0.25312
0.01973 0.65604 0.68212
0.13005 -0.31390 -0.03082
-0.17643 -0.07766 -0.31096
0.10432 -0.19236 0.03991
-0.17643 0.59763 -0.34353
0.05263 0.34636 -0.36588
0.06154 0.28961 -0.42778
-0.17643 -0.17943 0.68325
0.04064 -0.57837 -0.01744
0.05263 0.50003 -0.15842
-0.17643 0.56147 0.56417
-0.17643 -0.39958 0.39908
0.29577 -0.57837 -0.16990
-0.17643 0.62791 0.07791
0.08454 -0.57837 -0.52944
0.24027 -0.57837 -0.07283
0.05271 -0.01158 0.49485
0.05263 0.25463 0.12285
-0.17643 0.06783 -0.64061
-0.17643 0.52006 -0.22326
0.29862 -0.43111 0.56250
-0.17643 0.15354 -0.70197
-0.12501 -0.41223 -0.72619
-0.17643 0.20869 0.68838
0.05263 0.41064 0.10660
0.05263 0.28522 -0.20728
0.26014 -0.57837 -0.62681
-0.17643 0.58651 0.25373
0.29862 -0.56131 -0.70830
0.10432 -0.24208 -0.05043
0.05263 0.32859 -0.24080
0.03901 -0.57837 0.49735
-0.13914 0.00239 -0.72619
0.29862 -0.44424 0.66956
0.18488 -0.31390 0.70198
-0.06342 0.01225 -0.72619
0.05263 0.33941 -0.61500
0.05263 0.30138 0.56150
-0.17643 -0.18861 -0.34670
0.10365 -0.23433 -0.18149
-0.17643 -0.39155 0.09069
-0.08707 0.30695 0.74084
0.05263 -0.19298 0.58975
0.06867 0.01943 0.45237
0.11489 -0.51640 0.74084
0.29862 -0.48106 -0.71199
0.14704 -0.31390 0.65404
0.29862 -0.38706 -0.33315
-0.06704 0.65604 -0.31080
0.00641 0.19567 0.74084
0.05263 0.22754 -0.68807
0.23485 -0.31390 -0.58556
-0.14683 0.65604 0.56949
0.09541 0.36120 -0.10291
0.00305 -0.00978 0.74084
-0.17643 0.30152 0.60540
0.08115 0.36274 0.33871
-0.01886 -0.57837 0.30623
0.08032 -0.57837 -0.69853
0.12031 -0.31390 0.53545
0.09825 0.19406 0.11341
-0.17643 -0.53982 -0.47907
0.06867 0.06193 -0.39715
-0.17643 0.60409 0.50055
-0.17643 -0.24020 0.62865
-0.04017 0.65604 -0.06607
-0.17643 0.54394 -0.39740
0.29862 -0.50300 -0.35199
-0.17643 -0.54328 0.55853
-0.17643 0.34178 0.22707
0.05263 0.18362 -0.55802
0.08863 0.02196 0.28960
0.09398 -0.03746 -0.23771
0.03055 -0.57837 -0.43440
0.11096 0.40606 -0.64064
0.02885 0.08801 -0.72619
0.05263 0.38782 0.54492
-0.02763 -0.21856 -0.72619
0.06895 0.37110 -0.02872
-0.17643 -0.53136 -0.12244
-0.17643 0.45954 0.70006
0.15156 0.45033 -0.33159
0.20295 -0.57837 0.47827
0.10821 0.46675 -0.00324
-0.17643 0.36137 -0.52297
0.06867 -0.28435 -0.42246
0.11020 0.46675 -0.68805
0.07143 -0.57837 0.40803
0.15967 -0.57837 -0.41930
-0.17643 -0.18331 -0.53671
-0.17643 -0.16025 -0.31713
-0.17643 -0.56756 0.65338
-0.17643 -0.49478 -0.31627
0.07233 -0.06820 0.37935
0.01702 -0.55638 -0.72619
0.03523 0.54236 0.74084
-0.17643 0.32571 -0.32008
-0.17643 0.32669 -0.22728
-0.17643 -0.14119 -0.14970
0.05263 0.33698 -0.50994
0.05263 0.29647 -0.65155
-0.06566 -0.21037 0.74084
0.22344 -0.31390 0.55021
0.04354 -0.57837 0.32059
0.29862 -0.43894 -0.04946
-0.17643 -0.22114 0.73947
0.18646 -0.31390 -0.60596
0.05263 0.41542 0.26899
0.09078 0.08712 0.27776
-0.17643 -0.52152 -0.65121
0.00795 0.65604 0.58817
-0.03070 -0.01399 -0.72619
0.29862 -0.32597 -0.36528
0.29862 -0.57131 -0.40266
0.10432 0.08388 -0.01673
-0.04381 -0.37866 0.74084
0.18759 -0.31390 -0.17318
-0.17643 -0.02941 0.20430
0.29862 -0.42598 -0.43529
-0.17643 0.40603 0.70975
-0.17643 0.41236 0.16556
0.13074 0.42320 -0.35293
-0.17643 0.35142 -0.06383
0.05263 -0.28834 -0.61221
0.22609 -0.31390 -0.41522
-0.17643 -0.17517 0.18421
-0.17643 -0.21256 -0.67064
-0.17643 0.13958 0.70031
-0.17643 -0.25655 -0.38481
0.12351 0.42320 0.52321
0.05263 0.44311 0.32421
-0.17643 0.13368 -0.32586
-0.12068 0.18897 -0.72619
0.05263 0.46348 -0.32422
0.28324 -0.31390 0.59527
0.05263 0.39173 0.48176
0.24773 -0.31390 -0.53680
0.10432 0.12914 -0.06017
0.09541 0.37896 -0.22128
0.09863 0.02932 -0.21066
-0.17643 -0.54073 -0.38674
0.02467 0.65604 -0.28129
-0.17643 -0.05071 -0.19478
0.05263 -0.29183 0.52065
0.09163 0.36040 0.60575
0.05263 0.35626 -0.21015
0.10354 0.14438 -0.18215
-0.17643 -0.25808 0.17861
-0.13091 -0.57837 -0.35649
0.26034 -0.31390 -0.01673
-0.17643 -0.57158 -0.28077
0.29862 -0.37587 0.26394
0.20539 -0.37571 0.74084
0.04654 0.21308 0.74084
-0.17643 0.61648 -0.64646
-0.17643 0.32486 -0.71585
0.11784 -0.57837 0.69018
0.05263 -0.03608 0.69323
-0.17643 0.21000 -0.13971
0.29862 -0.40894 0.14011
-0.17643 0.10272 -0.60671
-0.00471 0.65604 -0.24687
0.25862 -0.31390 0.70578
-0.17643 0.64964 0.49827
0.05263 0.29087 -0.05613
-0.17643 0.28558 0.15821
0.09533 0.19882 0.01682
-0.07477 0.65604 -0.21534
0.05263 -0.27273 0.63528
-0.07954 0.65604 -0.04615
-0.17643 -0.06238 -0.49902
0.01266 -0.57837 -0.19573
0.05263 0.15881 -0.71932
-0.17643 0.42225 -0.43979
0.29862 -0.37285 -0.24225
-0.17643 0.47517 -0.20739
0.29862 -0.32172 0.16666
-0.05995 0.65604 0.49931
-0.17643 -0.36877 0.30941
-0.17643 0.48144 0.57902
0.09829 0.19401 -0.04535
0.07600 0.23032 -0.08792
-0.12536 -0.57837 0.32795
0.12237 0.46675 0.70368
-0.08008 0.65604 0.30173
-0.17643 0.16130 -0.39382
0.11282 -0.31390 0.13203
0.10432 0.02947 0.10037
-0.17643 0.59876 0.41943
-0.17643 -0.05444 0.56978
0.05263 0.58020 0.35423
-0.06575 0.65604 -0.40009
-0.17643 0.47354 0.21466
-0.01330 -0.57837 -0.06197
-0.09857 0.65604 -0.11776
-0.13985 -0.57837 -0.05663
-0.17643 0.32630 0.37398
-0.17643 0.19610 0.01204
0.10432 -0.19845 -0.11200
0.05263 0.38247 0.17409
-0.17643 0.08436 -0.48268
0.29862 -0.36452 0.40352
0.05263 -0.22521 -0.50662
-0.06699 -0.57837 -0.54368
-0.17643 -0.53987 0.20977
0.05263 -0.29497 0.74010
-0.05600 -0.25575 -0.72619
-0.17643 -0.34358 0.15744
-0.14646 0.23261 0.74084
-0.17643 0.33565 -0.38301
0.04572 -0.28258 -0.72619
0.08002 0.46675 -0.38329
-0.14966 -0.27503 -0.72619
-0.17027 -0.05742 0.74084
0.11211 -0.57837 0.51148
0.05263 0.47805 0.65409
-0.17643 -0.23554 0.49452
0.05263 0.61818 -0.22447
-0.13248 -0.57837 0.71114
0.22182 -0.57837 -0.40411
0.08169 -0.07049 -0.30918
0.29862 -0.50914 0.34844
-0.09530 0.55070 -0.72619
0.09541 0.36246 -0.26758
-0.09553 -0.57837 0.05362
0.10432 -0.09773 0.12455
0.05263 0.03126 -0.67863
0.05263 0.46139 0.50188
-0.17643 -0.33557 0.04062
-0.05271 -0.05269 0.74084
0.09301 0.36040 -0.61620
-0.02092 0.52878 0.74084
0.09980 -0.01288 -0.20387
0.10432 -0.07384 -0.08262
0.08686 0.07297 -0.27913
0.11323 0.41830 -0.54997
-0.02380 -0.57837 -0.63402
0.08435 -0.31390 -0.20266
-0.17643 -0.05839 0.63916
0.05263 0.24910 -0.24779
-0.17643 -0.57404 -0.62947
0.04281 0.60230 -0.72619
0.09690 0.19458 0.19370
-0.17643 0.56810 -0.05885
-0.04889 -0.57837 0.15860
0.13003 -0.31390 0.40738
-0.13062 0.65604 -0.35154
-0.17643 0.27067 -0.71800
0.01606 -0.50126 0.74084
0.02302 -0.20068 0.74084
0.05263 0.44477 -0.15916
0.05263 0.65351 0.17730
-0.17643 0.16616 0.08195
-0.17643 0.65092 -0.17695
-0.06606 0.65604 0.06096
0.02701 -0.57837 0.42114
0.09541 0.37530 0.08893
0.26624 -0.31390 -0.11752
0.15787 -0.57837 0.16247
-0.09934 -0.57837 -0.32400
0.15194 -0.57837 0.52741
0.29862 -0.54457 0.60042
-0.17643 -0.38447 0.64886
0.07582 0.05837 0.36010
0.05263 0.06372 -0.48514
0.05263 -0.02942 -0.55237
0.05263 0.30013 -0.48130
0.28282 -0.31390 -0.46797
0.25748 -0.31390 0.56700
-0.17643 0.15703 -0.14146
0.08045 0.37110 0.00750
-0.17643 -0.19324 0.41176
-0.01478 -0.46305 -0.72619
-0.03980 0.65604 0.62931
-0.17026 -0.56297 -0.72619
0.10768 0.46675 -0.21499
0.05263 0.54880 -0.65321
-0.17643 -0.48414 -0.18513
-0.17643 0.46965 -0.40464
0.10594 0.44493 0.73041
0.12477 0.42320 0.66417
-0.17643 0.24298 -0.37197
0.05263 0.27036 0.48216
0.00339 -0.13204 0.74084
0.05263 0.63089 -0.35098
0.01578 -0.57837 -0.12180
-0.17643 -0.44980 0.09304
-0.17643 0.05205 -0.00551
-0.17643 -0.03522 0.43534
0.22313 -0.55856 -0.72619
0.01941 -0.57837 -0.64934
-0.17643 0.61277 0.68889
0.19267 -0.57837 0.70706
-0.17643 0.38411 0.57468
-0.17643 -0.09225 -0.53306
0.05263 -0.10725 0.62297
0.17303 -0.34151 -0.72619
-0.17643 -0.01979 -0.63762
-0.17643 0.18521 -0.51205
-0.17643 -0.50007 0.53771
0.01751 0.65604 -0.68672
0.11680 0.46675 0.55431
0.29862 -0.56951 -0.23814
0.12744 -0.57837 -0.27404
-0.17643 -0.31666 -0.43365
0.05263 0.07941 0.62224
-0.17643 0.19359 -0.20099
0.06867 0.15362 0.46664
0.09541 0.36361 0.14485
-0.17643 0.48444 0.12016
0.28149 -0.31390 0.51162
-0.17643 0.02058 -0.44857
0.05263 -0.00717 0.63382
-0.10873 -0.57837 0.21947
-0.17643 0.49117 0.50811
-0.17643 0.25826 0.11766
0.05263 0.04914 0.73265
0.17822 -0.38555 -0.72619
0.16340 -0.57837 0.11243
0.09297 -0.54632 0.74084
-0.17643 0.46663 -0.03376
-0.13272 0.62386 -0.72619
-0.17643 0.10736 0.26510
0.05263 0.25044 -0.60037
0.05263 0.32481 -0.69065
0.09412 -0.18484 0.25932
-0.07512 0.53847 0.74084
0.10432 -0.00345 -0.12407
0.00729 -0.57837 -0.54222
0.14460 -0.31390 -0.41565
0.05263 0.52552 -0.71722
0.00034 0.65604 -0.14150
0.24847 -0.31390 -0.48999
0.12606 -0.31390 -0.44878
0.05263 0.40101 -0.54782
-0.17643 0.24822 0.26085
-0.17643 0.52231 -0.69261
-0.17643 0.31539 0.30377
-0.17643 0.04996 0.50561
-0.03331 -0.43042 0.74084
0.09597 -0.25132 0.24915
-0.17643 -0.31561 0.64378
0.10432 0.10819 -0.17567
0.05263 0.55177 -0.28030
0.06867 0.23832 0.33868
0.22140 -0.31390 -0.19093
0.09101 0.46675 -0.09774
0.14194 -0.57837 0.05131
0.13641 0.43067 -0.28751
-0.17643 -0.02447 -0.13623
0.05263 0.44091 -0.11212
0.29862 -0.35183 -0.53216
0.05263 0.57890 0.17128
0.05263 -0.08156 -0.56635
-0.17643 -0.42996 0.69331
0.29862 -0.40292 0.01883
-0.17643 -0.56350 0.61703
-0.10135 0.09843 0.74084
0.12319 -0.57837 -0.35497
0.06867 -0.04519 0.41274
-0.17643 0.57739 -0.20607
-0.17643 -0.37583 0.00906
0.11845 0.46675 0.21461
0.00199 0.65604 -0.57167
0.12209 0.46675 0.36487
-0.17643 0.01310 0.40262
0.08298 -0.19284 0.32067
0.05263 -0.16663 0.56245
0.11323 0.41592 -0.22903
0.06867 0.11637 0.41984
-0.17643 -0.12425 -0.04384
0.02115 0.33010 0.74084
-0.02473 -0.57837 -0.45481
-0.17643 -0.32455 0.28705
0.14178 -0.42927 0.74084
-0.17643 -0.27439 -0.03481
-0.08513 -0.28396 -0.72619
-0.06589 0.65604 0.09734
-0.17643 0.52282 -0.50214
-0.17643 0.65399 -0.54241
0.05263 0.55293 -0.58969
-0.17643 0.51839 0.72593
0.05546 0.37110 -0.33952
0.29862 -0.44210 -0.12081
0.05263 -0.00713 -0.51557
0.19065 -0.57837 -0.09003
0.29862 -0.34195 -0.32419
0.05263 0.34750 0.02977
-0.17643 0.53002 0.31330
-0.17643 -0.18267 -0.39306
-0.17643 -0.16409 0.43477
-0.17643 0.63551 -0.04241
0.05263 0.14296 0.65374
0.05263 0.42179 -0.59866
-0.17643 0.42973 0.43781
-0.02825 0.29659 -0.72619
0.06867 0.05315 0.46500
0.10432 -0.02067 0.15920
-0.17643 0.12888 0.14416
-0.06185 0.65604 -0.64146
-0.17643 0.11193 0.55537
-0.16576 -0.09089 -0.72619
0.21032 -0.57837 -0.55359
0.03362 0.65604 -0.01351
-0.16899 0.62908 0.74084
0.07716 -0.31390 0.34649
0.29862 -0.55169 -0.34883
-0.17643 -0.27345 -0.12005
0.10432 -0.24108 0.11914
-0.17643 -0.19410 0.56111
-0.16330 0.65604 0.66744
0.29862 -0.32213 -0.69907
0.09230 -0.25610 -0.22471
0.05263 -0.14332 -0.69062
0.01243 0.35165 -0.72619
0.05263 0.53605 -0.35725
-0.17643 -0.40040 -0.48217
-0.17643 -0.49780 0.14864
-0.17643 0.59281 -0.60595
0.02912 -0.19813 -0.72619
-0.05490 0.38245 -0.72619
0.09219 -0.08217 0.26995
-0.17643 0.36696 0.67201
0.05263 0.51411 -0.48710
0.06894 -0.12022 0.39802
0.10432 0.05784 -0.15700
-0.17643 -0.41767 0.17199
0.29862 -0.48256 0.14119
-0.17643 0.19527 -0.46057
0.28431 -0.57837 0.17258
-0.17643 0.14742 0.25488
0.05263 0.55114 0.24521
-0.15469 0.02067 0.74084
0.08204 0.46675 0.10331
0.05263 0.16291 -0.65094
0.06867 -0.27672 -0.29251
-0.17643 0.48021 -0.33150
0.12918 0.46675 -0.25703
0.07363 -0.38310 -0.72619
0.11723 -0.57837 0.11845
0.08298 0.36040 -0.49030
-0.01346 0.65604 0.32843
-0.17643 0.45856 0.08742
-0.17643 0.08761 -0.00970
0.05263 0.57720 -0.12903
0.10432 0.05149 0.06946
-0.02919 0.02647 0.74084
-0.17643 0.37778 0.48608
0.09888 -0.13997 -0.20921
0.29862 -0.50898 0.60808
0.26741 -0.51945 0.74084
0.05263 0.34568 0.11170
0.05263 0.31790 0.14450
-0.09190 -0.57837 -0.48546
0.04180 0.65604 0.23508
-0.17643 0.25004 -0.63513
0.05263 0.57637 -0.49896
-0.09007 -0.13190 0.74084
0.29862 -0.40580 -0.49151
0.29313 -0.57837 -0.52885
-0.17356 -0.09246 0.74084
-0.17643 0.00559 0.67226
-0.17643 0.23647 -0.09815
0.05263 -0.08886 -0.67407
-0.06552 0.28467 -0.72619
-0.17643 0.60743 -0.23094
-0.17643 0.04645 -0.61275
0.21486 -0.31390 0.73426
0.05263 0.16321 0.69296
0.06871 0.24219 -0.05574
0.05263 0.52096 -0.56412
-0.17643 0.50094 -0.43807
0.07558 -0.20324 -0.34465
-0.17643 -0.00454 0.03008
0.09541 0.36403 0.23546
-0.17643 -0.01959 0.57321
0.19141 -0.31390 0.24959
-0.09086 0.13247 -0.72619
0.26864 -0.45926 -0.72619
-0.17643 0.00430 -0.34038
0.10432 -0.00116 -0.07883
0.12713 -0.57837 0.63298
0.00632 -0.28408 -0.72619
-0.17643 0.00557 -0.59806
0.21826 -0.31390 -0.08027
0.11336 -0.57837 0.34525
0.05263 0.23758 -0.54702
-0.17643 0.15789 0.63634
-0.17643 0.00535 0.06381
-0.17643 0.63223 0.35711
0.05263 0.46494 -0.28229
0.09541 0.39089 -0.56183
0.05263 0.65485 -0.63849
-0.17643 -0.02448 -0.03240
-0.17643 -0.02696 -0.69159
0.14959 0.44493 -0.49045
0.29862 -0.35362 0.00008
-0.17643 -0.16472 -0.24268
0.08652 -0.14951 -0.28107
0.21857 -0.57837 0.04092
0.29862 -0.45569 -0.16434
0.05263 0.04438 -0.59578
0.10432 -0.17129 0.00721
-0.17643 -0.32042 -0.62767
-0.13724 0.46450 0.74084
-0.17643 0.29191 -0.00024
-0.17643 -0.14616 0.67367
0.07397 0.08068 -0.35401
-0.17643 -0.31197 0.39218
-0.17643 -0.56908 -0.20907
-0.17643 -0.12637 0.06926
0.10432 -0.02300 -0.16820
0.20299 -0.31390 -0.29372
0.27801 -0.57837 -0.21184
-0.17643 -0.44684 -0.13531
-0.17643 0.04784 0.22551
0.10432 0.08783 0.05242
-0.15437 -0.13631 0.74084
0.01878 0.65604 0.07539
0.09053 0.36040 -0.05339
0.29100 -0.57837 0.29658
-0.01462 -0.57837 -0.34829
0.05263 0.31316 0.34795
0.23652 -0.57837 0.16657
-0.17643 0.60390 -0.13351
-0.17643 -0.51871 0.08884
0.05457 0.46675 -0.04472
