-0.19101 0.14504 0.31316
-0.09526 -0.48434 0.61005
0.19133 -0.29528 -0.41175
-0.02339 0.62831 -0.72308
0.10069 0.42594 0.36359
-0.19101 -0.32254 -0.66385
0.19133 -0.17462 0.56056
0.01629 0.40194 0.77191
-0.11058 -0.58608 -0.07637
0.19133 0.07705 -0.16463
-0.21589 0.51198 0.04025
0.07244 0.08650 -0.75365
0.18521 -0.62896 0.23157
0.18758 -0.60395 -0.75198
0.10069 0.45778 0.58718
-0.19101 0.18380 -0.44226
0.19133 0.47823 -0.34484
0.10069 0.40094 0.57967
-0.12465 -0.03362 0.77191
-0.17868 0.62868 0.55230
-0.19101 -0.17935 -0.09435
-0.20611 -0.52062 -0.24768
0.18036 -0.62808 0.74389
-0.02707 0.62868 -0.27964
0.25494 -0.19864 -0.64193
0.19133 -0.18761 0.07197
-0.19101 -0.16138 0.42445
-0.21589 0.50908 -0.30020
0.19133 0.09186 -0.35072
0.10069 0.08681 0.33967
-0.09526 -0.58445 0.34257
0.04134 -0.62896 -0.35145
0.04516 0.62868 0.20987
-0.20611 -0.51504 -0.62889
0.19133 0.56922 0.01139
-0.14722 0.43747 -0.75365
0.19133 -0.00432 -0.23502
-0.21392 0.24281 0.66261
-0.13965 -0.39813 0.21930
0.02461 0.42254 -0.75365
0.10069 -0.00355 0.56044
0.19133 -0.50680 -0.08958
0.19133 -0.26515 0.36506
0.19133 0.06049 -0.54042
-0.19101 0.20743 -0.04732
0.14557 -0.44391 -0.59324
-0.19101 0.35347 0.42220
0.00167 -0.34408 -0.75365
-0.19101 -0.31349 -0.32561
-0.03265 0.62868 0.28429
0.00879 -0.62896 -0.44236
-0.19101 -0.04196 -0.36897
0.19133 0.24739 0.10447
0.00705 -0.33168 0.77191
-0.20647 -0.39813 0.07589
0.07671 0.14622 0.77191
0.19133 0.32176 -0.56582
0.10069 0.62848 0.66220
0.25141 -0.53680 -0.47084
0.19133 -0.45923 0.54278
-0.21589 0.03568 -0.73900
-0.19101 -0.26128 0.66253
-0.12256 0.54137 0.77191
0.13349 -0.35336 -0.75365
0.19133 -0.16186 0.72780
-0.19101 0.41934 -0.58593
0.10069 0.29929 0.32823
0.19133 -0.35812 -0.09686
0.13031 0.62868 -0.61359
0.01141 -0.62896 0.53345
0.01034 0.62868 -0.36345
0.19133 -0.19591 -0.21229
0.19133 -0.06312 0.04748
0.19133 -0.06213 -0.60202
-0.19101 -0.10738 0.15365
0.19133 0.62689 0.26213
-0.11303 -0.41753 -0.46630
0.10366 -0.09436 0.33292
-0.18080 -0.39813 0.46480
0.10069 0.59664 0.45395
0.08674 -0.62896 0.31099
-0.19101 0.15031 -0.11163
-0.19101 0.03436 0.60271
-0.05510 -0.53071 -0.75365
-0.06102 -0.62872 0.74002
0.19133 0.32735 -0.08866
0.19133 -0.44625 0.14367
0.12994 -0.25512 0.77191
-0.10636 -0.51849 0.36943
-0.17724 0.62868 -0.51335
-0.07457 0.62868 -0.02265
-0.19101 0.06692 0.30810
-0.19101 -0.14396 -0.57020
0.19133 -0.56154 -0.32624
0.05321 -0.62896 0.05699
0.15571 -0.41841 -0.75365
-0.21589 0.55548 0.25740
-0.19101 0.22206 -0.23711
0.16757 0.62868 -0.16468
-0.14397 -0.39813 -0.15195
0.19133 -0.23753 -0.46149
-0.19101 0.35308 0.18632
0.19133 0.51345 -0.73170
0.10069 -0.03841 0.72387
-0.16572 0.27082 -0.75365
0.19133 -0.06731 0.29800
-0.05732 -0.12609 -0.75365
-0.21589 -0.37034 0.66178
0.06884 0.31018 0.77191
0.27219 -0.46595 -0.68074
-0.11303 -0.59026 0.13058
0.16070 -0.17600 -0.75365
0.01718 -0.62896 0.11375
-0.19101 0.46150 0.65617
-0.19101 0.20862 0.56673
-0.21589 0.56374 -0.74441
-0.17524 0.62868 -0.12380
0.10069 0.19793 0.52092
0.07736 -0.62896 -0.11963
0.19133 0.12400 0.01857
-0.11303 -0.61021 -0.23309
0.19133 0.30475 -0.33180
-0.21537 -0.39813 -0.11952
0.24599 -0.34069 -0.47084
0.19133 0.47382 0.24003
-0.19567 -0.51435 -0.42181
0.19133 0.57670 -0.55673
-0.12241 0.21270 0.77191
-0.11303 -0.62766 -0.57919
-0.09526 -0.52424 0.32791
0.18333 0.16822 0.61991
0.19133 -0.36172 -0.43796
0.19133 0.24328 -0.73619
-0.19101 -0.26471 -0.28845
0.19133 -0.44334 0.67119
-0.19101 -0.31353 0.32432
0.19133 -0.42248 0.33409
-0.19101 0.39809 -0.11690
-0.19101 0.01906 0.02125
0.19133 -0.09579 -0.37772
0.11498 0.31692 -0.75365
0.19133 -0.25519 0.18509
0.18333 0.33045 0.46813
-0.19101 0.17915 -0.62192
0.02739 -0.62896 -0.64263
-0.11310 -0.39813 -0.65961
0.19133 0.12483 0.23783
0.10069 0.51131 0.73917
-0.21515 0.62868 -0.30888
0.18333 0.18566 0.43560
0.19133 -0.62126 0.56686
0.17482 0.00926 0.41293
0.18902 -0.62896 0.49541
0.19133 -0.62651 0.07101
-0.10444 -0.41946 0.40141
-0.09549 0.13841 -0.75365
-0.19101 0.15064 0.16856
-0.19101 -0.12018 0.55695
-0.10410 0.62868 0.64825
0.05347 -0.09000 0.77191
-0.09526 -0.47096 0.04475
0.17824 0.52478 0.45574
-0.19101 -0.05305 0.16069
-0.21589 0.51656 0.69048
-0.19101 0.43207 0.18934
0.05152 0.61380 0.76524
0.19133 0.20554 -0.42037
-0.12523 -0.39813 -0.32846
-0.11303 -0.58586 -0.34981
-0.10740 0.62868 0.15132
-0.19101 -0.00978 -0.18084
-0.19101 0.01804 -0.53825
-0.11072 -0.46363 0.77191
0.06658 0.62868 -0.04628
-0.00817 0.62868 -0.54633
-0.19101 0.35347 -0.34733
-0.15059 -0.22718 0.77191
-0.01216 0.05762 0.77191
0.19133 0.62784 -0.32093
-0.20586 -0.52745 -0.50884
0.19133 -0.30613 0.54107
-0.09374 -0.62896 0.49880
0.07187 -0.49135 0.77191
0.18209 0.30349 0.62526
0.19133 -0.48903 0.31890
-0.21589 0.50193 0.49638
0.24196 -0.32058 -0.62207
0.00369 -0.14068 -0.75365
-0.18460 -0.20310 -0.75365
-0.20466 0.36795 -0.67723
-0.16480 0.62868 -0.37246
0.19133 0.41525 0.08614
0.19133 0.07309 -0.69789
0.10069 0.38624 0.68003
0.19133 0.46888 -0.18620
-0.19101 -0.28128 -0.00742
0.19133 -0.18873 -0.57854
-0.17005 0.62868 0.39487
-0.10527 -0.51956 -0.11144
-0.19101 0.07806 -0.24808
-0.17225 0.38171 0.77191
0.19133 -0.20171 -0.09857
-0.05692 -0.62896 0.66132
-0.02889 0.22332 -0.75365
0.14379 -0.62896 -0.51326
0.19133 0.10176 0.18497
-0.19101 0.31946 0.00316
0.19133 -0.35221 -0.25797
0.19133 -0.29341 0.01286
-0.21589 0.50461 -0.46125
-0.21589 -0.34345 -0.50239
-0.21589 0.56449 0.17735
0.10069 0.50469 0.55281
0.06441 0.54043 -0.75365
0.19133 0.01422 0.13485
-0.19101 0.10430 0.46486
0.08155 0.62868 0.07325
-0.04695 0.62868 0.43717
-0.19101 -0.26950 0.55315
0.19133 -0.51587 0.38845
0.23289 -0.55942 -0.58990
-0.19101 -0.14655 -0.25534
-0.21589 0.13295 0.73266
0.02920 -0.46727 -0.75365
0.19133 -0.41624 0.74231
0.19133 -0.22696 -0.36911
-0.19101 -0.09584 0.29363
0.19133 0.25990 -0.21275
-0.14712 -0.35824 0.77191
0.19133 0.25371 -0.57001
-0.19101 -0.26839 0.13978
-0.00347 -0.62896 0.40923
0.14235 -0.62896 -0.01604
-0.19101 0.21081 0.42380
0.02879 -0.62896 -0.20539
0.11669 0.62868 0.13782
-0.21589 -0.12142 0.71921
0.19133 0.36373 0.27897
0.18333 -0.04800 0.61951
-0.19101 0.34077 0.59020
0.19133 0.39826 -0.68366
-0.19101 -0.18965 -0.38747
-0.20883 -0.00281 -0.67723
-0.19101 -0.27433 -0.47829
-0.19101 0.45638 0.31709
-0.19101 -0.12718 0.02997
0.19133 0.41048 -0.45781
-0.13792 0.62868 -0.63194
0.20486 -0.32148 -0.54546
-0.19101 0.39727 -0.21699
-0.19101 -0.01850 0.45680
0.19133 -0.31709 -0.04626
0.10069 0.39409 0.42214
-0.11303 -0.59482 -0.49741
0.19133 -0.61526 -0.22355
-0.19101 0.36808 -0.44727
-0.05921 0.02547 -0.75365
-0.10321 0.51391 -0.75365
0.19133 0.31143 0.04759
0.19133 -0.14949 0.40394
0.19133 -0.45737 0.04423
-0.09526 -0.55456 0.64378
0.19133 -0.48783 -0.21288
-0.19101 0.27045 0.30457
-0.20957 0.62868 0.66967
0.19133 0.38017 -0.22686
0.19133 -0.04336 -0.09242
-0.19101 0.06976 -0.39283
0.15491 0.62868 -0.44041
0.19133 -0.30851 0.30535
-0.19101 -0.27376 0.23346
0.19133 0.24944 0.25532
-0.21589 0.51902 -0.14572
-0.19101 0.30359 -0.67115
-0.21589 0.62698 -0.01494
0.14967 0.49699 0.64670
-0.13727 0.06186 0.77191
0.10069 0.03525 0.41932
-0.09966 -0.47223 -0.23045
-0.07160 -0.62896 0.24325
-0.03110 -0.62896 -0.57704
0.11329 0.62868 -0.49599
-0.03266 0.52624 -0.75365
-0.08427 0.58999 0.77191
0.13836 -0.03028 -0.75365
-0.10489 -0.47073 0.17363
0.19133 0.56242 0.13202
0.19133 0.01250 -0.45901
-0.21589 -0.38034 -0.25535
-0.12699 -0.46517 -0.30460
0.10069 0.55245 0.32966
0.08845 0.62868 -0.31151
0.14922 -0.02225 0.42664
0.09956 -0.62896 0.67439
0.19133 -0.31955 0.71595
0.16401 -0.62896 -0.62155
0.08182 -0.58646 -0.75365
0.19133 -0.29185 -0.71997
0.00740 0.62868 0.54480
-0.21431 -0.39813 0.23970
0.11385 -0.10977 0.60074
-0.12724 -0.39813 0.56424
0.19133 0.42424 -0.01488
-0.00431 0.62868 -0.15168
-0.19101 0.26288 -0.53025
0.19133 -0.54421 -0.40656
-0.19101 0.40571 -0.36138
-0.21589 0.56714 -0.61300
0.16573 0.62559 -0.73249
0.13053 0.50032 0.44057
-0.02643 -0.62896 -0.10933
0.27219 -0.44427 -0.55576
0.10069 0.22608 0.65992
0.12499 -0.62896 0.51808
0.19133 -0.20227 0.68112
-0.03940 -0.62896 -0.32644
0.19133 -0.27863 -0.33203
0.10069 0.08286 0.45146
-0.19101 -0.03556 0.34863
0.10069 0.21236 0.40697
0.17839 0.11988 0.68642
0.19133 0.22011 -0.12518
-0.19101 0.25555 0.10153
0.19133 -0.38435 0.40944
0.15056 0.20047 0.32760
0.19133 -0.56387 0.49721
0.19133 0.47788 -0.58568
-0.19101 0.13997 0.06049
0.01558 -0.21267 0.77191
-0.17205 -0.32261 -0.75365
0.06819 0.62868 0.28444
-0.08130 0.32400 0.77191
0.19133 -0.41827 -0.33073
0.23692 -0.36781 -0.69811
-0.21589 0.00283 0.73884
-0.08727 -0.62896 -0.70998
0.19133 -0.11885 0.18007
-0.11999 -0.34978 -0.75365
-0.19282 0.13066 0.66261
0.16603 0.01211 0.32760
0.10069 0.38776 0.76734
-0.14801 -0.39813 -0.52822
0.19133 0.12989 -0.28054
0.19133 0.39052 -0.38114
-0.19101 -0.19338 0.48594
-0.19101 0.10247 -0.63334
-0.15450 -0.46338 -0.35713
0.10069 0.06047 0.70350
0.18270 0.10618 0.42535
0.19133 -0.05446 -0.73301
-0.19101 -0.15161 -0.44867
-0.20955 -0.32815 -0.10873
0.27219 -0.25093 -0.53304
-0.17779 -0.07929 -0.75365
-0.21589 0.47573 -0.75199
0.19133 -0.16809 0.27445
-0.09240 -0.51953 -0.66051
-0.19101 0.02284 -0.07320
-0.19101 0.29508 -0.13875
0.19133 0.08616 -0.08068
0.19133 -0.10142 -0.49166
-0.01518 0.62868 0.08275
0.09303 -0.26954 -0.75365
0.19133 -0.60601 0.31016
0.12511 -0.62896 -0.31982
0.10069 0.08101 0.62447
0.19133 -0.42873 0.23702
-0.19170 -0.20797 -0.67723
0.19133 -0.26762 0.46376
-0.09898 -0.49730 0.48568
-0.12111 -0.46090 -0.54604
0.18080 0.34101 0.40248
-0.08386 0.62868 -0.43342
-0.09081 -0.49966 -0.44793
-0.00049 -0.54043 0.77191
0.19133 -0.02527 -0.28494
0.10247 0.19861 -0.75365
-0.19101 -0.27965 0.43646
0.14599 -0.10977 0.48973
-0.16305 0.62868 0.30498
0.20776 -0.23308 -0.69811
0.19133 -0.56194 0.17804
-0.02612 0.18639 0.77191
-0.21589 0.54717 0.58162
-0.19575 -0.35727 0.77191
-0.19101 -0.23696 -0.57041
0.16079 -0.35560 -0.64985
-0.05670 -0.24253 -0.75365
-0.19101 -0.01924 0.56933
-0.19101 -0.27337 -0.19685
-0.13894 0.62868 -0.23152
0.10069 0.29671 0.53683
-0.08525 0.34713 -0.75365
-0.08181 -0.15828 0.77191
0.16396 -0.01170 0.68623
0.19133 0.21995 -0.03736
-0.17131 -0.39280 -0.73673
0.10069 0.58009 0.70116
-0.21589 0.51354 -0.39005
-0.09526 -0.42578 -0.05485
-0.21589 0.15054 -0.75058
0.19133 -0.13914 -0.02184
-0.21589 -0.35841 -0.41284
-0.14485 -0.44553 -0.64147
-0.21346 0.27515 0.77191
0.06151 -0.62615 0.75020
0.19133 -0.53989 0.67300
-0.21204 -0.39813 -0.01579
-0.21589 0.47386 -0.67849
0.17624 0.33752 0.68688
-0.21589 -0.03321 0.68476
-0.19101 -0.00649 0.08732
0.19133 0.18375 0.20474
-0.09526 -0.53249 0.21594
-0.04449 -0.62896 0.01909
-0.13442 -0.39813 0.32652
-0.19101 0.16178 -0.32437
0.06510 0.62868 -0.66213
0.12708 -0.10977 0.69394
0.19133 -0.13995 -0.67921
0.19133 0.16945 -0.64614
0.15772 -0.53350 0.77191
-0.11275 -0.57965 0.77191
-0.12738 0.62359 -0.73637
-0.06134 0.41374 0.77191
-0.21589 -0.36511 -0.67113
0.19133 -0.38853 0.63073
0.10069 0.32816 0.64848
0.02095 0.62868 0.70322
0.19133 0.12396 -0.44896
-0.19101 0.42738 0.11357
-0.18498 0.62868 0.07996
0.19133 0.57976 -0.07727
-0.19101 0.07999 0.22416
-0.21589 0.55456 -0.23095
0.04670 0.62868 -0.20662
-0.19101 0.31865 0.32641
0.19133 -0.09247 -0.18158
-0.19101 -0.10083 -0.64154
0.19133 -0.53661 -0.72203
-0.21589 0.54449 0.42075
-0.19101 -0.21670 0.04798
0.18256 0.46280 0.40992
0.05165 0.19212 -0.75365
0.04195 -0.04360 -0.75365
0.02672 0.62868 -0.00202
0.00539 -0.60891 -0.75000
0.00515 -0.62896 -0.02683
0.09235 -0.39322 0.77191
0.19133 0.55102 -0.44508
0.19133 0.43648 -0.09276
-0.12937 -0.39813 0.13394
0.10069 0.60689 0.56324
0.12866 0.62868 0.05259
0.19133 0.54673 -0.25826
0.24302 -0.44386 -0.47084
-0.11303 -0.45700 -0.74235
-0.19101 0.26646 -0.42323
0.11742 -0.62896 0.13511
0.16829 0.44701 0.32760
-0.21504 -0.39813 0.35425
0.25797 -0.27869 -0.69581
0.19133 0.53844 -0.66875
0.19133 -0.28216 0.64937
0.10069 -0.09583 0.43150
-0.09027 0.43728 -0.75365
-0.19373 -0.44969 -0.53239
0.10069 0.43774 0.47659
-0.19101 0.45236 -0.03142
0.19133 0.16096 -0.50041
-0.09333 0.62868 -0.35580
0.19133 0.43177 -0.74767
0.19133 -0.33017 0.09987
-0.04169 -0.09790 0.77191
0.19133 -0.14454 -0.30257
0.14228 -0.62896 0.41405
0.19133 -0.56393 -0.00353
-0.21589 0.34365 0.68415
0.19133 -0.59808 -0.13348
-0.11556 -0.39813 0.66683
0.10069 0.23305 0.71734
0.02471 0.32162 -0.75365
-0.11303 -0.59149 0.04824
-0.19101 0.13246 0.54344
-0.19101 -0.05942 -0.09145
-0.01628 -0.43318 0.77191
-0.19101 -0.21139 0.32709
0.19133 0.32108 -0.46621
0.19133 0.29782 -0.66621
-0.09445 -0.62896 0.40688
-0.17336 0.62868 -0.70175
0.10069 0.16767 0.38007
-0.19101 -0.17886 0.23221
0.06603 0.00469 0.77191
0.15894 0.59097 0.32760
0.19133 0.56243 -0.35615
0.19133 0.45929 0.16988
-0.00298 0.10781 -0.75365
0.19133 0.03796 0.23415
0.19133 0.31557 0.18023
-0.19101 0.33022 -0.53976
0.00647 -0.62896 -0.28221
0.19133 -0.52434 0.57298
-0.19101 0.39106 0.50977
-0.19101 -0.06695 -0.48694
-0.21589 -0.35922 0.55934
0.10069 0.29821 0.45415
-0.09380 -0.03601 -0.75365
0.02145 0.52676 0.77191
-0.07122 -0.62896 0.16634
-0.17850 -0.17872 0.77191
-0.07188 0.12945 0.77191
-0.11572 0.62868 0.06004
0.19129 -0.40627 -0.52053
0.19133 -0.56575 -0.53466
-0.19101 -0.20706 0.57949
0.10069 0.58897 0.39019
-0.13485 -0.00919 -0.75365
-0.19101 0.18114 0.25705
-0.19101 0.26372 0.47945
0.04658 0.62868 0.33844
-0.09197 0.62868 -0.49600
-0.19716 0.62035 0.75914
0.19036 -0.62896 0.67410
-0.21589 0.61788 0.46510
-0.09526 -0.56982 0.54765
0.10069 -0.06966 0.47980
-0.21589 -0.37997 -0.58870
-0.18197 -0.39813 -0.45619
0.19133 -0.28540 -0.20252
0.10069 0.45621 0.73132
0.10069 -0.02134 0.50126
0.19133 0.15173 0.10605
-0.05305 -0.25866 0.77191
-0.19101 0.01921 0.42067
-0.21589 0.52064 0.10514
0.09012 0.62868 -0.12578
0.19133 0.01046 -0.01954
-0.21589 -0.21994 0.73400
-0.19101 0.00313 -0.45116
-0.01327 0.62868 0.62206
0.19133 0.21408 -0.32432
-0.19101 0.06494 -0.14337
0.02928 0.62868 0.44502
0.11569 -0.50229 -0.75365
-0.21589 -0.10932 -0.72712
-0.21589 0.58749 -0.34017
-0.09081 -0.44216 -0.42280
0.19133 -0.47104 -0.32036
-0.19101 0.12295 -0.04469
-0.21589 0.53440 -0.04958
-0.21216 0.47604 0.77191
0.19133 -0.12901 0.64380
-0.19101 -0.10319 -0.17102
0.02732 -0.62896 0.61514
-0.19101 0.44680 0.43586
0.19133 0.18044 -0.20328
0.19133 -0.60350 -0.07877
0.19133 0.56517 0.28009
-0.21589 0.60556 -0.43961
-0.06484 0.62868 0.23174
-0.19101 -0.03701 -0.27594
-0.12933 -0.39813 -0.23856
0.10440 -0.62896 -0.69270
-0.16259 -0.39813 0.70543
-0.11303 -0.55955 -0.18410
-0.09943 0.62868 -0.12370
-0.19101 0.13019 -0.43901
0.12332 -0.11947 -0.75365
0.19133 -0.43321 -0.15771
0.19133 -0.02840 -0.52227
-0.09576 -0.45613 0.28804
0.18333 -0.03919 0.69382
0.19133 0.34130 0.12989
0.10069 0.15377 0.68190
-0.19101 0.43041 0.03172
-0.19101 -0.12560 -0.33342
-0.16581 -0.10169 0.77191
0.10069 -0.05308 0.63848
0.10069 0.12703 0.50329
-0.19101 0.23604 0.03865
0.15202 0.13504 -0.75365
-0.13116 -0.39813 0.02955
0.19133 -0.22567 0.74759
0.08399 -0.62896 -0.42590
-0.09081 -0.53555 -0.58314
0.23243 -0.55942 -0.66937
-0.21589 -0.35338 0.13098
-0.09081 -0.50400 -0.34005
-0.19101 -0.26305 -0.10837
-0.19101 -0.10579 0.64130
0.18408 0.12393 0.32760
0.02591 -0.21200 -0.75365
-0.12613 0.62868 -0.06507
0.19133 -0.39096 0.07517
0.04349 -0.62896 -0.55545
0.19073 0.26662 0.32760
-0.00582 -0.62896 0.32099
-0.19101 0.14102 -0.52059
-0.19101 0.30395 -0.22941
-0.09526 -0.52468 -0.00065
-0.19101 -0.09408 0.50322
0.10069 -0.03724 0.37118
-0.19101 0.05400 0.14546
-0.20347 0.18014 0.77191
0.14723 0.62868 -0.24809
-0.19101 0.33867 0.10158
0.01356 0.62868 -0.46471
0.19133 -0.18487 -0.48309
0.06365 -0.62896 0.45576
0.19133 -0.38872 0.53387
0.19133 -0.34711 0.23440
0.10069 0.30510 0.67670
0.10956 -0.62896 -0.19972
-0.11455 -0.19162 -0.75365
0.05000 -0.62896 0.19034
-0.06338 -0.62896 0.56647
0.19133 0.15646 -0.58593
0.10069 0.13066 0.56564
-0.03143 -0.41787 -0.75365
-0.21535 0.33251 -0.75365
-0.20867 -0.39813 0.59008
-0.06571 -0.36414 0.77191
-0.19101 0.37471 0.26457
-0.16260 0.62868 0.21790
0.19133 0.51590 -0.12616
-0.21589 0.24492 -0.71337
-0.08943 0.62868 0.34921
0.17919 0.50128 0.69667
-0.19255 -0.44553 -0.39687
0.19133 -0.11972 0.36039
0.19133 -0.46508 -0.40596
0.19133 0.32804 -0.74535
-0.04653 0.62868 0.71151
0.22766 -0.43545 -0.62499
0.19133 0.01046 -0.37555
0.19133 0.02091 0.06059
-0.21589 0.52916 -0.67597
0.19133 0.23075 0.04293
-0.11104 -0.41946 0.50694
-0.21589 0.50569 0.25785
0.27219 -0.26993 -0.61376
0.19133 0.58331 0.19796
-0.10321 0.18772 -0.75365
-0.19101 -0.08663 0.38635
0.14665 -0.12886 0.76781
0.19068 0.62868 -0.48693
0.19133 -0.32269 0.47809
0.19133 0.04466 -0.61926
-0.09526 -0.49957 0.71144
0.14219 -0.02902 0.66296
-0.02221 0.62868 -0.62827
-0.00510 0.28820 0.77191
-0.21589 0.48174 -0.55892
0.19133 -0.25967 0.11351
-0.19265 -0.44696 -0.28130
0.19133 -0.05875 0.12213
-0.21589 0.57639 -0.09164
-0.19101 -0.09774 0.21782
-0.21589 -0.34639 0.41396
-0.19101 0.45354 0.57449
-0.21589 0.51345 0.34531
0.19133 -0.44065 -0.71602
0.19133 0.39075 0.21409
0.19133 -0.28849 -0.13103
0.19133 0.42972 -0.53576
-0.02748 -0.62896 -0.50127
-0.07308 0.62868 0.54648
0.25366 -0.26386 -0.47084
-0.19101 0.04253 0.52022
-0.13486 0.62868 0.72993
0.11692 0.62868 0.22276
-0.21506 0.62868 -0.19882
-0.19101 -0.28164 -0.40097
0.04960 0.61438 -0.74656
-0.21589 0.58117 -0.53054
-0.21589 -0.39130 -0.33623
-0.19101 0.00586 0.25182
-0.19101 -0.16416 -0.17218
-0.19101 0.22875 -0.15460
0.12359 0.46558 -0.75365
0.09915 0.39041 -0.75365
-0.19101 0.47257 -0.09005
0.00495 0.05285 -0.75365
0.13404 0.62868 -0.06061
0.19133 -0.42961 -0.25025
0.19133 -0.61873 -0.37633
-0.10809 -0.52770 -0.26797
-0.19101 0.28561 -0.32075
0.26225 -0.32429 -0.54169
-0.13930 -0.51000 -0.60189
0.16636 -0.35577 0.77191
0.18333 0.51862 0.62365
-0.19101 0.28890 -0.06850
0.09392 0.06869 0.77191
-0.09526 -0.57286 0.45448
-0.14382 -0.39813 -0.38288
0.08202 0.62868 -0.55472
0.19133 -0.60650 0.36948
-0.19101 0.08940 0.36892
-0.11303 -0.59089 -0.65405
-0.19101 0.02718 -0.34354
0.10069 0.56853 0.51317
-0.09526 -0.50137 0.11129
0.09383 0.57794 0.77191
0.19133 0.38950 -0.15759
-0.19101 0.45026 -0.25903
0.19133 0.43871 -0.27965
-0.16254 -0.39813 0.41128
0.19133 0.02114 -0.75219
-0.19101 -0.05363 -0.00808
-0.21589 0.40975 -0.74826
-0.09526 -0.44889 -0.14072
-0.19101 0.43415 -0.42611
0.19133 0.24196 0.16421
-0.19101 -0.16327 -0.03000
0.10105 0.47091 0.67743
-0.19101 -0.23046 -0.34518
0.10069 0.53177 0.63889
-0.02287 0.62868 -0.08277
0.01001 -0.62896 0.69539
-0.20647 0.62868 0.59649
-0.21589 -0.28127 -0.70724
0.12363 0.30883 0.40025
-0.21589 -0.29936 0.73389
-0.21589 -0.15761 -0.70752
-0.06978 0.62868 -0.19248
-0.15128 0.62868 0.00849
-0.13741 0.46555 0.77191
0.19133 0.61123 -0.62835
0.14557 -0.35769 -0.53901
0.19133 0.46584 0.04868
0.19133 -0.55370 -0.18150
0.19133 -0.59554 -0.27096
-0.19101 -0.31865 -0.56935
0.10069 0.50177 0.38478
-0.21276 0.62868 -0.07682
-0.11303 -0.41820 -0.58830
-0.13516 -0.51768 -0.48660
-0.12037 0.62868 0.52032
-0.19101 -0.16677 0.10822
-0.20017 -0.32815 0.48184
0.19133 -0.25278 0.25595
-0.21589 0.08174 0.70372
0.19133 -0.21353 -0.01308
0.10069 0.27081 0.62319
0.12634 0.14897 0.44076
0.19133 -0.44209 0.45465
-0.21589 0.19349 0.66854
-0.11303 -0.61730 -0.00046
-0.07979 -0.62896 -0.09666
-0.19101 -0.07915 0.08272
0.18568 0.62868 0.10052
-0.11303 -0.61436 0.69393
0.16355 -0.24734 -0.75365
-0.11303 -0.55767 -0.41213
0.10005 0.23636 0.77191
-0.19101 0.14471 -0.24646
0.19133 -0.21153 0.50903
0.19133 -0.19164 0.22297
0.10069 0.57661 0.62286
0.27219 -0.52192 -0.54999
-0.15716 -0.29896 0.77191
0.19133 -0.55549 0.06621
-0.19101 -0.18257 0.64920
-0.06024 -0.62896 -0.64454
-0.21589 0.59419 0.52661
-0.11059 -0.62896 -0.40893
-0.07559 0.62868 -0.59448
-0.02773 -0.62896 0.48599
-0.21589 0.56362 0.70403
0.19133 -0.36026 -0.37331
0.19133 -0.18089 0.33770
0.10069 0.23809 0.59715
-0.19101 0.26781 0.59405
-0.09625 0.27591 -0.75365
-0.19101 0.13764 0.40512
0.16023 0.62868 -0.38706
-0.15938 -0.39813 -0.04964
0.26673 -0.38508 -0.65373
0.00583 0.25873 -0.75365
0.17227 -0.05483 0.40058
0.19133 0.36279 -0.51263
0.27219 -0.48444 -0.62057
0.19133 -0.01961 -0.16495
-0.16220 0.54795 -0.75365
-0.09013 0.62868 -0.69148
-0.06141 0.01531 0.77191
0.02845 0.62868 -0.61120
-0.19101 -0.26979 0.08196
0.11322 0.58368 -0.75365
0.18999 -0.10977 0.58602
-0.07399 -0.62896 0.34675
0.19133 0.47042 -0.65765
-0.20330 0.62868 -0.58034
-0.19101 -0.31904 -0.26842
0.19133 0.26966 -0.38753
-0.09244 -0.44539 -0.63148
-0.19101 -0.05391 -0.55750
-0.20717 0.62868 0.14637
0.15861 0.17848 0.68310
0.15200 -0.62896 -0.44540
-0.19101 0.10794 0.10444
-0.11617 0.36828 0.77191
0.19133 -0.36113 0.16301
0.14557 -0.31463 -0.58219
-0.17319 -0.39813 -0.28176
0.19133 0.33814 -0.15308
-0.19101 -0.21203 0.18468
0.11412 -0.62896 -0.56841
-0.17068 -0.50316 -0.30696
0.04874 -0.62896 -0.07051
0.19133 0.22033 -0.49378
-0.19101 0.45955 -0.15956
-0.19101 -0.20543 -0.48132
-0.19101 0.23870 0.22670
-0.09081 -0.44906 -0.33946
0.00956 -0.03489 0.77191
0.19133 -0.50769 0.45750
0.26955 -0.39582 -0.51708
-0.21589 0.58769 0.36725
-0.19603 0.13517 -0.67723
0.19133 -0.14493 -0.16096
0.17114 -0.04645 0.47025
0.19133 0.17615 -0.07982
0.13962 -0.62896 0.61260
-0.08868 -0.59532 -0.75352
-0.19101 -0.32716 0.04405
0.19133 0.33423 -0.26997
0.05367 0.47288 0.77191
-0.09526 -0.43285 0.08300
0.10069 0.34898 0.50138
-0.02809 -0.62896 -0.38067
0.06418 -0.27706 0.77191
0.05361 -0.40242 -0.75365
-0.21589 -0.35548 0.19260
0.19133 -0.37331 -0.72626
0.19133 -0.37874 0.69567
-0.19101 0.06273 -0.48541
-0.20611 -0.45587 -0.60994
-0.15537 -0.14350 -0.75365
-0.19101 0.21231 -0.48788
-0.19101 0.32323 0.49928
0.12194 -0.62896 0.20059
0.19133 -0.07150 -0.03333
0.19133 -0.51532 -0.46755
0.19133 -0.14598 0.47683
0.19133 -0.04579 -0.42828
-0.21589 0.42293 0.68742
0.18655 0.62868 -0.03131
-0.15590 0.62868 -0.28895
0.10069 0.50066 0.48189
-0.21589 -0.03200 -0.74198
0.08626 -0.62896 0.40808
-0.02626 -0.01649 -0.75365
0.12098 0.03477 -0.75365
0.19133 -0.10317 0.24041
0.19133 -0.26216 -0.26593
0.13210 -0.47038 0.77191
-0.20375 0.47651 0.39852
-0.06081 0.24145 0.77191
0.19133 0.14105 -0.69790
-0.09081 -0.54867 -0.53094
-0.19101 0.26926 -0.59774
0.19133 -0.34687 0.33721
0.06609 -0.62896 -0.47853
-0.08908 -0.20714 0.77191
-0.10636 -0.49754 0.54938
0.19133 0.53003 0.06982
-0.19101 0.34701 -0.15936
-0.21589 0.49702 0.18033
-0.21589 0.61894 0.27098
0.07331 0.62868 0.02447
0.19133 -0.07992 -0.12621
-0.19101 0.34706 -0.26187
0.24341 -0.19864 -0.55028
-0.06760 -0.31566 -0.75365
-0.19101 0.04870 -0.60181
0.19133 0.62285 -0.68192
0.19133 -0.41419 -0.44311
-0.19101 0.29105 0.39822
0.19133 0.47029 -0.43035
-0.19101 0.09380 -0.00406
-0.16370 -0.26008 -0.75365
0.19429 -0.19864 -0.65083
-0.16117 -0.50260 -0.55158
0.18092 0.14208 0.46755
-0.16708 -0.39813 0.63457
0.19133 -0.16268 -0.37496
0.19133 -0.19829 0.61729
0.17956 -0.62896 -0.68335
-0.21589 -0.33117 -0.17641
0.19133 -0.13752 -0.59390
-0.21589 -0.39295 -0.19321
0.19133 0.24802 -0.27134
0.08902 -0.17582 -0.75365
0.19133 0.34280 -0.01043
0.19133 -0.57636 0.40883
0.12948 0.46644 0.44837
0.19133 -0.37203 -0.31362
0.19133 -0.50843 0.21626
-0.19101 0.06946 0.64567
-0.06253 -0.37973 -0.75365
0.02950 -0.27760 -0.75365
-0.11392 -0.09379 -0.75365
0.13683 -0.62896 -0.08646
-0.19101 -0.29292 0.38879
-0.01939 0.13635 0.77191
0.04793 0.62868 -0.42820
-0.19101 -0.14250 0.33543
0.19133 -0.02607 -0.67435
-0.05651 0.54776 0.77191
0.18333 0.28624 0.42914
-0.19101 0.34376 -0.09867
-0.21589 -0.35590 -0.06363
0.14043 -0.00840 0.62533
-0.10691 -0.62896 0.61111
0.19133 0.51073 -0.52985
-0.19320 0.20800 -0.75365
-0.19101 -0.29526 0.61109
-0.19101 0.44663 0.50400
0.19133 0.07659 0.28557
0.19133 0.09159 0.09077
-0.11303 -0.45541 -0.69053
0.10277 -0.01277 0.32760
-0.03251 0.45637 -0.75365
0.19133 0.59335 -0.21310
0.10069 -0.06799 0.55471
0.19133 -0.21623 -0.30599
-0.21589 0.57265 0.62548
0.19133 -0.54473 0.11565
-0.11431 -0.25678 -0.75365
0.15186 0.51339 0.39363
0.09296 -0.62896 -0.62648
-0.11303 -0.52393 -0.72017
0.05943 -0.10899 -0.75365
0.19133 0.50746 0.18562
-0.11303 -0.42560 0.72088
-0.09526 -0.56924 0.39651
-0.12547 0.62868 -0.54906
0.12232 0.15667 0.62078
0.19133 0.18152 0.26852
-0.21589 0.52158 -0.52219
0.19133 -0.31438 0.40561
0.19133 -0.00498 0.28274
-0.10636 -0.55160 0.15339
-0.19101 0.24082 -0.36490
-0.09526 -0.43779 0.55444
-0.05910 -0.05155 0.77191
0.18042 0.46587 0.66931
-0.02142 0.36005 0.77191
-0.21589 0.33631 0.73806
-0.11303 -0.62001 -0.16534
-0.19101 0.35554 -0.59808
-0.02044 0.62868 0.14288
0.15362 0.06880 0.32760
-0.10012 0.58554 -0.75365
-0.19101 -0.28182 -0.61755
0.16336 0.62868 -0.53472
-0.19101 0.16903 0.00313
0.14694 -0.62896 0.28915
-0.11249 0.62868 0.42133
0.19133 -0.25550 0.57879
-0.19101 -0.07213 0.56809
0.10069 0.11120 0.38920
-0.10587 0.62868 0.27300
0.19133 -0.10105 -0.55443
-0.21589 0.22450 0.73134
-0.11303 -0.61123 0.20284
-0.15740 0.35736 -0.75365
-0.09526 -0.46170 0.66882
0.12362 -0.62204 -0.73911
-0.17181 0.00921 0.77191
-0.19101 0.19671 0.48515
-0.10757 -0.49646 -0.17604
-0.19101 0.32356 0.25795
-0.19101 0.30701 0.15380
-0.19351 -0.32815 0.26351
0.19133 0.48379 -0.03397
0.10069 0.24173 0.35245
-0.21589 0.56963 0.00809
-0.21589 0.48528 0.61419
-0.04063 -0.62896 -0.04316
-0.19101 -0.24422 0.48788
-0.21589 0.60404 -0.39813
0.21700 -0.30128 -0.47084
0.13532 0.38877 0.32760
-0.21589 0.50064 -0.62072
-0.19101 -0.10167 -0.38632
-0.21589 0.58240 0.11142
-0.19126 0.10830 0.77191
-0.19101 0.22020 0.34071
0.19133 0.11190 -0.21580
0.15741 0.55204 -0.75365
-0.19101 0.16885 0.62288
0.08494 -0.62896 -0.25528
0.14557 -0.37434 -0.59687
0.10069 0.03594 0.50018
0.10069 0.00547 0.64015
0.03582 0.62868 0.11752
0.03408 -0.40997 0.77191
0.03120 0.20483 0.77191
0.07113 0.62868 0.60425
-0.19101 -0.22847 0.27687
0.19133 -0.38806 -0.04896
-0.00897 -0.61397 0.76530
0.19133 0.15304 -0.35448
0.27219 -0.21217 -0.48568
0.19133 -0.50233 0.71907
0.19133 0.50181 0.12596
0.00570 0.57391 -0.75365
-0.19101 0.22879 -0.29637
-0.19101 -0.09456 0.44537
-0.20386 0.06828 -0.67723
-0.18461 0.10500 -0.75365
-0.19101 0.23857 -0.66193
0.19133 -0.58377 -0.68232
0.01055 -0.62896 -0.70303
-0.04108 0.62868 -0.40438
0.12719 0.11436 0.66700
-0.19101 -0.08563 -0.25359
0.11091 -0.01970 0.43108
-0.01326 -0.62896 0.16646
0.15151 -0.62896 -0.14270
-0.19101 0.05361 0.08063
0.17407 0.50723 0.32760
0.19133 0.02258 -0.32595
0.19133 -0.16148 -0.43193
-0.00516 0.17113 -0.75365
-0.15518 -0.39813 -0.61954
0.19133 0.57600 -0.13623
0.19133 -0.20789 0.44937
-0.01338 -0.62896 0.24167
-0.03549 0.62868 -0.50330
0.19133 0.24030 -0.67682
0.19133 -0.37332 -0.15433
-0.19101 -0.22819 -0.62973
0.19133 -0.47796 -0.01208
-0.19101 0.00213 0.15178
-0.09081 -0.43864 -0.27755
-0.19101 0.36829 -0.03137
0.13683 0.62868 0.27024
-0.20611 -0.48384 -0.67204
0.06133 -0.62896 0.54851
0.13687 0.35748 0.43918
0.19133 -0.50631 0.61901
-0.02143 0.62868 0.19746
-0.00726 0.61917 0.76049
0.19133 -0.04930 -0.33934
0.10309 0.62868 -0.69130
0.14557 -0.41429 -0.64294
0.19133 -0.14811 0.11644
-0.06750 -0.62896 0.07382
0.10069 0.25438 0.49528
-0.07542 0.62868 -0.24528
0.19133 -0.61671 -0.54642
0.19133 0.37619 -0.06541
0.14601 -0.62896 -0.26570
-0.21589 0.61077 -0.65184
0.19133 -0.57385 0.23609
-0.20337 0.47651 -0.34795
-0.19101 0.38604 -0.50263
0.13608 0.32321 0.61954
-0.13650 0.10985 -0.75365
-0.21589 0.59922 -0.14600
0.19133 0.07293 -0.02319
-0.19101 0.11387 -0.57294
-0.04918 -0.50717 0.77191
-0.18337 -0.51753 -0.36426
-0.19101 0.10941 -0.34781
0.19133 0.47105 -0.48230
0.20848 -0.55942 -0.47389
-0.19488 0.62868 -0.25602
-0.10903 0.27711 0.77191
-0.09248 -0.62896 0.28974
0.14795 0.36565 -0.75365
0.10069 0.07008 0.57310
-0.03136 -0.62896 -0.23806
-0.09081 -0.42812 -0.52367
0.19133 0.37755 -0.58406
0.19133 0.51468 -0.29615
0.10069 -0.00024 0.73598
-0.21589 -0.23179 -0.72337
0.19133 -0.33948 0.58683
0.19133 -0.57513 0.72583
-0.19101 -0.10955 -0.10489
0.07244 -0.20101 0.77191
-0.16210 0.62868 -0.17897
-0.04321 0.39972 -0.75365
0.10069 0.29703 0.72493
0.00811 -0.62896 -0.15092
-0.19101 0.07159 -0.30589
0.18403 -0.31839 -0.61838
-0.18675 -0.39813 0.18843
0.19133 0.06457 -0.45965
-0.09526 -0.47471 0.40458
-0.03887 0.62868 0.49466
-0.19101 0.30881 0.63864
0.02310 0.62868 -0.10135
0.19133 -0.08826 -0.29313
-0.21589 -0.34887 0.71556
-0.19101 0.21316 0.13008
-0.11011 0.05104 -0.75365
0.18245 -0.10977 0.52747
-0.19101 -0.17392 0.53213
-0.19101 0.17765 -0.38628
-0.14060 -0.39813 0.07448
0.19133 -0.39613 0.28473
-0.19101 0.03698 0.35749
-0.16164 -0.39813 0.27106
-0.19101 0.09508 -0.19596
0.19133 0.10706 -0.50663
0.10069 0.54172 0.58574
0.15021 0.13647 0.39222
-0.19101 -0.17506 0.37439
0.19133 0.38920 -0.32461
0.10229 0.25571 -0.75365
0.19491 -0.44727 -0.57113
-0.19101 0.00978 0.30969
0.19133 0.00384 0.19099
0.19133 0.55911 -0.61102
-0.13544 -0.45266 -0.48989
-0.07004 -0.42383 0.77191
0.23313 -0.50364 -0.69811
-0.16018 -0.49290 -0.22845
0.11291 -0.56861 0.77191
0.11151 0.62868 -0.36353
0.17555 0.19572 -0.75365
-0.04357 0.58441 -0.75365
0.19133 -0.23131 0.31415
-0.19101 -0.05913 -0.20878
-0.19101 0.17452 -0.17065
-0.11303 -0.57666 -0.71535
-0.19101 0.42637 0.38308
-0.19101 0.08448 0.42821
0.19160 -0.55942 -0.62862
-0.12765 0.62868 -0.45749
0.14502 0.28095 0.65832
-0.09526 -0.50038 -0.05172
0.12054 0.51852 0.69147
-0.21589 0.27881 0.69359
0.19133 -0.40857 -0.38578
-0.02898 -0.07731 -0.75365
0.19713 -0.46310 -0.47084
0.15114 0.12421 0.61991
-0.21589 0.57788 -0.47519
-0.19101 0.20101 -0.57012
-0.18972 -0.05144 0.77191
-0.19101 -0.22521 0.43187
0.09907 -0.62896 -0.37240
0.19133 0.13145 -0.11328
-0.19101 -0.18850 -0.30856
0.10069 0.00844 0.68527
-0.09526 -0.42297 0.34801
0.19133 0.42160 0.28731
-0.10636 -0.52849 0.27383
-0.19101 -0.22778 -0.24727
-0.19101 0.33184 -0.48431
-0.09449 0.62868 0.70070
0.01426 -0.52066 -0.75365
-0.19101 0.31587 -0.39825
0.19133 0.17036 0.15102
0.18573 0.62868 -0.57485
-0.11303 -0.58726 -0.44290
0.10069 0.22300 0.45235
-0.21320 -0.39813 -0.52982
-0.10995 -0.41946 0.62347
-0.21589 -0.39021 0.51571
0.09567 0.62868 0.72625
0.19133 -0.49508 0.09207
0.19133 0.18287 -0.00013
0.18333 0.15343 0.39341
-0.02600 0.62868 0.38643
0.19133 -0.58314 0.60619
-0.19101 -0.15993 -0.65868
-0.21589 0.55200 -0.42917
-0.19101 -0.23379 -0.15889
0.16267 0.62868 0.19647
-0.20259 0.19098 -0.67723
0.19133 -0.53948 0.30166
-0.19101 -0.09370 -0.04232
-0.21589 0.56508 0.47289
0.00555 -0.12249 0.77191
-0.19101 -0.03034 -0.63358
-0.19101 0.35584 0.05046
-0.19101 0.04121 -0.20420
0.10069 0.17377 0.73149
0.11909 0.62868 -0.00500
0.19133 -0.16567 -0.25752
-0.19101 -0.03749 0.40299
-0.19101 0.44143 -0.47915
0.16848 -0.62896 0.11667
0.18014 -0.12536 -0.75365
0.19133 0.32765 0.23847
0.15806 -0.47115 -0.75365
0.02556 0.62868 0.16315
-0.15196 0.62868 0.12294
-0.19101 -0.13349 -0.51711
0.19133 0.13383 -0.17043
0.18381 0.48055 -0.75365
0.19133 0.62428 0.15205
0.19133 0.62191 0.02276
0.18663 -0.10977 0.73287
0.09884 -0.62896 -0.04752
-0.20611 -0.47674 -0.48779
-0.09526 -0.43310 0.21058
0.19133 0.28993 -0.12692
0.19133 -0.48617 -0.26642
-0.21589 0.06058 0.75288
-0.21376 -0.39813 0.42293
-0.03735 0.29025 -0.75365
-0.13932 0.49317 -0.75365
0.19133 -0.24937 -0.05267
-0.15705 -0.47915 -0.43206
-0.19101 0.36182 0.64314
-0.14317 -0.52010 -0.65968
-0.19101 -0.01420 0.19910
0.07882 0.62868 0.41772
0.19133 0.28120 -0.06527
0.12216 -0.62896 0.35042
0.10758 0.16493 0.47082
-0.16842 0.59621 -0.75344
-0.01405 0.44529 0.77191
0.05591 -0.35203 0.77191
0.26102 -0.23091 -0.68700
-0.20523 0.62868 0.33566
0.13459 0.35943 0.67525
0.10069 -0.04968 0.60763
0.19133 -0.34131 0.02188
0.04488 0.62868 -0.25858
0.12865 0.31138 0.47307
0.18962 0.58353 -0.75365
0.08006 0.13821 -0.75365
0.10069 0.53779 0.44722
0.18264 0.46799 0.62557
0.19133 -0.50099 0.26811
0.19133 -0.45935 0.77170
0.19133 0.27924 0.00658
0.27219 -0.53208 -0.62320
0.10069 -0.07089 0.76116
0.27219 -0.31427 -0.66218
0.19133 -0.27245 0.76921
0.19133 0.27632 -0.44053
-0.11303 -0.40702 -0.19034
-0.19101 -0.32470 0.66239
0.12113 0.45657 0.64873
-0.11303 -0.41090 0.28211
0.13088 0.18040 0.66759
0.14761 -0.03889 0.32760
0.14574 -0.00285 0.46640
-0.09526 -0.55233 0.10856
0.10533 -0.10977 0.38451
0.00297 0.48880 -0.75365
0.12043 -0.00554 0.39713
0.02795 0.62868 -0.70443
-0.19101 0.47269 0.13828
0.10069 -0.05607 0.68589
0.15229 -0.06972 0.65347
0.03236 0.62868 0.05779
-0.11303 -0.41315 0.45628
0.11002 -0.62896 0.56727
-0.19101 0.28120 -0.47580
-0.19101 -0.14953 0.18273
0.10910 -0.22292 -0.75365
-0.11755 -0.08515 0.77191
0.15102 -0.62896 0.46447
-0.19101 0.26827 -0.18631
-0.06959 0.06547 0.77191
-0.19101 0.00241 -0.39342
0.19133 -0.61899 -0.00833
0.10069 -0.10169 0.64889
-0.07225 0.62868 0.03502
0.10069 0.33495 0.37505
0.04395 0.06507 0.77191
0.05348 0.62868 0.65106
-0.01766 0.62868 0.01923
-0.20809 -0.32815 -0.01409
0.10069 0.49989 0.62127
-0.21589 0.60265 0.05844
-0.19101 -0.21514 -0.05951
0.01353 -0.49225 0.77191
-0.17132 0.05338 -0.75365
0.19133 -0.53484 -0.23016
0.14458 0.62868 -0.66158
0.13030 0.15477 0.32760
0.06452 0.29369 -0.75365
0.10069 0.44466 0.41713
-0.21589 -0.32888 0.08855
-0.19101 0.00829 0.64468
-0.09526 -0.52921 0.42403
0.06295 -0.31423 -0.75365
-0.21589 -0.21854 0.68426
-0.19101 0.40489 0.58369
-0.09526 -0.45471 0.12768
-0.11303 -0.57982 -0.56623
0.10069 0.39931 0.53016
0.19133 0.01778 -0.56538
0.19133 -0.60352 0.15138
-0.10655 -0.14221 -0.75365
0.06255 -0.50363 -0.75365
-0.21158 0.42981 0.77191
0.08999 -0.12315 0.77191
0.19133 0.29776 0.10694
0.19133 0.18204 0.04976
-0.09480 -0.41946 -0.37824
-0.14333 0.62868 0.35446
-0.21589 -0.37917 0.28494
-0.21589 0.49271 -0.01877
-0.20550 -0.05173 -0.67723
0.27219 -0.45661 -0.50913
-0.10636 -0.44621 -0.01697
0.19133 0.49509 -0.08141
-0.21589 0.50651 -0.23929
0.06186 -0.62896 0.13304
-0.19101 0.12563 0.24096
0.19054 0.10700 -0.75365
0.19133 0.46448 -0.23853
-0.16948 0.26441 0.77191
-0.19101 -0.30016 -0.14867
-0.21589 -0.33666 0.60717
-0.10522 -0.47611 -0.59581
-0.19101 0.37579 0.14354
-0.21589 0.52321 0.73844
-0.00510 -0.26490 0.77191
-0.19101 0.08540 0.55433
0.15676 0.62868 -0.10322
0.10069 0.26577 0.39431
-0.09176 -0.62896 -0.48083
0.19133 0.01996 -0.68879
0.04802 0.62868 -0.52051
-0.19101 0.26845 0.35566
-0.09526 -0.46417 0.45093
-0.19101 0.42783 -0.29976
-0.11303 -0.41503 -0.11919
-0.19101 0.06615 -0.05222
-0.21589 0.61146 0.71574
0.19133 0.50730 -0.21513
0.19133 0.51220 -0.37882
-0.21589 0.58901 -0.28179
-0.15949 0.16093 0.77191
-0.19101 0.43062 0.23729
-0.17804 -0.39813 0.02506
0.17818 0.53192 0.66486
-0.21589 0.62513 0.40847
0.19133 0.51838 0.25764
-0.21589 0.58599 -0.03969
0.19133 -0.30304 0.18641
-0.19101 -0.03225 -0.13085
0.03494 0.37582 -0.75365
-0.19101 -0.04053 0.23900
-0.16919 0.53110 0.77191
0.08759 -0.07042 -0.75365
0.06365 0.52639 0.77191
0.17025 0.46299 0.45575
0.19133 0.00361 -0.06674
0.19133 0.43526 -0.14423
-0.14041 0.15735 -0.75365
-0.09230 -0.55476 -0.32029
-0.19101 -0.14601 0.49050
-0.12445 -0.39625 -0.72929
0.05478 0.62868 0.54091
-0.21589 0.28746 -0.70574
-0.19101 0.19438 0.20965
-0.19101 0.38625 0.08690
0.08417 0.62868 0.36734
0.19133 0.38223 -0.63124
0.19133 -0.52877 -0.14119
-0.19101 0.35196 0.36004
-0.19101 0.26350 -0.26707
0.13268 -0.06188 0.44180
0.19133 0.44594 -0.38971
-0.05154 -0.62896 0.44509
-0.19101 -0.32262 0.52793
-0.20632 -0.32815 -0.61943
0.19133 0.22175 -0.18035
0.06872 0.62868 -0.38578
0.19133 0.22001 -0.60296
0.19133 0.13864 -0.39931
-0.04627 -0.58702 0.77191
0.19133 -0.06597 -0.64892
0.19133 0.09223 -0.41422
0.12433 -0.30465 -0.75365
-0.16876 0.58512 0.77191
-0.19101 -0.17473 0.29767
-0.19101 -0.24259 0.61022
0.12411 0.18266 0.43568
0.23233 -0.36852 -0.51582
-0.17977 -0.39813 -0.56281
-0.19101 -0.25555 0.34304
0.10834 -0.10977 0.51778
-0.19101 0.04621 0.47342
-0.17423 -0.39813 0.10998
0.17011 0.35433 0.62722
-0.19030 -0.45722 -0.24006
0.19133 0.39871 0.02440
0.19133 0.11735 -0.61172
0.19133 -0.07387 0.16706
0.19133 -0.23339 0.06233
-0.14895 0.62868 0.63520
0.19133 -0.32384 -0.34369
0.15482 0.31062 0.39956
-0.05605 -0.62896 -0.14539
-0.04847 -0.62896 -0.42264
-0.17253 -0.39813 -0.20951
0.10069 0.49171 0.34214
-0.21589 0.38650 0.75551
0.27219 -0.54289 -0.66840
0.19133 0.19795 0.11071
0.14812 -0.62896 -0.38997
-0.19101 0.30362 0.20011
0.19133 0.59480 -0.39279
0.19133 0.21543 -0.54390
0.19133 -0.44145 0.37633
-0.11139 -0.55315 0.73397
-0.07647 0.62226 -0.73836
-0.19101 0.36052 0.47186
0.10069 0.62620 0.31730
-0.19101 -0.20169 -0.19918
-0.20016 -0.39813 -0.63015
-0.12175 -0.13116 0.77191
0.19133 0.42053 0.14484
0.10069 0.04308 0.66076
-0.19101 0.00129 -0.22732
-0.19101 -0.07441 0.03304
-0.09774 -0.54971 -0.05126
0.10749 0.35993 0.45220
-0.19102 -0.32815 0.16032
-0.19101 0.45743 -0.64350
-0.21589 0.54634 0.30245
0.19133 0.36702 -0.72101
-0.21589 0.59956 -0.71563
-0.19101 0.41048 0.31571
0.19133 -0.41375 0.59236
0.19133 -0.45660 0.71507
0.22809 -0.35459 -0.64949
-0.19101 -0.01088 -0.50272
0.19133 -0.33962 0.67184
-0.04194 -0.62896 0.20215
-0.19101 0.08719 0.17895
-0.19101 0.22646 0.62651
0.19019 -0.14969 0.77191
0.19133 -0.02129 -0.62883
0.08187 0.49816 -0.75365
0.19133 -0.27193 0.72356
-0.00588 -0.17241 0.77191
-0.21589 -0.35306 -0.54698
0.27219 -0.21789 -0.60436
0.19133 0.06273 -0.74229
-0.09526 -0.48294 0.34717
-0.01504 -0.26798 -0.75365
-0.19101 0.20772 0.29403
-0.21589 0.52099 -0.72879
-0.04711 0.62868 0.65248
-0.19101 0.02813 -0.29245
0.19133 0.26069 -0.51478
-0.21571 -0.24507 0.77191
0.14037 -0.07730 -0.75365
-0.19101 -0.09303 -0.44972
0.17785 0.00785 0.63274
-0.19101 0.06564 -0.44011
-0.21589 -0.33398 -0.75205
-0.19101 0.47070 -0.39115
0.19133 0.18622 0.31393
0.19133 -0.51355 0.01587
0.19133 -0.41443 -0.11654
0.01689 0.62868 0.30428
0.19133 -0.40227 0.47615
0.10069 0.00996 0.46316
0.19133 0.08095 0.03228
0.19133 0.54078 -0.49617
-0.14755 -0.44598 -0.39974
-0.09526 -0.54068 0.69304
-0.19101 -0.03566 0.49840
0.10069 0.35855 0.61577
-0.13586 0.62868 -0.15054
0.12143 -0.62896 0.71368
0.19133 -0.30538 0.06241
0.04134 -0.62896 0.41235
0.14454 0.54002 0.43229
-0.21589 -0.08310 0.74251
0.08066 0.62868 -0.16961
-0.04725 0.62868 -0.13894
0.07059 0.62868 0.69424
0.19133 0.11224 0.13051
0.19133 -0.30797 -0.26491
-0.21589 0.03006 0.70333
0.19133 0.33043 -0.42249
0.10069 0.02576 0.60471
-0.11303 -0.62717 0.53895
-0.00589 0.00692 0.77191
-0.19101 -0.02373 -0.31844
0.11624 0.44700 0.32760
-0.10149 -0.55086 -0.75365
-0.07865 -0.49306 -0.75365
-0.09081 -0.54910 -0.62540
0.19133 -0.15510 0.60708
0.19133 0.29024 -0.72211
0.02787 0.62868 0.60554
0.19133 -0.30957 0.14256
-0.09803 -0.62896 -0.36650
-0.10572 0.49410 0.77191
-0.19101 0.13773 0.59148
0.16366 -0.10977 0.44921
0.05031 -0.62896 -0.28778
0.19133 -0.52704 -0.29871
-0.01875 -0.36746 0.77191
0.03618 0.13379 -0.75365
0.14867 0.49320 0.61316
0.12969 0.47154 0.40013
-0.19101 0.02830 -0.65167
0.27219 -0.30076 -0.57755
-0.21589 -0.32523 -0.70532
-0.10005 -0.58608 0.58825
0.23669 -0.48739 -0.47084
0.14029 0.28097 0.43643
-0.10945 -0.30259 -0.75365
0.07327 0.62868 -0.47809
-0.20654 -0.39813 -0.71124
0.04877 0.62868 0.48426
0.19133 0.39570 -0.26782
0.11103 0.62868 -0.27269
0.19133 -0.19163 0.12100
-0.13964 0.62868 -0.32956
0.07916 0.42555 0.77191
-0.14279 -0.39813 -0.43678
0.15382 -0.43965 -0.55052
-0.20013 -0.28423 -0.75365
-0.19101 -0.03660 -0.43302
0.19133 -0.20120 0.03048
-0.17475 -0.39813 -0.32616
-0.15388 0.62868 -0.59135
-0.19101 0.26019 -0.10132
-0.19101 0.42241 -0.08074
0.19133 -0.31978 0.75953
-0.11805 0.62868 -0.01965
0.19133 -0.52888 -0.05201
-0.19101 -0.28661 -0.05062
0.19133 0.21412 -0.23082
0.19133 0.19232 -0.37316
0.09282 -0.52943 0.77191
0.19133 -0.12180 0.31699
-0.00731 -0.62896 -0.53975
-0.19101 0.10709 -0.11598
-0.19101 0.26421 0.43602
-0.01220 -0.62896 0.36393
0.01032 -0.62896 0.05030
0.19133 0.03863 -0.40856
0.19133 -0.57266 0.33792
0.19133 -0.39852 -0.22000
0.15140 -0.62896 -0.21116
-0.02190 -0.62896 -0.19576
-0.19101 -0.00047 -0.57744
0.06834 -0.43646 0.77191
-0.19101 0.02512 -0.12634
0.19133 0.06493 0.16225
-0.10998 -0.33609 0.77191
0.13820 0.51835 0.46941
0.19133 0.18398 -0.70302
-0.10253 0.62868 0.46338
0.19133 -0.32695 0.62813
-0.21589 0.48625 0.43877
-0.09013 0.62868 -0.31277
-0.08467 -0.54691 0.77191
0.19133 -0.31226 0.26238
-0.21589 -0.17548 0.68563
0.01924 -0.09348 -0.75365
0.19133 0.14806 -0.24152
0.13581 0.41295 -0.75365
0.17143 -0.10977 0.39721
-0.11217 -0.51460 -0.21471
0.19133 -0.00779 -0.41443
-0.19101 0.31491 0.06324
-0.21498 -0.24392 -0.67723
0.27219 -0.34641 -0.50642
-0.10794 -0.50116 -0.55217
-0.03719 -0.60504 -0.75161
-0.21589 0.56214 0.07188
-0.21589 0.17404 0.72109
-0.19101 -0.20070 -0.00951
-0.19101 -0.31148 -0.37054
0.10069 0.55408 0.73730
0.19133 0.16208 -0.30842
-0.19101 0.31307 -0.62965
0.19133 -0.62345 0.45201
0.16686 -0.30035 -0.75365
0.19133 -0.58858 0.09286
-0.19101 0.13019 0.35703
-0.09538 -0.50324 0.77191
0.14374 0.35062 0.40132
0.19133 0.35605 -0.67908
-0.21589 0.53021 0.22325
0.19133 0.59332 -0.71244
-0.14099 -0.51774 -0.36449
0.19133 0.27731 0.22340
0.09477 0.62868 0.52730
-0.04187 -0.29939 0.77191
-0.21589 0.47975 -0.51634
-0.02593 0.58310 0.77191
0.10069 0.47111 0.52726
-0.16642 -0.46579 -0.67152
-0.15773 -0.39813 0.53511
0.19133 -0.47728 0.50467
-0.12772 -0.39813 -0.08346
0.03671 -0.62896 0.48820
0.10069 0.52642 0.51505
-0.20082 -0.31544 0.77191
-0.19101 -0.06125 -0.16142
-0.20934 -0.32815 -0.44143
-0.09526 -0.47215 0.22635
0.10069 0.17659 0.55722
0.19133 -0.12417 -0.26456
0.19133 0.37321 0.08393
-0.21364 0.47651 0.54745
0.19133 0.60760 -0.44128
0.11785 -0.10977 0.55876
0.19133 -0.24853 -0.14418
0.19133 -0.49184 0.13401
-0.19101 -0.13942 -0.40483
-0.06280 0.11210 -0.75365
0.19133 -0.42580 0.41595
0.06728 -0.44966 -0.75365
-0.19101 -0.16864 -0.60412
0.10069 0.42778 0.70051
0.19133 0.23471 -0.36081
0.19133 0.52772 0.00567
-0.10605 0.62868 0.60640
-0.21589 -0.35336 -0.35201
0.14530 0.13996 0.69612
0.19133 -0.26947 0.52086
0.10069 0.48742 0.41714
0.22471 -0.19864 -0.68143
0.19133 0.30100 -0.50354
0.02539 0.62868 -0.05349
0.04911 0.62868 -0.13408
0.18151 -0.62896 0.40607
0.01899 -0.62885 0.73804
0.19133 -0.47175 0.19628
0.19133 0.28550 -0.62636
-0.07988 -0.62896 -0.25000
-0.11303 -0.62561 0.24622
-0.07051 0.22495 -0.75365
0.22946 -0.55942 -0.50980
-0.21589 0.62464 -0.35883
0.19133 -0.10902 -0.62415
-0.05486 -0.20102 -0.75365
0.19133 -0.15933 -0.63775
0.19133 0.34440 -0.31948
-0.21589 0.55316 0.51266
-0.10757 -0.62896 -0.63843
-0.19101 0.16302 -0.48543
0.19133 -0.15467 -0.72658
-0.21589 -0.39508 -0.07700
0.10069 0.26084 0.55746
0.10069 0.07009 0.37750
-0.14399 -0.39756 0.74236
0.19133 0.04537 -0.07388
-0.19101 -0.25086 -0.51229
-0.12915 0.31319 0.77191
-0.12393 -0.50983 -0.42544
0.05647 -0.62896 -0.15525
-0.13480 0.40514 0.77191
-0.05294 0.62868 -0.67355
0.19133 -0.15241 0.51762
-0.19101 0.13436 -0.14970
-0.12536 -0.50522 -0.30603
0.04227 -0.62896 -0.59670
-0.17834 0.62868 0.45191
-0.18768 -0.39813 -0.66940
0.13773 0.30331 0.69202
-0.10859 -0.55476 -0.48919
0.19133 0.50838 -0.17406
0.26400 -0.25709 -0.57560
-0.19101 -0.06824 -0.30264
0.18333 0.36240 0.43575
0.14430 0.17325 0.45680
-0.20611 -0.48404 -0.26685
0.19133 -0.15795 0.16751
0.13309 0.31840 0.43964
0.19133 -0.02871 -0.00727
-0.21589 0.62380 0.10704
-0.21589 0.48373 0.08729
-0.19101 -0.25055 0.39967
-0.19101 0.18590 -0.29127
-0.01982 0.62868 -0.58743
0.19133 -0.36538 -0.01496
-0.17328 0.39501 -0.75365
-0.21589 0.48170 0.71176
-0.19101 -0.15682 0.05804
0.10069 0.11562 0.42707
0.11520 -0.56305 -0.75365
0.19133 -0.12311 -0.20845
-0.04310 -0.62896 0.53113
0.06005 -0.55206 -0.75365
-0.08213 0.54903 -0.75365
-0.19101 -0.15767 -0.21236
-0.05899 0.61958 0.76002
-0.19101 0.32075 -0.44517
-0.04655 -0.45562 -0.75365
0.07409 -0.62300 -0.73766
0.19133 0.48529 -0.69541
0.19133 -0.03173 0.09185
-0.03334 0.62868 0.55465
0.19133 -0.17967 -0.33812
-0.19101 -0.29371 -0.53743
-0.02724 -0.31240 -0.75365
0.19133 -0.33585 -0.74160
0.19133 0.61686 -0.12060
-0.19101 0.00496 0.53522
0.11715 -0.42513 0.77191
0.19133 -0.18135 -0.14351
-0.19101 0.30520 -0.28551
-0.20235 0.47651 -0.42940
0.10069 0.35340 0.41713
-0.19101 -0.21912 0.23328
0.19133 -0.33303 -0.30360
0.10069 0.12701 0.33763
-0.10410 0.15356 0.77191
0.10069 0.54001 0.39660
0.19133 0.50751 -0.61290
-0.05507 0.62868 0.32830
0.00859 -0.56902 -0.75365
-0.19101 -0.24406 -0.45187
0.14515 -0.61900 0.76099
0.07175 0.57993 -0.75365
-0.19101 0.47004 0.02531
-0.21589 -0.38408 -0.29531
0.15769 0.10570 0.65886
0.06623 -0.62896 -0.02415
-0.19101 -0.09903 -0.21287
-0.19101 -0.22830 0.13927
0.16354 -0.10977 0.62223
-0.21589 -0.36979 0.01225
0.15157 0.18355 0.41127
0.14070 -0.04814 0.62600
-0.09526 -0.54922 0.60410
-0.10037 -0.62896 0.44647
0.08964 -0.62896 -0.29515
0.13704 0.62868 0.09171
0.19133 0.54450 0.17052
-0.21589 0.34631 -0.70894
-0.19101 0.43725 -0.21626
0.00463 0.00890 -0.75365
0.19133 0.11678 0.27698
-0.21589 -0.36715 -0.14476
-0.20326 0.62868 0.51093
-0.11303 -0.61637 0.07947
0.02834 -0.62896 -0.49149
0.14299 -0.62896 -0.70285
-0.21589 0.62172 -0.52029
0.13958 0.00603 0.67963
0.01980 0.16666 0.77191
-0.21589 -0.16866 0.76262
-0.19101 0.06654 -0.34951
-0.19101 -0.13968 0.22129
-0.19101 0.21177 0.52705
-0.19101 -0.18352 -0.51451
0.14530 0.10768 0.32760
-0.19101 0.38395 0.54992
0.19133 -0.24080 0.69083
-0.19101 0.00047 0.37312
0.19133 0.59658 -0.51021
0.18312 -0.40337 -0.64953
-0.11303 -0.59721 0.65821
0.18549 -0.62896 -0.18683
0.12740 0.10401 -0.75365
-0.01809 0.53862 0.77191
-0.19101 -0.08329 0.25619
-0.08010 -0.62896 -0.04232
-0.10689 -0.58608 0.30489
0.19133 -0.57054 0.64816
0.11768 0.11653 0.62656
0.25866 -0.30506 -0.48195
-0.11303 -0.40617 -0.00451
-0.19101 -0.18226 -0.13364
0.19133 -0.34100 0.51296
-0.21589 0.52247 -0.33720
0.01690 -0.62896 -0.11259
0.13455 -0.10977 0.41718
-0.19101 -0.28337 0.48431
0.15897 -0.62896 0.37389
-0.11586 -0.29725 0.77191
0.06075 -0.62896 0.63576
-0.17171 -0.26249 0.77191
-0.18286 0.62868 -0.66368
0.00073 0.62868 0.47188
0.19133 0.38841 0.12001
0.10069 0.36185 0.54150
-0.21589 0.53715 -0.11106
-0.11303 -0.61686 -0.11335
-0.21589 0.48817 -0.05761
-0.19101 -0.32132 0.56699
-0.19101 0.31458 -0.35104
-0.05244 0.62868 0.12049
-0.21589 0.40991 -0.70921
0.16034 0.62868 0.23845
0.19050 0.22275 0.32760
0.19133 -0.59817 -0.33963
-0.21589 0.10562 -0.69315
0.10820 -0.62896 -0.14349
0.19133 0.40571 0.25008
0.10587 -0.00877 -0.75365
0.19133 0.29469 -0.19522
0.00928 0.62868 0.40289
-0.16152 0.62868 -0.04885
0.19133 0.03254 0.30622
0.19133 0.17793 -0.11869
0.19133 -0.48980 0.41732
-0.11960 -0.48501 -0.47231
-0.19101 0.39514 0.04808
0.17913 0.13058 0.61645
0.19133 -0.26457 0.29297
-0.08853 0.62868 -0.53707
-0.19101 0.19559 -0.13436
0.19133 -0.21499 -0.17847
0.19133 -0.38677 -0.47058
0.13024 0.31479 0.65675
-0.21589 0.15517 -0.70389
0.27219 -0.48600 -0.53443
-0.04753 0.62868 -0.44693
0.19133 -0.18748 0.39636
-0.19101 0.40622 -0.45402
0.19133 -0.15986 -0.51266
0.19133 -0.22080 -0.74879
-0.19101 -0.05277 0.11105
-0.19101 -0.09241 -0.51606
-0.03644 0.62868 -0.21209
0.18209 0.49890 0.39073
-0.00898 -0.47317 -0.75365
0.18084 0.30395 0.32760
-0.21589 0.11667 -0.73202
-0.21589 0.55728 -0.56087
0.19133 -0.08350 -0.43658
0.19133 -0.48749 0.65271
0.16905 0.29483 0.46396
-0.19200 -0.28559 -0.67723
-0.19293 -0.32815 -0.40525
0.19133 0.13195 -0.65512
0.19133 -0.25796 0.61936
-0.16935 -0.04170 -0.75365
-0.13488 0.40097 -0.75365
-0.17667 -0.50182 -0.59747
-0.19101 0.13717 -0.28422
-0.19101 0.05643 -0.01331
-0.19101 0.08416 0.51586
-0.18027 -0.44929 -0.49555
-0.11303 -0.44546 -0.20625
0.10069 0.09326 0.72356
0.15520 0.62868 0.13968
-0.10356 0.62868 0.11309
-0.11303 -0.54395 -0.68181
0.19133 -0.50410 0.05473
0.03294 0.28288 0.77191
0.19133 0.22089 0.28102
0.19133 -0.34375 0.06320
0.27219 -0.29639 -0.51731
-0.19101 0.17271 0.51506
-0.16398 0.43790 0.77191
0.25797 -0.33653 -0.68995
0.10507 -0.62896 0.63646
-0.09300 -0.51444 -0.48321
0.10265 -0.05161 0.40665
0.19133 -0.46625 -0.35837
-0.21589 -0.34955 -0.27811
0.13097 0.01351 0.44001
0.19133 -0.55371 0.53411
0.11221 -0.62896 0.43773
0.12777 -0.62896 0.09827
-0.20267 0.26099 -0.75365
-0.10636 -0.50751 0.04597
-0.10294 -0.24275 0.77191
0.15571 -0.10977 0.56383
0.27219 -0.23222 -0.64763
-0.19101 0.39773 -0.17882
0.19133 0.45330 0.08903
0.26331 -0.51211 -0.58576
0.13832 0.62082 0.31428
-0.19140 0.43966 -0.67723
-0.19101 -0.15612 0.14519
-0.21589 -0.08419 -0.69425
-0.12239 0.62868 -0.67121
0.23724 -0.19864 -0.47918
-0.10971 -0.46205 0.73393
0.19133 -0.40851 0.14834
-0.19101 0.38024 0.21292
-0.09526 -0.43722 -0.09396
-0.19101 0.21460 0.17746
-0.20851 0.35192 0.77191
0.19133 -0.58486 -0.49627
-0.09526 -0.49363 0.26365
-0.01869 -0.62896 0.28531
0.14532 0.12977 0.46320
0.19133 0.00195 -0.19764
0.19133 -0.54701 -0.08529
-0.06960 0.31262 -0.75365
-0.19101 -0.14687 0.58379
-0.21589 0.58935 0.14883
-0.11303 -0.62111 0.73115
0.01939 -0.29594 0.77191
-0.21589 -0.39000 0.14039
0.19133 0.04521 -0.36074
-0.15863 -0.39813 0.58525
-0.09081 -0.54638 -0.44047
0.09976 0.62868 0.26330
0.19133 0.03813 0.10573
-0.04382 -0.54443 0.77191
-0.19772 -0.12890 -0.75365
0.27219 -0.45014 -0.60505
0.01901 0.62868 0.50729
-0.19101 -0.07895 -0.61093
0.10069 0.26080 0.45822
-0.19101 0.31780 -0.57527
-0.19101 0.21683 -0.01092
-0.19101 0.43557 -0.11888
-0.21279 0.47651 0.35115
0.19133 -0.22464 -0.26616
-0.03036 -0.62896 -0.45547
-0.18452 -0.51398 -0.66656
-0.14911 -0.39813 -0.66998
0.26829 -0.51030 -0.68700
-0.18081 -0.39813 0.37856
0.10655 -0.62896 -0.00499
-0.09081 -0.53416 -0.36226
0.19133 -0.19036 -0.04250
0.19133 0.06923 -0.59101
0.19133 -0.04207 -0.12984
0.19133 -0.20640 -0.44071
0.19133 0.17261 -0.03613
0.19133 0.42528 0.19972
-0.09526 -0.56221 0.07255
0.19133 -0.48907 -0.43457
-0.11659 0.62868 -0.59011
-0.19101 0.13685 0.02332
0.10069 0.10333 0.75945
-0.19101 0.32629 -0.19960
-0.19101 0.29212 0.09449
0.19133 0.23927 -0.44401
-0.21589 0.53189 -0.60053
-0.05076 -0.04444 -0.75365
-0.17276 0.47704 0.77191
-0.14116 -0.06854 -0.75365
0.19133 -0.51526 0.53697
0.19133 0.47332 -0.54887
-0.21589 0.36698 0.71725
-0.19101 0.44256 -0.33966
-0.20089 0.62868 0.37430
-0.19101 -0.04283 0.07534
0.19133 -0.34913 0.42088
0.19133 -0.40846 -0.75164
-0.19101 0.38721 0.40694
0.19133 -0.47667 -0.73839
0.15715 0.25110 0.32760
0.09405 0.62868 0.47112
-0.04582 -0.47037 0.77191
-0.09526 -0.45020 0.49385
0.19133 -0.01313 -0.34684
0.15138 0.59856 -0.75318
0.19133 -0.44374 -0.21613
0.19133 -0.03147 -0.05524
0.10069 0.12889 0.46643
-0.19101 0.39745 -0.65980
-0.04631 -0.22240 0.77191
0.19133 0.47930 -0.11474
-0.19101 -0.04728 0.59533
0.27219 -0.51707 -0.49402
0.19133 0.41941 -0.65351
-0.00549 -0.19276 -0.75365
-0.11303 -0.40339 -0.27115
0.19133 -0.11789 -0.45874
0.27219 -0.43248 -0.66541
0.26890 -0.40676 -0.48195
0.14131 0.46287 0.67772
-0.20751 0.62868 -0.46691
-0.11303 -0.62186 -0.06836
-0.17581 0.62868 -0.32323
0.19133 0.07695 0.24886
-0.19101 0.04094 0.55689
0.05615 -0.62896 0.02047
-0.02322 -0.05895 0.77191
-0.19101 0.14698 -0.40646
0.19133 0.40681 -0.49425
0.10069 0.59499 0.73963
0.16870 -0.06879 0.32760
-0.19101 0.09967 0.06882
-0.09245 -0.55456 -0.24874
-0.07678 0.62868 -0.05912
0.09210 0.62868 0.16483
-0.19101 0.08276 -0.55387
-0.21589 0.61143 -0.23172
0.03025 -0.62896 0.32621
-0.05231 -0.62896 -0.69968
-0.09778 0.41359 0.77191
0.18795 -0.34532 -0.52371
-0.19101 0.10568 0.14756
0.12517 0.62854 -0.72026
-0.19101 0.31214 0.46459
-0.09526 -0.56531 0.03022
0.19133 -0.25535 -0.18200
-0.03738 0.30496 0.77191
0.17911 -0.06149 0.66540
0.19133 0.13865 -0.52912
-0.19101 -0.13057 0.10516
0.19133 -0.14976 -0.05658
-0.10636 -0.50734 0.45156
0.19133 -0.23335 0.21411
0.10677 -0.37795 -0.75365
-0.17133 -0.39813 -0.01537
-0.07086 -0.62896 0.60198
0.16974 0.15094 0.69666
-0.19101 0.22681 -0.52673
-0.19101 -0.30380 0.21319
-0.12645 0.62868 0.22015
0.11594 0.62868 -0.16140
-0.21589 0.54569 -0.49517
-0.06933 0.06023 -0.75365
0.18121 0.15999 -0.75365
-0.21589 0.55793 -0.69791
0.16198 -0.10555 0.34470
0.10069 0.16825 0.64144
-0.21589 0.30017 0.73704
0.02857 -0.62896 0.44703
0.14105 0.33380 0.69531
0.10069 -0.02929 0.46601
0.19133 -0.08479 -0.75266
0.19133 0.57452 -0.66671
0.19133 0.56063 -0.19781
0.09932 0.45549 0.77191
-0.21589 -0.25772 0.68843
-0.11303 -0.41048 0.24606
0.13654 -0.03691 0.47363
-0.02497 -0.14185 0.77191
-0.10382 -0.58608 0.17873
0.13464 0.18241 -0.75365
-0.21589 -0.25795 0.73829
0.19133 -0.22135 0.65060
0.19133 -0.27976 -0.45779
-0.19101 0.45277 0.62131
-0.19101 0.23598 -0.61106
-0.09526 -0.57621 0.68834
-0.11793 0.55446 -0.75365
0.19133 0.60516 0.32198
0.19424 -0.36791 -0.65303
-0.21589 0.23767 0.69796
-0.16933 0.23461 -0.75365
-0.19101 0.08174 0.02959
-0.11247 -0.52770 -0.39269
0.19133 -0.12804 0.26600
0.19133 -0.25790 0.01617
0.15162 0.01653 -0.75365
