-0.06489 0.48492 -0.03564
-0.31705 -0.00696 -0.14923
-0.11978 -0.00696 -0.17600
0.34082 -0.47835 0.29327
-0.38436 -0.78577 0.44690
-0.34254 -0.78577 -0.45661
0.37161 -0.78577 -0.45422
0.03853 0.16854 0.47214
0.38972 0.27863 -0.47752
0.38972 -0.42950 -0.43381
-0.35207 -0.52958 0.00006
-0.34370 0.36289 -0.49112
-0.04326 -0.31457 -0.49112
-0.40958 -0.21988 0.43994
0.32032 -0.00696 0.09159
0.39997 0.48031 0.28990
-0.39933 0.48363 0.46837
-0.05239 -0.51892 0.47214
0.05229 -0.08070 -0.49112
-0.40958 -0.30703 -0.33390
0.35991 0.46442 -0.17218
0.26492 -0.20178 0.47214
0.38972 -0.28028 0.05529
0.09244 -0.00696 0.24235
0.04724 0.46442 -0.46613
0.00797 0.46442 0.36126
0.33848 -0.78022 0.46626
-0.40958 -0.18206 0.15185
0.38972 -0.06909 -0.34704
0.01383 -0.52958 -0.47944
-0.40958 -0.05800 -0.46888
-0.39933 0.48316 -0.17748
-0.32498 0.15642 0.45165
0.38972 0.23042 0.45554
-0.34291 -0.47835 0.35137
-0.25924 -0.51472 -0.49112
0.37192 -0.52958 -0.09294
-0.31508 -0.00696 0.20190
0.27807 -0.32486 -0.49112
-0.13022 -0.10129 0.47214
0.14163 -0.00696 -0.00421
-0.36815 0.48492 0.13122
-0.15621 0.46442 -0.29044
-0.03034 0.18087 -0.49112
0.37243 -0.00696 0.35798
0.28886 -0.41393 0.47214
0.23106 0.46442 -0.22157
0.18166 0.48492 0.12710
-0.40958 -0.09104 -0.19370
-0.35870 -0.52958 -0.28329
-0.18506 0.48492 -0.38012
0.06202 -0.00696 0.01332
-0.11403 0.35775 0.45165
-0.22503 -0.05148 -0.49112
0.16223 -0.00696 -0.31299
-0.40958 -0.18399 -0.15068
0.17268 0.37509 0.45165
0.39675 0.48492 0.08188
0.17473 0.12596 -0.49112
-0.40958 -0.25088 0.13017
0.26376 0.44820 -0.47063
-0.18214 0.46442 0.25289
0.38972 -0.16831 0.26616
-0.25823 0.14729 -0.49112
0.38972 -0.09540 -0.12533
-0.17986 -0.31405 0.47214
-0.40958 -0.43066 -0.12519
-0.40958 -0.16287 0.38932
-0.30918 -0.28287 -0.49112
0.38972 -0.31550 -0.20366
0.06091 -0.31591 -0.49112
0.19254 -0.00696 0.39662
0.29508 -0.07614 -0.49112
-0.33785 -0.63067 -0.48817
0.06526 -0.34098 0.47214
0.33848 -0.51846 0.06234
-0.15819 0.40479 -0.47063
0.23156 -0.52958 -0.48879
-0.33103 -0.41400 0.47214
0.02239 0.46442 -0.24555
0.07130 -0.26371 -0.49112
-0.40958 -0.06300 0.01025
-0.17278 -0.00696 0.03086
-0.11079 -0.00696 0.32869
0.20043 0.48492 0.35262
0.36818 -0.58170 0.47214
-0.10451 -0.47835 -0.44283
-0.28299 -0.47835 0.42272
-0.28712 -0.00696 -0.33598
0.04208 -0.00696 -0.29954
-0.36691 0.46442 -0.38165
-0.01908 0.12304 -0.47063
0.00074 0.46442 0.12094
0.38972 -0.61923 -0.46432
0.10433 0.28754 -0.49112
0.28513 -0.00696 0.16366
-0.23349 0.46442 -0.07226
-0.40958 -0.37908 0.31339
-0.38909 0.03583 -0.48215
-0.38909 -0.52177 0.17682
-0.12255 0.17159 0.47214
0.39929 0.48492 -0.35783
0.12966 0.48492 -0.05576
-0.06650 -0.00696 -0.39205
0.14958 -0.52958 0.44521
0.38972 -0.41207 0.17969
0.37378 0.41482 0.45165
0.38972 -0.08693 0.07769
0.36097 -0.52958 -0.30181
0.38972 -0.36158 -0.15424
-0.31844 -0.02355 0.47214
0.38972 0.02956 -0.48693
-0.01685 -0.00696 -0.36055
0.28045 -0.00696 -0.11034
-0.38909 -0.60056 0.46164
0.04545 -0.00696 0.43017
0.38972 -0.24824 -0.44825
-0.40958 -0.04984 0.22485
-0.40958 -0.07795 -0.39655
0.38972 -0.31219 0.41242
-0.36698 0.32633 0.45165
0.38972 -0.34084 0.31121
-0.40958 -0.42859 -0.19584
-0.21430 0.46442 0.05178
-0.21242 0.48492 0.42863
-0.34182 -0.00696 0.39023
0.25281 0.11947 0.47214
-0.40958 -0.41362 0.05794
-0.26371 -0.20025 0.47214
-0.12855 0.07327 0.47214
0.37590 -0.11649 0.47214
-0.34812 0.46442 0.30767
-0.02968 -0.00696 -0.02605
-0.09700 -0.09267 -0.49112
-0.28348 0.05136 -0.49112
-0.38852 -0.47835 -0.44738
-0.00288 -0.42519 0.47214
-0.20570 -0.49135 0.42091
-0.06807 0.32443 -0.47063
-0.39899 0.46442 -0.04763
0.38972 -0.08957 -0.22797
-0.19419 0.43423 -0.49112
-0.02374 0.48101 0.48239
0.31618 -0.00696 0.38441
0.27165 -0.00696 -0.38911
0.28783 0.48492 -0.01639
0.03547 0.34361 0.47214
0.02752 -0.16765 0.47214
0.17524 0.48492 -0.37575
-0.43008 -0.23771 -0.01294
0.38972 0.06832 0.45968
-0.13245 0.04869 -0.49112
0.24435 0.37942 -0.49112
0.05945 -0.04825 0.47214
-0.06123 -0.00696 0.15141
-0.21178 0.29955 0.47214
-0.40958 -0.25954 -0.29129
-0.40958 -0.35708 -0.43369
0.38972 -0.38409 0.01491
-0.02891 0.46442 -0.13716
-0.17768 0.17559 -0.49112
-0.20520 -0.38985 -0.49112
0.12833 0.48396 0.48239
0.14293 -0.00696 -0.17869
0.38972 -0.15013 -0.02467
-0.04009 0.46442 0.25308
-0.40958 -0.38939 0.18706
0.30858 0.39982 0.45165
0.38972 -0.22695 -0.30693
0.10270 0.46442 0.25928
0.22909 -0.26846 0.47214
0.16200 0.22117 0.47214
0.33848 -0.52517 0.00057
0.33035 0.48492 0.36141
0.28736 -0.48242 0.47214
-0.13050 -0.18252 0.47214
0.19305 -0.17082 -0.49112
0.25891 0.46442 0.21759
-0.05964 0.48492 -0.48344
0.28225 0.19160 -0.49112
0.12423 -0.47835 -0.44088
-0.19500 -0.21620 -0.49112
0.01537 -0.00696 -0.15620
0.09332 -0.00696 0.13888
-0.40958 -0.16455 0.00084
0.06717 0.14655 -0.47063
-0.05415 0.06814 0.45165
-0.32548 0.48492 -0.49229
0.29699 -0.00696 0.29885
-0.30735 -0.00696 -0.00141
-0.40958 -0.22296 -0.43289
-0.26325 0.48492 -0.27186
0.32478 -0.00696 -0.18326
0.17155 -0.08098 0.47214
-0.27836 -0.10130 -0.49112
0.34140 -0.00696 -0.05118
-0.31186 0.24697 -0.47063
-0.38909 -0.01005 -0.28259
-0.13950 0.46442 0.15725
-0.20755 -0.00696 0.40364
-0.08624 0.48492 -0.28051
-0.39555 -0.18678 -0.49112
-0.40958 -0.46010 -0.32636
-0.23855 0.48492 -0.39796
0.38972 -0.24425 0.18224
-0.30394 -0.52958 0.42750
0.30869 -0.48055 -0.43988
-0.26836 -0.04055 0.47214
-0.04024 -0.00696 -0.44939
-0.34301 -0.00696 0.14209
0.37255 0.42581 -0.47063
0.13392 0.43651 -0.49112
0.38972 -0.27676 -0.07821
-0.16929 -0.00696 0.17305
0.38972 -0.12770 0.33338
0.01736 0.38013 -0.47063
0.16879 -0.01856 -0.49112
0.36943 -0.28983 -0.49112
-0.15896 -0.00696 -0.31601
0.09819 0.46442 -0.30319
0.04907 -0.00696 0.37584
0.32200 0.33666 -0.47063
-0.40958 -0.18966 0.25255
0.38972 -0.44160 0.42260
0.38972 -0.34124 -0.32458
0.39997 0.47893 -0.02408
0.27921 -0.00696 -0.29060
0.38972 -0.01249 0.19263
0.35558 -0.67051 0.42091
0.26722 0.27695 0.47214
-0.00967 -0.22828 0.47214
-0.05959 -0.38583 -0.49112
0.28322 0.46442 -0.28992
-0.40958 -0.40532 0.44236
-0.38909 -0.52780 -0.16476
-0.40958 -0.29441 0.38953
-0.40958 -0.35626 -0.02105
0.14065 -0.15428 0.47214
0.30862 -0.43860 -0.49112
0.22838 0.46442 -0.12322
0.14046 0.06089 0.45165
-0.33785 -0.50550 0.22676
0.00302 0.48492 -0.36525
0.15405 -0.34282 -0.49112
-0.11018 0.48492 0.34374
-0.33785 -0.68474 0.43421
0.31546 -0.20262 -0.49112
0.25942 0.06062 -0.47063
0.25344 -0.00696 0.03822
-0.21339 0.30895 -0.49112
0.38972 -0.49238 -0.19786
-0.40029 -0.06868 0.47214
-0.40958 -0.33658 0.18478
0.29173 0.46442 0.10777
0.08357 0.46442 0.04783
0.08860 -0.00696 -0.40428
-0.20090 0.48492 -0.17650
-0.06075 0.29029 0.45165
0.38687 0.14269 -0.47063
0.34161 -0.52958 0.37237
-0.19457 -0.00696 -0.43143
-0.25510 0.40440 0.45165
0.38972 -0.02697 0.23992
0.14434 -0.00696 -0.12663
-0.13808 -0.43377 0.47214
-0.25434 -0.00696 0.31467
0.38972 -0.52412 0.20910
-0.35657 0.17201 -0.47063
-0.40958 -0.45886 0.27706
-0.00332 -0.00696 0.31899
0.37659 0.48492 0.19928
0.38972 -0.34967 0.12643
-0.38909 0.07316 0.46677
-0.06812 0.48492 -0.37203
0.29140 0.46442 -0.39687
0.06229 -0.48286 0.42091
-0.21994 -0.00696 -0.09598
0.38972 -0.05574 -0.48147
-0.26817 0.48492 0.20977
-0.40958 -0.14860 -0.29972
-0.30406 0.48492 0.01893
0.21089 -0.00696 0.24026
0.38972 -0.69365 -0.48555
-0.21387 0.13708 0.47214
0.14839 -0.42743 0.47214
0.38972 -0.14693 0.07281
-0.40958 -0.24415 -0.17036
-0.34926 -0.17076 0.47214
-0.03360 -0.33584 0.47214
0.27422 -0.02318 0.47214
-0.40958 -0.04291 -0.16091
-0.31827 -0.41833 -0.49112
0.08660 0.46442 -0.18798
-0.20568 -0.42884 0.47214
-0.30239 -0.00696 -0.43833
0.03177 -0.42997 -0.49112
-0.40958 -0.09576 0.11468
-0.38909 -0.52646 -0.05056
0.22557 0.27006 -0.49112
0.08831 0.48492 -0.43293
0.19224 0.46442 0.24735
0.25903 0.48492 0.48062
-0.36283 -0.47835 0.09202
-0.17962 -0.51424 -0.43988
0.31057 0.30790 0.45165
-0.14916 0.48492 -0.09391
0.38972 -0.23450 -0.20367
-0.39358 0.46442 0.02568
0.20501 0.48492 0.02672
0.05918 0.26500 0.45165
-0.23418 -0.00696 0.13597
-0.30299 0.24545 0.45165
-0.38478 -0.51155 0.47214
0.33848 -0.49501 -0.37879
-0.25885 -0.00696 -0.22481
0.34942 -0.47835 0.16294
0.10031 0.46442 0.36859
-0.34428 -0.30388 0.47214
-0.09309 0.48492 0.43333
-0.40958 -0.04339 0.33004
-0.35798 0.48492 -0.26927
-0.40958 -0.27828 0.28033
0.33844 -0.31137 0.47214
-0.38909 -0.71022 -0.45884
-0.40138 -0.47835 -0.26947
0.23633 -0.00696 -0.23805
-0.39562 0.46442 0.22324
-0.40958 -0.32064 -0.22528
-0.25406 0.48492 0.34320
0.38972 -0.43626 0.28260
0.38972 -0.20480 0.42742
-0.11844 0.48492 0.06082
-0.10900 -0.00696 -0.10555
-0.33785 -0.52511 -0.46254
0.38972 -0.17451 -0.36980
-0.36505 -0.47835 -0.16688
-0.05028 0.04996 -0.47063
-0.26852 0.06412 0.45165
-0.40958 -0.15278 -0.41452
-0.19584 -0.20416 0.47214
0.10614 0.48492 -0.14338
0.04694 0.02969 -0.47063
-0.06215 -0.18902 -0.49112
0.14865 0.12696 0.47214
0.38972 -0.13592 0.17570
-0.12393 0.13228 -0.49112
0.03371 0.46442 0.24732
-0.30138 0.46442 -0.14022
-0.05994 -0.52175 -0.49112
0.24508 -0.22901 -0.49112
0.39997 0.46767 -0.11023
-0.05437 -0.00696 0.41390
0.15815 -0.44414 -0.49112
-0.09586 0.48492 -0.12102
-0.10813 0.24807 -0.47063
-0.02525 0.39764 0.47214
-0.29731 0.48492 0.41960
0.08888 0.41169 0.45165
-0.20799 0.25586 -0.47063
0.38972 -0.19666 -0.14586
-0.00796 -0.00696 0.07986
0.04024 0.48492 -0.08115
-0.40958 -0.09463 -0.07236
0.18242 0.31768 -0.49112
-0.38909 0.19986 0.45392
0.36283 -0.52264 -0.49112
-0.39171 0.46442 0.37738
0.38972 -0.14016 -0.46539
0.29718 0.21002 0.45165
0.30197 0.05076 0.45165
0.27067 -0.52958 0.43129
-0.18651 0.20280 0.47214
0.09831 0.03726 -0.49112
-0.38909 0.25859 -0.47079
0.38972 -0.00760 -0.28545
0.38972 -0.03991 -0.00880
-0.14300 0.44896 0.45165
0.38972 -0.43078 -0.07463
0.38972 -0.52531 -0.03451
-0.15065 -0.28521 -0.49112
0.08838 -0.17499 -0.49112
-0.00639 0.25841 -0.49112
0.27783 0.48492 0.31348
-0.01827 0.46442 0.05713
0.01897 0.48492 -0.01638
-0.28655 0.48492 0.14141
-0.08232 -0.00696 -0.23781
0.13401 0.46442 0.11334
0.11270 -0.51925 -0.49112
0.16485 -0.52958 -0.48791
0.02342 0.09064 0.45165
0.36543 0.48492 -0.23104
0.32008 0.26977 -0.47063
-0.15200 -0.52958 0.46197
-0.34941 -0.00696 0.05440
-0.30853 -0.49432 -0.43988
0.09212 0.46442 0.17337
-0.38909 -0.56311 -0.47124
0.34805 0.46442 -0.44790
-0.24635 0.37827 -0.49112
0.31726 0.48492 0.04031
0.12919 -0.24722 0.47214
0.38811 -0.00696 -0.13253
0.06846 0.48492 0.43892
-0.12121 -0.01369 -0.49112
0.38972 -0.24808 0.32448
0.18607 0.03786 -0.49112
-0.26932 -0.29087 0.47214
-0.40958 -0.44409 0.36226
0.38972 -0.33877 0.19509
-0.40958 -0.19019 0.04622
0.14035 0.48492 0.34806
0.14922 -0.00696 0.31096
-0.37089 -0.00696 -0.35718
-0.33785 -0.49194 -0.37063
-0.37298 -0.11880 -0.49112
0.36339 -0.00696 -0.41646
0.23611 -0.11245 0.47214
-0.20802 0.36151 0.45165
-0.11848 0.46442 -0.18317
-0.00568 -0.00696 0.22750
0.38972 -0.23398 0.07759
0.38972 -0.48075 -0.48730
0.35053 -0.69824 0.47214
0.21741 -0.47835 -0.44282
-0.40958 -0.10206 0.23084
0.38972 -0.52632 0.44255
-0.32899 0.48492 -0.42445
0.19945 0.43314 0.47214
-0.38255 -0.00696 -0.08425
-0.37207 -0.52958 -0.39699
-0.31365 0.43723 0.47214
0.09738 -0.00696 0.07342
0.38972 -0.45681 0.07352
0.20034 0.48492 -0.44816
-0.08553 -0.00696 0.05613
0.38972 -0.41265 -0.22827
0.37657 -0.00696 0.08915
0.22422 -0.00696 -0.03578
-0.11151 -0.38279 0.47214
0.28639 0.48492 0.17929
-0.14864 0.48492 -0.43979
0.35812 0.14862 0.45165
-0.40958 -0.44544 -0.00970
0.14258 0.29776 0.47214
0.27290 0.48492 0.39186
0.35939 0.48492 0.45260
0.35020 -0.23713 0.47214
0.20860 -0.35807 0.47214
-0.05375 0.48492 0.17601
0.03598 -0.47835 -0.44762
-0.20528 0.07425 -0.49112
0.38972 -0.46381 -0.34118
-0.02994 0.14765 0.47214
0.38759 0.32462 0.47214
0.04148 -0.52958 0.46747
-0.16076 -0.00696 0.26073
-0.12749 0.33330 -0.47063
-0.05365 0.48492 -0.23000
0.15792 0.16436 -0.49112
0.22516 0.18273 0.47214
0.16705 -0.00696 -0.40699
0.38972 -0.29806 -0.35314
-0.19546 -0.00696 -0.17570
-0.35565 -0.00696 0.27350
0.34968 -0.55061 -0.43988
-0.11489 -0.52257 0.42091
0.33633 -0.00696 0.22632
-0.20047 0.48492 0.12993
0.34074 -0.45613 0.47214
0.07547 -0.00696 -0.08542
-0.14754 -0.43396 -0.49112
-0.34293 -0.47835 -0.06799
0.33966 -0.47835 -0.13636
-0.01828 -0.09260 0.47214
0.25539 0.04408 0.47214
0.32717 -0.00111 -0.47063
0.25106 0.12675 -0.47063
-0.38909 -0.50127 0.42628
-0.00920 -0.03721 -0.49112
-0.02071 -0.47835 0.42857
-0.40958 -0.29969 -0.10314
0.38972 -0.77874 0.43062
0.20760 -0.00696 0.14197
0.36139 -0.36850 -0.49112
0.38972 -0.52151 0.29742
-0.40958 -0.27471 0.21435
0.06574 0.38388 -0.49112
0.32431 0.46442 -0.08167
-0.40958 -0.37946 -0.29598
-0.05731 -0.14897 0.47214
0.19193 0.46442 -0.29902
0.23816 0.36088 0.47214
0.33848 -0.52525 -0.18036
-0.40958 -0.35726 0.10036
0.27763 0.48492 -0.15950
0.38972 -0.42349 -0.31677
-0.33281 0.10767 -0.49112
0.38972 -0.15302 -0.26297
0.01072 -0.19785 -0.49112
0.04882 0.20806 -0.47063
-0.40958 -0.41508 -0.40549
0.33860 -0.47835 -0.04373
-0.33785 -0.50470 0.09642
-0.14627 0.46442 -0.00397
-0.32650 0.46442 -0.05306
0.33848 -0.61903 -0.45702
-0.10107 -0.28015 0.47214
-0.24720 0.47510 0.48239
0.38972 -0.40278 0.34226
-0.07781 0.21230 0.47214
-0.04311 0.48492 0.32458
-0.23710 -0.46272 -0.49112
0.38972 -0.10578 -0.40566
-0.09899 -0.00587 0.47214
-0.40958 -0.18517 -0.23823
-0.24474 0.46442 -0.34183
0.07630 -0.00696 -0.22967
-0.24124 -0.51250 0.47214
0.21669 -0.00696 0.31992
-0.21640 0.48492 -0.00759
-0.38291 0.43341 -0.47063
0.20396 0.46442 -0.03538
-0.33647 0.04908 0.47214
0.39997 0.46704 0.40346
0.35836 -0.72310 -0.43988
0.12937 -0.00696 0.44604
-0.17581 -0.09634 -0.49112
0.22302 0.48492 0.08644
0.01037 0.31023 -0.49112
-0.40958 -0.10852 0.31383
-0.28815 0.32704 0.45165
-0.19977 0.02902 0.47214
-0.38578 0.41697 0.47214
-0.05726 0.39803 -0.49112
-0.29274 -0.20218 -0.49112
0.34453 0.46442 0.28902
-0.38161 -0.30005 -0.49112
-0.19071 -0.12392 0.47214
-0.28143 0.31980 -0.47063
-0.24846 -0.31901 -0.49112
0.08831 -0.44374 0.47214
-0.04516 0.48492 0.40442
-0.25189 -0.11977 0.47214
0.38972 -0.37052 0.42035
-0.09233 -0.00696 0.22065
0.16213 0.48492 -0.21613
-0.11168 0.46442 0.23952
0.34571 -0.00696 0.02953
0.01532 0.48492 -0.17821
0.35286 -0.58374 0.42091
0.38972 -0.07439 0.17332
0.38972 -0.49535 0.36514
-0.22002 -0.14931 -0.49112
0.38972 -0.21464 0.01138
0.19986 -0.30665 -0.49112
0.36025 0.20061 -0.47063
-0.01055 -0.11942 -0.49112
-0.24392 0.19511 0.45165
-0.40958 -0.25378 -0.35908
-0.07981 -0.00696 -0.32014
0.29306 0.48492 -0.33961
-0.40958 -0.02992 0.12488
0.22767 0.46442 0.28658
-0.00836 0.24556 0.47214
-0.36803 -0.63874 -0.43988
-0.40958 -0.41854 -0.47661
0.02584 0.48164 0.48239
0.38972 -0.12568 0.41116
-0.38909 -0.00728 -0.42323
0.19502 0.00916 0.47214
-0.17955 0.46442 0.36983
-0.23418 -0.00696 0.20710
0.14375 0.22365 -0.49112
0.18191 0.40892 -0.49112
0.33848 -0.49848 -0.24205
0.13347 0.46442 -0.24240
-0.03097 -0.49000 -0.43988
0.35925 -0.05206 0.47214
-0.34592 0.46442 0.07676
-0.12699 0.31034 0.47214
0.32735 -0.14636 0.47214
0.18497 -0.47835 0.45062
-0.16581 0.48492 -0.14087
-0.40958 -0.06358 0.39491
0.14946 -0.10612 -0.49112
-0.13308 0.48492 0.22956
0.22666 -0.00696 -0.15496
-0.35737 -0.72685 0.47214
-0.21623 -0.00696 -0.30538
-0.32966 0.46442 -0.17802
-0.01696 0.42801 -0.49112
-0.12267 -0.00696 -0.03015
0.14590 0.46442 0.05221
0.30988 0.39332 -0.47063
0.09609 0.20742 0.47214
0.00059 -0.01673 0.47214
0.31750 0.11771 -0.49112
0.38972 -0.41000 0.08902
-0.40958 -0.07621 -0.29153
-0.33785 -0.49457 0.28286
0.18017 -0.00696 -0.24796
0.06488 -0.24133 0.47214
-0.19300 -0.00696 -0.04499
0.03709 -0.28618 0.47214
-0.29364 -0.00696 -0.08198
-0.38909 -0.52277 0.30454
-0.30878 0.43294 -0.49112
-0.23255 -0.35299 0.47214
0.00971 -0.00696 -0.08432
0.10041 -0.02291 -0.49112
0.38972 -0.29139 -0.14075
0.23437 -0.43635 -0.49112
-0.40958 -0.26975 0.45930
0.37583 0.35000 -0.47063
0.38972 -0.04671 0.39713
-0.40958 -0.30607 0.01865
0.01202 0.30823 0.45165
-0.39933 0.47870 -0.44722
-0.32055 0.37830 0.47214
-0.13803 0.46892 -0.50137
-0.33785 -0.49711 0.46813
0.21851 0.24158 0.47214
-0.34734 -0.08815 0.47214
-0.06447 0.46442 0.01849
-0.12730 -0.00696 0.40983
0.21015 0.32759 0.47214
-0.36233 -0.47835 0.00146
-0.40958 -0.35856 -0.12143
0.38972 -0.50324 -0.42070
0.23434 0.46442 0.15498
0.15211 -0.00696 0.18008
-0.18013 -0.00696 0.33619
-0.28545 0.48492 0.08369
0.13597 0.46442 -0.34093
-0.25768 -0.00696 -0.38716
-0.40958 -0.23863 0.35438
-0.38909 -0.01605 -0.01042
0.38972 -0.23210 0.23120
-0.38909 0.00227 0.45532
-0.38909 -0.66164 0.42734
-0.08608 0.41721 0.45165
-0.38909 0.30835 -0.48177
0.14858 0.46442 0.42088
0.34481 0.48492 0.11814
-0.33428 0.46442 0.24938
-0.25352 0.48492 -0.48350
-0.23936 -0.00696 0.00160
0.37741 -0.65605 0.47214
-0.19904 0.48492 0.19118
0.18965 -0.20791 0.47214
-0.31244 0.48492 -0.32076
-0.26198 0.12556 0.47214
-0.39157 0.48492 0.29766
-0.28583 -0.00696 0.06183
-0.02485 0.48492 -0.43569
0.38779 0.46442 -0.29166
-0.31630 0.46442 0.18569
0.09488 -0.52073 0.42091
-0.38909 -0.01139 -0.21524
0.38972 -0.08451 -0.06783
0.26030 -0.00265 -0.49112
0.38109 -0.38923 0.47214
-0.03509 -0.00696 -0.18433
0.09881 0.48492 -0.00448
0.07203 0.47860 -0.50137
0.11124 0.09539 -0.47063
0.01676 0.48492 0.18437
0.27828 -0.34332 0.47214
-0.19223 0.46442 0.32697
0.29604 -0.50483 -0.49112
-0.12993 -0.52958 -0.48512
0.07070 0.48492 0.12776
-0.40958 -0.46443 0.21121
-0.33785 -0.48330 -0.24073
0.11917 -0.29607 0.47214
-0.40751 -0.13737 0.47214
0.05499 0.48492 0.30977
-0.09289 0.18040 -0.47063
0.34423 0.07348 -0.49112
0.35049 0.48492 -0.37937
-0.40958 -0.21355 -0.09393
-0.09313 0.42786 -0.49112
0.33848 -0.52190 0.44675
0.04214 0.48492 -0.29354
0.38972 -0.52795 -0.23542
-0.13794 -0.36482 -0.49112
-0.35602 -0.47835 0.16826
0.38972 -0.30666 -0.26748
-0.06109 -0.39737 0.47214
0.21871 -0.51743 0.47214
0.09649 0.12175 0.45165
0.38972 -0.17569 0.38457
-0.18506 -0.00696 -0.37944
0.32615 -0.00696 -0.34755
0.12462 -0.21908 -0.49112
0.14148 0.46442 0.19905
0.32127 0.48492 0.47701
-0.33191 0.30444 -0.47063
-0.38909 -0.50585 0.35511
-0.12729 0.27195 0.45165
-0.13962 0.22613 0.45165
0.28291 0.46442 -0.22297
0.20712 0.48492 0.44192
0.10140 0.46442 -0.37740
-0.33785 -0.72148 -0.47385
0.24345 -0.10475 -0.49112
0.37658 -0.75205 -0.49112
-0.40958 -0.21355 0.30218
0.00612 -0.35668 -0.49112
0.35913 -0.52958 0.14984
-0.36328 0.48492 -0.12633
-0.37506 0.13522 0.47214
0.38937 -0.47835 -0.11172
-0.33785 -0.51383 0.39921
-0.08432 0.48492 0.11996
0.26299 0.48492 -0.06420
-0.32951 -0.34540 -0.49112
0.20522 0.20466 -0.47063
0.38972 -0.29666 0.26475
-0.02038 0.46442 -0.06700
0.34440 -0.00183 0.47214
0.38972 -0.28576 -0.01873
-0.20996 0.01810 -0.49112
0.34674 -0.65123 -0.49112
0.07190 -0.52958 -0.44111
0.08918 -0.37195 -0.49112
0.31406 0.48492 0.25025
-0.28893 0.19762 -0.47063
-0.32442 0.48492 0.36733
0.02167 -0.00696 -0.43255
-0.35611 -0.23801 -0.49112
0.09874 -0.00696 0.33568
0.38972 -0.56436 -0.45827
-0.17136 -0.00696 0.09813
-0.40958 -0.11243 0.16536
-0.29196 -0.35419 0.47214
0.37969 -0.47835 0.00871
-0.33649 0.00910 -0.49112
-0.26062 0.46442 -0.18251
-0.08403 -0.47835 0.43441
-0.37330 -0.00696 0.18124
0.38972 -0.21233 -0.08260
0.17902 -0.00696 0.05129
0.15353 0.41472 0.47214
0.30776 0.14443 0.45165
0.22949 -0.00696 -0.33500
0.38972 -0.01615 -0.22309
0.17317 0.46442 -0.09949
-0.40958 -0.32960 0.25854
-0.20010 0.48492 -0.24801
0.35238 -0.47835 -0.29918
0.13359 -0.47835 0.45244
-0.28895 -0.00696 0.26261
0.36669 0.47458 -0.50137
0.38972 -0.22992 -0.38131
-0.11604 -0.24252 -0.49112
-0.22949 -0.49315 -0.43988
-0.18616 0.41861 0.47214
0.38972 -0.34048 -0.06837
0.23073 0.46442 -0.37270
-0.12023 0.46442 0.28263
0.33848 -0.74078 0.42219
0.26271 0.48492 0.05886
0.23474 0.44708 -0.49112
-0.40958 -0.28715 -0.44133
0.26265 -0.52518 -0.43988
-0.30213 0.46442 -0.36645
0.00951 0.06575 -0.49112
-0.03419 0.02274 0.45165
-0.33785 -0.48407 -0.31481
0.38972 -0.18023 0.12812
0.19970 -0.38846 -0.49112
0.22374 -0.44007 0.47214
-0.20710 0.13376 -0.47063
0.29359 0.48492 -0.44571
-0.09146 0.13701 0.47214
0.17914 0.48492 -0.48772
-0.33785 -0.76259 0.42296
-0.38909 -0.50969 0.24984
-0.18822 -0.50491 -0.49112
-0.40958 -0.36023 -0.36997
0.30584 -0.08831 0.47214
0.07755 0.04721 0.45165
0.39997 0.48203 0.46707
0.38972 0.00864 0.45561
-0.14809 -0.00696 -0.40588
-0.01753 0.46442 -0.29200
-0.12551 -0.17846 -0.49112
-0.08026 0.46442 -0.43187
0.37377 -0.47835 0.11784
-0.33614 -0.00696 -0.25450
-0.15356 0.46442 0.41409
0.07788 0.46442 -0.09681
-0.33785 -0.51996 -0.15949
-0.06620 -0.22348 0.47214
0.14202 0.48492 0.26696
0.38972 -0.24987 0.37717
-0.31579 -0.14988 -0.49112
0.08603 0.35021 0.45165
0.16165 -0.00696 0.24971
-0.28402 -0.00696 0.36202
0.26420 0.47834 -0.50137
-0.08486 0.10292 -0.47063
-0.10860 -0.00696 0.10283
0.38972 -0.18715 0.32490
-0.14064 0.29103 -0.49112
0.28772 -0.15184 -0.49112
-0.40958 -0.19232 -0.33518
0.38972 -0.39530 -0.38265
-0.38909 -0.49766 -0.20862
-0.40958 -0.21293 0.20330
-0.38941 0.46442 -0.33999
0.26824 0.43346 0.45165
-0.40958 -0.14885 0.08810
-0.40898 -0.24367 -0.49112
-0.40958 -0.12145 -0.14975
0.23958 0.46442 0.40808
-0.15865 -0.25893 0.47214
-0.33785 -0.59538 0.46532
0.03509 -0.00696 0.11630
0.19025 -0.23312 -0.49112
0.34223 -0.11682 -0.49112
0.18846 0.48492 0.19323
0.10974 -0.00696 -0.35845
-0.37990 -0.47835 -0.39888
-0.31120 -0.02691 -0.49112
-0.03272 -0.46557 -0.49112
0.32761 -0.48539 0.42091
0.39997 0.47443 -0.45117
-0.30823 0.48492 -0.23406
0.07019 0.46442 -0.24807
-0.24740 0.48492 0.26792
-0.35626 0.48492 0.02126
-0.13521 0.46442 -0.36722
-0.38909 -0.51213 0.07194
-0.21907 0.19773 -0.47063
-0.25176 0.26444 -0.49112
-0.40958 -0.37329 -0.23284
0.16632 0.48492 -0.14181
0.25475 -0.00696 0.38403
-0.19873 0.08695 0.45165
-0.25085 -0.00696 -0.13022
-0.05482 0.27965 -0.47063
-0.35812 0.48492 0.42289
0.38972 -0.52180 -0.35257
-0.40958 -0.12329 -0.45312
0.38972 -0.36850 -0.43760
-0.33462 0.28934 0.47214
-0.15937 0.13144 0.45165
-0.04086 -0.00696 -0.28330
0.38972 -0.34679 0.07561
-0.40958 -0.40898 0.12796
-0.33785 -0.52001 -0.22248
-0.40958 -0.05899 -0.33899
-0.11155 0.46442 -0.05306
0.23348 0.46442 -0.41162
-0.02652 0.35147 -0.47063
0.35256 0.46442 0.00906
-0.40958 -0.16223 -0.06173
-0.38909 0.12137 -0.47134
0.02209 0.46442 -0.41257
-0.38064 0.48492 -0.49847
0.09834 -0.18707 0.47214
0.38972 -0.01033 -0.36056
-0.20066 0.34552 -0.47063
-0.29756 -0.47835 -0.48313
-0.04508 0.46442 -0.19257
0.09018 0.42749 -0.47063
-0.38776 -0.47835 -0.09665
-0.26221 -0.26302 -0.49112
0.37669 -0.17925 0.47214
0.21343 0.07719 0.47214
0.16320 0.26264 -0.47063
0.25499 -0.00696 0.21179
-0.31104 -0.52958 -0.48706
0.22066 -0.00696 -0.44912
-0.16159 0.48492 0.09052
-0.16151 -0.47835 0.45204
0.01705 0.16030 -0.47063
0.34707 0.26045 0.47214
0.38972 -0.06453 0.34050
-0.26652 0.46442 -0.03043
0.00779 -0.48885 0.47214
0.07328 -0.00696 -0.16436
0.37176 -0.47835 0.23214
0.36899 0.48492 0.33448
-0.34610 -0.56378 -0.43988
0.15505 0.36314 -0.47063
-0.38606 -0.55971 0.42091
-0.40958 -0.12736 -0.35375
-0.04101 0.33361 0.47214
0.03768 0.46442 0.08592
0.34242 -0.52958 0.24253
-0.40958 -0.04480 0.06538
0.19353 0.48492 0.39938
-0.32419 -0.25148 0.47214
0.23157 -0.05420 0.47214
0.27900 -0.48387 0.42091
0.28628 -0.00696 -0.22687
0.38972 -0.33225 0.46368
-0.06591 -0.00696 0.29440
0.06608 0.46442 -0.00394
-0.22862 0.48492 0.37795
-0.23062 -0.00019 0.45165
0.34099 0.48492 -0.04255
0.05467 0.08229 -0.47063
-0.14915 0.48492 -0.21780
-0.38159 0.27762 0.47214
0.38972 -0.05121 -0.16190
0.38972 -0.12451 0.11746
0.23691 0.48492 -0.26738
0.21175 -0.00696 -0.09221
-0.29023 0.45503 0.45165
0.38972 -0.41569 -0.13447
-0.33785 -0.51686 0.04805
-0.26634 0.00871 -0.47063
0.38972 -0.14071 -0.14912
0.29814 -0.00696 -0.00274
0.25151 0.48492 -0.32847
0.10156 0.19690 -0.47063
0.38972 -0.51307 0.05009
-0.40958 -0.46295 0.42860
-0.15467 0.01039 0.45165
0.20521 -0.52333 -0.43988
-0.31913 0.09105 0.45165
-0.07176 0.21872 -0.49112
0.33814 0.48492 -0.13298
0.32234 0.46442 -0.26634
0.38972 -0.19199 -0.44037
0.02402 0.40392 0.45165
-0.29159 -0.00696 0.14432
0.19014 0.13641 0.45165
0.22305 -0.03447 -0.49112
0.01625 0.46442 0.40726
-0.36077 -0.52958 -0.34193
-0.20561 0.48492 -0.47234
-0.40958 -0.15815 0.33274
0.37028 -0.43094 -0.49112
0.21320 0.46442 -0.07338
-0.33785 -0.57401 -0.48755
-0.25197 0.26987 0.47214
-0.16412 -0.00696 -0.10218
0.35137 0.48492 0.25790
-0.40958 -0.36454 -0.17719
-0.15697 -0.05201 0.47214
-0.28428 0.36207 -0.47063
-0.27066 0.10338 -0.47063
-0.16442 0.25704 0.47214
0.15344 0.48492 -0.42764
0.35621 -0.23514 -0.49112
-0.37992 -0.45612 0.47214
0.38972 -0.37905 0.22801
0.05538 0.25326 -0.49112
0.19497 0.48354 0.48239
-0.40891 -0.01721 0.26301
0.35145 0.36529 0.47214
-0.27530 0.01547 0.45165
0.08129 -0.47835 -0.47705
-0.24761 -0.46543 0.47214
0.38972 -0.18048 0.21062
0.02257 -0.00696 -0.24491
0.07027 0.18126 0.45165
0.22010 0.32761 -0.47063
-0.40958 -0.26561 -0.22177
-0.30293 0.48492 0.32491
-0.33031 0.21177 0.47214
0.18957 0.08811 -0.47063
-0.40958 -0.26159 -0.05327
0.33942 0.46442 -0.34528
0.33475 -0.00696 0.15705
-0.05884 -0.00696 0.34393
0.34009 -0.47835 0.35417
0.38972 -0.15727 -0.08036
0.06490 0.48492 0.20920
0.10933 0.35031 -0.49112
-0.19934 0.48492 0.48217
0.12087 -0.00696 -0.25926
-0.13905 0.46442 0.32165
0.13164 0.23599 0.45165
-0.02141 0.43301 0.47214
0.09111 0.46442 0.31568
0.38972 -0.07805 -0.29283
0.28586 0.29999 -0.49112
-0.03891 -0.46662 0.47214
0.38972 -0.02391 -0.08540
-0.40958 -0.09392 0.05344
0.38972 -0.74421 0.46995
-0.31978 -0.00696 0.31491
0.22710 0.48492 -0.16453
-0.39395 0.46442 0.16887
-0.29382 0.48492 0.28299
0.11634 0.48492 0.40993
-0.40958 -0.38361 0.39330
0.38972 -0.13628 -0.31162
-0.23132 0.48492 0.23211
-0.30586 -0.47835 0.47034
-0.07530 0.01501 -0.49112
0.04066 -0.15123 -0.49112
0.15978 -0.00696 -0.05523
-0.35036 0.39826 -0.49112
-0.03880 -0.00696 0.02725
-0.22117 -0.25169 0.47214
0.09581 -0.00696 -0.03271
0.13879 -0.00696 0.39238
-0.24718 -0.42371 -0.49112
0.03832 0.48492 -0.14435
0.26105 0.23930 0.45165
-0.09099 0.46057 0.47214
0.25735 0.22171 -0.47063
0.38972 -0.03877 0.29231
-0.34752 -0.07153 -0.49112
-0.27943 -0.36417 -0.49112
-0.05984 -0.04156 0.47214
-0.38909 -0.70606 0.44681
0.14048 0.48492 0.00427
-0.06649 0.48492 0.06973
0.35908 -0.00696 0.41600
0.38972 -0.15974 -0.21217
0.31489 -0.00696 -0.41984
0.38972 0.18157 0.46612
-0.34527 0.46442 0.45669
0.39963 0.46442 0.35066
-0.24146 0.48492 -0.22097
0.38972 -0.43777 -0.02231
-0.40958 -0.47237 0.05475
0.30626 0.46442 0.22012
-0.05367 0.46442 0.36768
-0.15663 -0.00696 -0.21361
0.38972 -0.07227 0.22372
-0.06310 -0.00696 -0.06674
0.19907 -0.14968 0.47214
0.36073 -0.17722 -0.49112
0.38972 -0.47371 0.47147
0.09580 0.29927 0.45165
0.02058 -0.00696 0.27187
-0.20558 0.46442 -0.11537
-0.25532 0.46442 0.01768
-0.38679 -0.35076 -0.49112
-0.32471 0.46442 -0.00405
-0.27807 0.48492 -0.43377
0.38304 0.28235 0.45165
0.38934 -0.66853 -0.43988
0.33839 -0.00696 -0.28024
-0.18598 0.48492 -0.32823
0.04173 -0.00696 0.20691
-0.10260 0.48492 0.18829
-0.40958 -0.20277 0.10439
0.08778 0.48492 -0.05489
-0.33785 -0.47975 -0.46882
-0.40958 -0.39503 -0.08760
0.11060 -0.07199 -0.49112
-0.16145 0.47378 0.48239
-0.17544 0.48492 -0.04964
0.38972 -0.46342 0.17942
-0.40958 -0.10080 0.43557
-0.40958 -0.04069 -0.06852
-0.10146 0.46442 -0.31740
0.38972 -0.26745 0.43210
-0.40958 -0.08164 -0.24492
-0.02113 0.48492 0.00849
0.33369 0.46442 0.15485
0.24762 -0.00696 0.27582
0.38972 -0.48906 -0.26790
0.39997 0.47514 -0.16704
0.04393 0.42561 -0.49112
-0.33785 -0.54178 0.45784
0.33269 0.18593 -0.49112
-0.10040 0.46442 0.40427
-0.33945 -0.52958 -0.05555
0.33742 -0.47835 -0.47631
-0.06115 -0.13805 -0.49112
0.01919 0.00097 -0.49112
0.38972 -0.03096 -0.42117
-0.39106 -0.01721 0.39821
-0.04943 0.45435 0.45165
-0.36510 -0.00696 -0.17072
-0.36797 -0.52958 -0.11953
0.01016 -0.00696 0.03261
-0.40958 -0.12014 -0.02891
-0.08994 0.27243 -0.49112
0.25095 0.48492 -0.44873
0.20987 -0.00696 0.09148
0.25046 0.46442 0.34632
-0.39706 -0.37106 0.47214
0.00289 0.21827 -0.47063
-0.37051 -0.02649 -0.49112
-0.40958 -0.30602 -0.39483
0.17894 -0.27348 0.47214
-0.25721 0.44244 -0.47063
-0.04961 -0.07593 -0.49112
-0.07474 0.14178 -0.49112
-0.38950 0.48492 -0.23207
-0.27482 0.46442 -0.10475
0.18322 -0.00696 -0.35951
0.38972 -0.35881 0.37385
0.38972 -0.34224 -0.37631
0.31034 -0.00696 0.43392
0.39556 0.46442 0.12715
0.17822 -0.47835 -0.46922
-0.07147 0.48492 0.28412
-0.29106 0.14476 -0.49112
0.38972 -0.51475 -0.13732
-0.08958 0.06648 -0.49112
0.04070 0.48492 -0.22618
0.17676 0.17365 0.47214
0.15069 0.07188 -0.49112
0.30924 0.46442 0.41001
0.30230 -0.27800 0.47214
-0.13755 -0.00696 -0.27904
-0.40958 -0.06631 0.27115
0.15584 -0.52450 -0.43988
0.32765 0.09203 0.45165
0.26995 -0.00696 -0.17759
-0.36370 0.48492 -0.07488
-0.06957 -0.25826 -0.49112
0.13814 0.48492 -0.10621
0.38972 -0.28581 0.20816
-0.30000 -0.12884 0.47214
-0.05081 0.46442 0.13409
-0.15395 0.07453 -0.47063
-0.15821 0.25399 -0.47063
0.12497 0.38016 0.45165
-0.08313 -0.42846 -0.49112
0.35345 0.46442 0.41758
0.00850 -0.50825 0.42091
-0.17335 -0.16282 -0.49112
-0.12662 0.39994 0.47214
0.38972 -0.35480 -0.26153
-0.23342 -0.00696 0.04967
-0.20918 -0.00696 0.26161
-0.36337 -0.47835 0.21452
0.38972 -0.28254 0.15270
0.38972 -0.48474 -0.06907
-0.25268 0.46442 0.11382
0.26841 -0.00696 -0.05515
-0.24945 -0.52958 -0.44217
0.23617 0.00156 0.45165
-0.05770 0.44152 -0.47063
-0.17780 -0.04257 -0.49112
0.23192 0.03605 -0.49112
0.38972 -0.07462 0.03132
0.34792 -0.47835 -0.18359
0.23583 0.48492 -0.01857
0.00268 -0.00696 0.40881
-0.29709 0.48492 -0.07205
0.27486 -0.14040 0.47214
0.34346 0.44529 0.47214
0.34374 -0.00696 0.27338
-0.11756 -0.00696 0.02087
-0.25330 0.48492 0.43875
0.38972 -0.27478 0.10259
-0.09467 -0.00696 0.37527
0.30671 0.04894 -0.49112
0.37242 -0.48654 0.42091
-0.12529 -0.13070 -0.49112
-0.09011 -0.30751 -0.49112
0.23912 0.10186 -0.49112
-0.01079 -0.00696 0.12743
-0.33785 -0.64638 0.46183
0.06933 0.07990 0.47214
0.01379 0.04923 0.47214
0.31120 0.43578 -0.49112
0.05236 0.48492 0.35317
0.14013 0.48492 -0.29680
0.27338 0.35218 -0.47063
-0.34268 -0.52958 0.35650
0.33848 -0.70535 -0.47862
0.35607 0.23956 -0.47063
0.18155 0.46442 0.07866
0.38972 -0.45719 -0.22256
-0.40958 -0.04479 0.17826
0.10782 0.16639 0.47214
0.06763 0.46442 0.40107
-0.40958 -0.28506 0.09813
0.01865 -0.34552 0.47214
-0.35635 -0.52958 0.12706
-0.40958 -0.15179 -0.11416
0.18356 0.29505 0.45165
-0.21920 0.24357 0.45165
0.07931 0.48492 0.47479
-0.08527 -0.46278 0.47214
0.30511 0.46442 -0.18278
0.32379 0.46442 0.07988
-0.40958 -0.30945 0.43490
-0.40958 -0.40066 0.00310
-0.19722 -0.28539 -0.49112
0.33848 -0.50967 0.11318
0.14138 -0.17568 -0.49112
0.38972 -0.37024 -0.20928
-0.13658 -0.00696 0.20659
0.02619 0.20454 0.45165
0.38972 -0.33218 -0.48607
-0.38764 -0.65088 0.47214
0.14871 -0.38884 -0.49112
0.15482 0.46442 0.30411
0.10694 0.48492 -0.47531
0.20982 -0.52958 0.42839
0.34950 -0.52958 0.31206
0.01810 0.46715 -0.50137
-0.16353 0.29507 0.45165
0.38972 -0.03122 0.15062
-0.40958 -0.33337 0.31819
-0.13474 -0.32247 0.47214
0.31910 -0.36095 0.47214
0.37830 -0.47835 0.32878
0.11071 -0.34705 0.47214
0.33848 -0.50611 0.20341
0.10286 -0.00696 -0.44829
0.19970 -0.00696 -0.20659
-0.38361 -0.60391 -0.49112
-0.04382 0.48492 0.21209
-0.30468 0.48029 0.48239
0.21565 -0.00696 -0.29150
-0.40958 -0.12133 0.37046
0.33241 0.18954 0.47214
0.16866 0.46442 -0.05502
-0.12227 -0.47835 0.42913
0.38774 -0.00696 -0.45968
0.39776 0.46442 -0.40689
-0.25292 -0.00696 0.40629
-0.09870 0.48492 -0.00549
-0.40958 -0.15326 0.27957
-0.31619 0.48492 0.22611
-0.37901 -0.22884 0.47214
0.38972 -0.41140 0.13423
0.38257 0.38682 -0.49112
0.05051 -0.47835 0.47019
-0.06227 -0.10262 0.47214
0.30979 -0.52156 0.47214
-0.34891 -0.18049 -0.49112
-0.11874 0.48492 0.46983
-0.27076 -0.14839 -0.49112
0.27444 0.48492 0.44036
0.22134 0.15121 -0.47063
-0.05687 0.11805 0.45165
-0.24589 0.06507 -0.47063
-0.40958 -0.40516 0.22916
0.18622 -0.00696 -0.14292
-0.40085 -0.47835 0.09842
-0.03694 -0.26393 0.47214
-0.33900 0.46442 -0.23650
0.30447 0.35236 0.45165
-0.33785 -0.49653 -0.02670
0.28289 -0.00696 -0.44724
-0.40958 -0.02937 -0.37258
-0.18605 0.46442 0.44494
-0.00670 0.02653 -0.49112
-0.33059 -0.47835 0.42957
-0.24464 0.32990 0.47214
0.21165 -0.47835 -0.48776
0.06727 0.48492 -0.39205
-0.11511 0.39289 -0.47063
-0.38640 -0.47835 0.39015
0.33989 -0.52958 -0.22475
0.34240 -0.59054 -0.49112
-0.33404 0.46442 -0.09960
-0.38421 -0.00696 0.32609
0.00427 0.36277 0.47214
-0.03632 0.48492 0.10745
0.38972 -0.23009 0.27560
0.12611 -0.38872 0.47214
0.38972 -0.22339 -0.03959
0.26985 0.48492 0.25317
0.22165 -0.34533 -0.49112
0.38972 -0.14973 -0.41160
0.26854 0.08112 0.45165
0.30166 -0.00696 0.25476
-0.36869 0.46442 -0.01529
0.38972 -0.69166 0.44887
-0.40958 -0.30279 -0.26579
-0.15004 -0.00696 0.30367
0.34587 -0.00696 -0.11940
0.12438 0.33299 0.45165
0.38972 -0.13641 0.21990
0.17860 0.08314 0.45165
0.30333 0.44924 0.47214
0.13580 -0.05518 0.47214
0.06776 0.44696 0.45165
-0.38909 -0.49637 -0.34803
0.31539 -0.21019 0.47214
0.38972 -0.21811 0.14683
0.38972 -0.08086 0.42488
-0.33523 -0.00696 -0.40919
0.09111 0.46442 0.10384
0.07427 -0.44072 -0.49112
0.36645 -0.47835 -0.44519
0.33848 -0.48002 0.01977
-0.05078 -0.00696 0.20685
-0.00002 -0.13365 0.47214
0.36284 0.48492 -0.09482
-0.40958 -0.33221 0.14129
0.34903 -0.62099 0.47214
0.22976 0.27982 0.45165
-0.00024 0.46442 -0.20490
-0.28823 0.46442 0.36977
-0.18809 -0.49592 0.47214
-0.19377 -0.00696 -0.26807
-0.38909 0.08227 -0.49049
0.26216 -0.00696 0.32496
-0.32663 0.05642 -0.49112
-0.03395 -0.42216 -0.49112
-0.38389 -0.47835 0.30614
-0.37977 -0.32885 0.47214
0.04968 -0.52437 0.42091
0.38972 -0.28685 0.34395
0.10659 -0.52958 0.46169
0.08208 -0.00696 0.28439
-0.24374 -0.00696 -0.42815
-0.40958 -0.16656 -0.37212
0.38972 -0.33894 0.25580
-0.20818 0.48492 -0.43097
0.14468 0.31334 -0.47063
-0.38857 0.46442 0.10330
0.38972 -0.05945 0.11089
0.12109 -0.00696 -0.09040
-0.17198 0.37310 0.47214
-0.11591 0.02379 -0.47063
0.28024 0.10317 -0.47063
0.30408 0.25958 0.47214
-0.40958 -0.39894 -0.04479
0.07439 -0.00696 0.17896
0.38972 -0.36742 -0.10185
-0.34158 -0.47835 -0.11049
-0.37442 -0.73702 0.42091
0.38972 -0.32673 -0.00593
-0.21949 0.48492 0.09146
-0.28318 -0.23848 0.47214
-0.21261 0.46442 0.28307
-0.21828 -0.52737 -0.49112
0.22961 0.46092 0.47214
-0.19256 -0.36843 0.47214
0.14540 0.48492 0.14997
0.34583 -0.07411 -0.49112
-0.33662 -0.00696 -0.29736
-0.13439 0.19109 -0.47063
-0.16805 0.21729 -0.49112
0.16072 0.48492 0.45444
0.38972 -0.19308 -0.28082
-0.00134 -0.30774 0.47214
0.34763 -0.62443 0.42091
-0.35714 -0.75545 -0.49112
-0.10807 -0.23195 0.47214
0.31980 -0.52958 -0.46570
-0.01911 -0.52958 -0.45062
-0.10222 0.24732 0.47214
0.18145 0.46442 -0.24419
-0.40958 -0.23946 0.02446
-0.28092 0.18959 0.47214
-0.01684 -0.52958 0.45121
-0.01694 0.46442 -0.39680
0.31495 -0.24570 -0.49112
-0.16842 0.46123 -0.47063
0.33906 -0.47835 0.07656
0.04675 -0.37929 0.47214
-0.38909 -0.51428 -0.44293
0.14360 0.00889 -0.47063
0.38972 -0.25353 -0.12142
0.29325 -0.03368 -0.49112
0.35811 -0.00696 -0.31786
0.12660 -0.00696 0.21403
0.36082 -0.51706 0.47214
0.25864 -0.47109 -0.49112
-0.33922 -0.74666 -0.43988
-0.09388 -0.07457 0.47214
-0.30062 0.48492 -0.20396
0.38972 -0.18102 0.04790
0.35374 -0.00696 0.32017
0.29185 0.46442 0.36027
0.38696 0.48492 0.04088
-0.35716 0.24006 -0.49112
0.05381 -0.20071 0.47214
-0.40958 -0.17025 -0.19887
0.38972 -0.03808 0.06410
-0.10193 0.35480 -0.49112
-0.40958 -0.04071 0.43016
-0.36054 -0.00696 -0.12003
-0.40958 -0.33747 -0.29683
-0.20581 -0.08484 0.47214
0.38972 -0.24557 -0.24407
-0.37762 -0.55277 0.47214
-0.27155 0.37189 0.47214
0.02649 0.48492 0.28580
-0.23167 0.04155 0.45165
-0.08111 -0.00696 -0.02620
0.34904 -0.52958 -0.34740
-0.34872 -0.52958 0.26294
-0.16931 0.36387 -0.49112
-0.01364 -0.00696 0.18658
-0.13733 -0.05244 -0.49112
0.03227 -0.03356 -0.49112
0.23404 -0.30976 0.47214
-0.30031 -0.00696 -0.22169
0.00263 -0.00696 -0.20174
-0.34101 -0.64002 0.42091
0.20617 0.38216 -0.47063
-0.38461 0.46442 -0.29364
0.37801 -0.52958 0.01388
0.35940 0.04290 0.47214
-0.08723 -0.18778 0.47214
0.37374 -0.47835 -0.39277
0.38972 -0.48675 0.27720
-0.25530 -0.47835 -0.45983
0.05193 0.48492 -0.04127
0.34925 -0.67814 -0.43988
-0.15557 -0.14546 0.47214
-0.31487 0.48492 -0.27962
-0.40958 -0.27960 0.35043
0.38972 -0.45438 0.36124
-0.39549 0.46442 -0.11099
-0.34926 -0.47835 0.05354
-0.22139 -0.00696 -0.36019
-0.29354 0.28977 0.47214
0.38193 0.11660 0.45165
0.30261 0.46442 -0.13299
0.14868 -0.20925 0.47214
-0.07215 0.48492 -0.15443
0.12816 -0.00696 -0.21898
-0.30074 0.46442 0.04809
-0.13077 -0.32099 -0.49112
-0.35403 0.48492 -0.34074
-0.10072 0.48492 -0.49680
-0.02727 0.48492 -0.32586
-0.40958 -0.23236 -0.26097
0.11149 0.48492 0.05759
0.03728 -0.00696 0.15694
0.34512 -0.47835 -0.34226
0.03787 -0.00041 0.47214
0.22019 0.40485 0.45165
-0.35016 -0.47835 0.40509
0.00304 -0.00696 -0.28842
-0.31455 0.01126 0.45165
-0.18364 -0.00696 -0.47051
-0.37423 -0.47835 0.13455
-0.39933 0.47398 0.33871
0.22547 0.48492 -0.48702
-0.13053 0.46442 0.10653
-0.17015 -0.47835 -0.45610
0.38972 -0.16357 0.42533
-0.06874 -0.00471 0.45165
-0.40958 -0.42935 0.32462
-0.27525 -0.08038 0.47214
-0.09454 -0.00696 -0.36296
-0.08819 0.46442 -0.08602
0.25970 -0.37918 0.47214
0.38592 -0.00696 0.03171
0.10063 0.48492 -0.26461
0.04727 0.11822 -0.49112
0.01305 0.46442 -0.10243
-0.09449 0.46442 -0.24699
-0.01630 0.27915 0.45165
-0.02202 0.08300 -0.47063
-0.32092 0.46442 0.13901
-0.30895 0.38605 -0.49112
-0.29700 -0.24320 -0.49112
0.11592 0.48492 0.22202
0.15472 -0.00696 0.35057
-0.40958 -0.26496 -0.13621
0.22010 -0.00696 0.19232
-0.25855 -0.00696 0.09103
-0.37131 -0.12064 0.47214
0.06726 0.13965 0.47214
-0.38909 -0.01568 0.22759
-0.29767 -0.52958 0.46690
0.38972 -0.12563 -0.37106
-0.26775 0.48492 -0.14643
-0.35875 0.10305 0.47214
0.17032 -0.00696 0.42970
-0.36435 0.46442 0.27132
0.34285 -0.52958 -0.26638
0.19057 -0.41816 0.47214
-0.06159 -0.00696 -0.10644
0.31808 0.48492 -0.41452
-0.10852 -0.00696 -0.40283
0.38972 -0.50133 0.17653
0.09182 0.11472 -0.49112
-0.24982 0.46442 0.18129
0.38972 -0.38508 -0.30723
0.26944 0.48492 0.01989
-0.16335 0.46442 0.05674
0.18928 0.48492 0.28101
0.35328 -0.52958 0.41008
-0.27336 0.46442 -0.39341
-0.16571 0.08633 0.47214
0.38972 -0.04865 -0.26664
-0.38909 -0.48720 -0.04798
-0.34702 -0.44519 -0.49112
0.30730 -0.51967 0.42091
-0.34673 -0.55991 0.42091
-0.02011 0.20809 0.47214
-0.06284 0.38557 0.45165
0.34416 0.03717 -0.49112
0.08843 -0.40451 0.47214
-0.28982 -0.52958 -0.45406
-0.33785 -0.60164 -0.44601
0.24903 0.48492 0.11578
-0.10490 -0.51744 -0.43988
0.33848 -0.50602 -0.44006
0.03419 0.46442 0.01883
0.01066 0.46442 -0.44997
0.33848 -0.55814 0.44678
-0.01853 -0.00696 0.27308
-0.35371 0.42603 0.45165
0.38972 -0.51131 -0.46292
0.38972 -0.18139 0.17155
0.39997 0.47528 -0.21552
-0.14633 0.48492 0.37039
-0.20758 -0.52958 0.42853
0.33848 -0.49122 -0.08055
-0.40958 -0.32963 -0.07815
-0.31412 0.02244 -0.47063
-0.33785 -0.50550 0.32387
-0.02998 0.48492 0.44002
0.10843 0.03522 0.47214
-0.00801 -0.00696 0.35766
-0.23433 -0.00696 -0.17817
-0.35340 -0.48785 -0.43988
0.01926 -0.47835 -0.48278
0.21538 -0.00696 0.03009
-0.40958 -0.15351 0.23819
-0.40958 -0.19158 -0.02711
-0.40958 -0.36829 0.35758
0.18239 -0.02758 0.47214
-0.40958 -0.06834 -0.04124
-0.37314 -0.52958 0.03805
0.38972 -0.39491 -0.49010
0.25829 0.48492 -0.20324
0.38972 -0.04337 -0.11956
-0.35824 -0.00696 -0.03186
-0.15574 0.46442 -0.17310
0.30451 0.48492 0.14010
0.37200 -0.52958 0.34861
-0.24203 -0.00696 -0.25951
0.02536 0.48492 0.44399
0.09304 -0.00696 0.37380
-0.15803 0.16994 0.45165
0.24689 -0.00696 0.07618
-0.33824 -0.69342 0.47214
0.37100 -0.02354 -0.49112
-0.38909 -0.74725 -0.47131
-0.11119 -0.00696 -0.06714
0.24930 -0.47835 0.46862
0.10513 0.25503 -0.47063
-0.07309 0.17074 0.47214
0.22061 0.06650 -0.47063
-0.33913 0.44445 -0.47063
-0.14431 0.34621 0.47214
-0.01797 0.39495 -0.47063
0.38972 -0.57665 0.42847
0.21426 0.48492 0.22151
-0.02590 0.46442 -0.48336
-0.38739 -0.75060 0.47214
0.33848 -0.75260 -0.48809
-0.27302 -0.00696 -0.04983
-0.27639 0.46442 0.24092
-0.38855 -0.67091 -0.43988
-0.24407 0.33164 -0.49112
-0.23586 -0.47835 0.44032
0.38972 -0.28429 0.30589
-0.30176 -0.00696 0.09647
-0.37092 0.46442 -0.19457
0.24769 -0.00696 -0.42230
0.27436 0.37267 0.47214
-0.33848 -0.47835 -0.19417
-0.40958 -0.26282 -0.41206
-0.01233 0.46442 0.19785
0.33848 -0.75421 -0.44914
0.08802 -0.47835 0.45634
-0.39933 0.48344 -0.37590
0.33848 -0.49251 0.38942
0.38972 -0.07788 -0.00709
0.15232 -0.50050 0.42091
-0.26229 0.48492 0.30418
0.38972 -0.19522 0.09323
0.07732 -0.13868 -0.49112
0.35456 0.36230 -0.49112
0.00640 -0.50076 -0.43988
0.03255 0.34097 -0.49112
-0.39933 0.47840 0.26116
-0.24571 0.48492 -0.43600
0.14889 0.35393 0.47214
-0.00429 0.48492 -0.24467
0.38972 -0.40113 0.38005
0.06166 -0.00696 0.32826
-0.33785 -0.49889 -0.27609
-0.26206 -0.00696 0.18159
0.00029 0.48492 -0.14808
0.12916 0.46442 0.45011
-0.38699 -0.17143 0.47214
-0.24017 0.11176 -0.49112
-0.40958 -0.34134 0.03186
-0.29405 0.29085 -0.49112
0.10440 0.48492 -0.34598
-0.40958 -0.32057 -0.03296
0.31442 -0.00696 -0.09424
0.11317 -0.47884 0.42091
0.01016 0.48492 0.07061
-0.40958 -0.10057 -0.10943
-0.21335 -0.09620 -0.49112
-0.37997 -0.00696 0.12271
0.16287 -0.50709 0.47214
0.18089 0.48492 -0.18891
0.38972 -0.05140 -0.05024
-0.21231 -0.47835 -0.46486
0.02643 0.46442 0.32981
-0.03954 0.24258 0.45165
0.33848 -0.49260 0.24652
0.38972 -0.07035 -0.41764
0.04458 -0.00696 -0.06435
-0.19322 -0.00154 0.45165
-0.40958 -0.45002 -0.36234
0.38972 -0.21213 0.37635
-0.15405 0.03178 -0.47063
0.03753 -0.00696 -0.12617
0.08752 0.23739 0.45165
-0.32683 0.15528 -0.49112
0.37728 -0.09413 -0.49112
-0.02071 0.31183 -0.47063
-0.14758 0.04873 0.45165
0.36802 0.46442 -0.05780
0.27886 -0.06008 0.47214
-0.34281 -0.31069 -0.49112
-0.18902 -0.00696 -0.33784
-0.26851 -0.00696 0.22118
-0.07167 -0.00696 0.09053
-0.40958 -0.10386 0.27704
-0.33785 -0.47871 0.12754
-0.24065 -0.06716 0.47214
0.38972 -0.48149 -0.15360
-0.22447 -0.00696 -0.45975
0.29330 -0.00696 0.19974
0.38972 -0.52639 0.40470
0.26485 0.31384 0.47214
0.36299 0.46442 0.22688
0.25254 0.20974 0.47214
-0.09144 0.28843 0.47214
0.31034 0.46442 0.29910
0.27059 0.48492 -0.10033
0.09193 0.38119 0.47214
-0.18013 0.29308 -0.49112
-0.17490 -0.00696 -0.14512
0.16062 0.26627 0.45165
0.38972 -0.37619 0.30118
0.14113 -0.47670 -0.49112
0.38689 -0.00696 -0.16924
-0.24081 -0.17153 0.47214
0.12590 -0.00696 0.25812
-0.31572 0.46442 -0.46345
-0.32837 -0.34967 0.47214
0.20346 0.48492 -0.40692
0.26380 0.48492 -0.41044
0.38222 0.45649 0.45165
0.30794 -0.00696 0.05714
0.26601 -0.18131 -0.49112
0.18786 0.46442 0.32504
0.23250 0.46442 0.05754
-0.02022 0.48492 0.37769
0.28596 -0.11151 -0.49112
0.27943 -0.25388 -0.49112
-0.19589 0.27159 0.45165
0.34223 -0.08926 0.47214
0.36218 0.12553 -0.49112
-0.07873 -0.00696 0.26035
0.38972 -0.31861 0.22535
-0.33785 -0.52252 0.19466
0.31003 0.00993 0.47214
0.17471 0.46442 -0.33099
-0.02240 0.05178 0.47214
0.00788 0.12342 0.45165
-0.33407 0.34465 0.47214
-0.36579 -0.00696 0.02206
-0.40958 -0.40938 -0.23608
-0.38199 -0.47835 -0.23885
-0.08045 -0.00696 0.02025
0.38972 -0.40614 0.25205
0.34899 0.22431 0.47214
0.33819 -0.00696 -0.00586
-0.27337 0.48492 -0.35009
-0.20199 -0.15826 0.47214
0.26747 0.46442 -0.36992
0.35601 0.16130 -0.47063
-0.02262 0.48492 -0.10821
-0.09417 0.45748 -0.47063
0.29829 -0.51963 -0.43988
-0.38909 -0.52706 -0.08658
0.27618 -0.52958 -0.47414
-0.40958 -0.22254 -0.31564
0.02063 0.27331 0.45165
-0.33702 0.48492 -0.15091
-0.29140 0.39376 0.45165
-0.14524 -0.37038 0.47214
0.14178 0.28288 -0.49112
0.07458 0.22054 -0.47063
0.12629 0.48492 -0.39311
-0.00444 0.45705 0.45165
0.36381 -0.47835 0.05065
0.24913 0.33222 -0.49112
0.38066 -0.52958 0.26371
0.22285 0.46442 -0.33495
0.07429 0.48492 0.26661
0.07197 0.30283 -0.49112
0.05374 0.18266 -0.49112
0.36733 -0.52958 0.08035
0.03612 0.48492 -0.35169
-0.20056 0.46442 -0.35363
-0.23762 -0.00696 0.34624
-0.11996 -0.49581 -0.49112
0.20783 0.10590 0.45165
0.38972 -0.11096 0.37862
-0.39462 -0.02874 0.47214
-0.33785 -0.50681 0.15665
0.31378 0.46442 -0.30837
-0.16869 0.48492 0.15824
-0.35554 -0.27571 -0.49112
0.24789 0.18206 -0.49112
0.01517 -0.00696 -0.37622
0.15896 -0.48623 -0.43988
-0.32366 0.11984 0.47214
-0.40958 -0.35371 0.28477
0.00684 -0.25985 0.47214
0.17288 -0.14147 -0.49112
-0.34841 0.19997 -0.49112
0.21764 0.24205 -0.47063
-0.04129 0.01819 -0.49112
0.04589 -0.51953 -0.49112
0.16521 -0.39321 0.47214
-0.22198 0.42579 -0.47063
-0.12660 -0.00696 0.27695
0.32022 0.46442 -0.37610
0.38972 -0.52462 -0.28157
-0.33759 -0.00696 -0.36948
0.09145 -0.03292 0.47214
0.38972 -0.14731 0.36335
-0.40958 -0.26374 0.18066
0.29435 0.17000 0.47214
-0.36213 -0.65625 -0.49112
-0.33470 -0.13853 0.47214
0.05394 -0.36930 -0.49112
-0.07478 0.48492 0.24893
-0.37838 0.34070 -0.49112
0.32123 0.48492 0.19555
-0.32259 0.46442 0.28320
-0.14654 0.48492 0.29427
-0.40958 -0.07041 0.35280
-0.35955 0.48492 0.16548
-0.40958 -0.05570 0.09893
0.01489 0.46442 -0.06666
-0.40958 -0.02878 0.01875
0.36521 -0.47835 -0.23651
0.35323 0.48492 -0.41726
0.38635 -0.57664 -0.49112
-0.30348 -0.38749 0.47214
-0.16243 -0.00696 0.41196
-0.00007 -0.07120 -0.49112
0.17545 -0.52950 0.42091
-0.38387 -0.43762 -0.49112
-0.40958 -0.10768 -0.27590
0.28130 0.46442 0.27932
0.05873 -0.00696 -0.19924
0.32015 0.08875 -0.47063
0.08612 -0.30779 0.47214
0.09155 -0.26404 0.47214
-0.16887 0.33080 -0.47063
-0.28602 -0.00696 0.29972
0.27546 -0.49160 -0.43988
0.38972 -0.24718 0.02427
0.32185 0.48492 -0.23801
-0.26684 0.16500 0.45165
-0.21070 -0.43980 -0.49112
0.05079 -0.00696 -0.41403
-0.08416 0.48492 0.03879
-0.36695 0.46442 -0.47243
-0.29958 0.48492 -0.01699
-0.18756 0.46442 -0.20141
0.38972 0.10756 -0.47942
0.12800 0.09882 0.47214
0.04138 0.04316 0.45165
0.33848 -0.48608 0.45437
-0.08137 -0.36524 0.47214
-0.10047 0.46442 -0.36471
-0.40958 -0.37082 0.43779
-0.09054 0.46442 0.21367
-0.18411 0.48492 0.40845
0.38972 -0.44078 0.46032
-0.00442 0.46442 -0.03189
0.18279 0.48492 0.00002
0.09636 -0.00696 -0.13842
-0.09457 -0.52420 -0.49112
0.23776 -0.00696 0.11215
-0.40958 -0.19022 -0.27255
0.13422 0.46442 -0.20775
-0.35049 -0.52958 -0.19167
0.21395 -0.00104 -0.49112
0.14599 0.48492 -0.47763
-0.08827 0.46442 0.36932
-0.23230 0.48492 -0.10730
0.12543 0.43496 0.47214
0.30814 0.24455 -0.49112
-0.16466 -0.00696 0.13209
0.36953 -0.00696 -0.25741
0.06268 -0.00696 0.09549
-0.09403 0.46442 -0.40017
0.28047 -0.00696 0.40710
-0.34836 0.48492 -0.03424
0.38972 -0.07681 0.45918
-0.15390 0.39419 0.45165
-0.40958 -0.47812 0.35649
-0.35705 0.29273 -0.49112
-0.29157 0.09405 0.47214
0.03342 0.27983 -0.49112
-0.30844 -0.38276 -0.49112
0.38972 0.18663 -0.48166
0.33212 0.46442 -0.47841
0.38972 -0.12403 -0.07157
-0.02314 0.36596 0.45165
-0.40958 -0.42616 -0.32088
0.12789 -0.00696 -0.31429
0.34021 -0.47835 0.12984
-0.25556 -0.00696 -0.32244
0.20557 0.11086 -0.49112
-0.22628 -0.36280 -0.49112
-0.14600 -0.21310 0.47214
0.38698 0.22208 -0.47063
-0.40958 -0.27500 0.00420
-0.40958 -0.14282 0.18115
-0.34575 -0.45837 0.47214
0.35147 0.46442 0.38341
-0.40958 -0.08267 0.14845
0.18892 -0.33015 0.47214
0.35709 -0.00696 -0.21906
0.23642 -0.40415 0.47214
0.26816 -0.31017 0.47214
-0.31592 0.48492 -0.39293
0.34653 0.48492 -0.27887
-0.05332 -0.00696 -0.15553
-0.29371 -0.33325 -0.49112
0.16698 -0.17586 0.47214
0.16713 0.32487 0.45165
-0.15781 -0.01511 -0.49112
0.38294 0.48492 -0.13399
-0.17138 -0.48758 0.42091
-0.10546 0.21475 -0.49112
0.11772 0.48492 0.32050
0.36512 0.19992 0.45165
-0.17614 0.09159 -0.49112
-0.39886 0.48492 -0.00080
0.03034 -0.00696 0.08274
0.18031 0.20136 0.45165
-0.10510 0.48492 0.09324
-0.35316 0.48492 0.23019
0.20336 0.46442 -0.47597
-0.25747 0.46442 -0.24560
0.37062 0.47353 0.48239
0.37206 0.35731 0.45165
-0.26891 -0.45132 -0.49112
-0.10016 -0.11671 0.47214
0.06360 0.48492 0.17544
-0.40958 -0.33802 -0.46156
-0.18353 0.48492 0.03908
0.38972 -0.25709 -0.32214
0.38215 -0.53477 -0.43988
0.03371 -0.13425 0.47214
0.31795 -0.02273 0.47214
0.16957 -0.13336 0.47214
0.38301 -0.47835 -0.03667
-0.15599 0.46442 -0.24363
0.12444 -0.52958 -0.45091
0.38972 -0.26311 0.26759
-0.39008 0.46442 -0.40605
0.13576 0.14949 -0.47063
0.04803 0.12115 0.45165
0.36960 -0.62654 -0.49112
-0.25137 0.29112 -0.47063
0.14146 0.16686 0.47214
0.04375 -0.00696 -0.46958
-0.37453 -0.00696 0.07671
0.20626 -0.00696 0.42727
0.03949 -0.00696 0.24041
0.08044 -0.52849 -0.49112
-0.21014 -0.28334 0.47214
-0.06121 -0.52958 0.44164
0.24075 0.14305 0.45165
0.03008 0.23777 0.45165
-0.06665 -0.01731 -0.49112
0.03691 0.46442 0.37802
-0.16684 0.48492 0.20009
-0.27912 0.24030 -0.47063
-0.23123 0.48492 0.31646
-0.38909 0.23262 0.46050
-0.40958 -0.15760 0.05348
-0.10645 -0.00696 -0.29121
-0.33785 -0.50784 -0.43139
-0.37610 -0.47835 -0.47836
-0.33785 -0.51667 0.43590
0.11935 0.19004 0.45165
0.35792 -0.71371 0.42091
0.26760 0.40716 0.47214
0.38972 -0.11907 -0.28308
-0.40958 -0.45429 -0.43798
-0.34993 -0.47835 0.25639
-0.40958 -0.47441 0.17941
0.38972 -0.07953 -0.17946
-0.21627 -0.47835 0.46958
-0.40958 -0.43141 0.20684
-0.28959 0.48492 -0.17254
-0.30418 0.20938 0.45165
-0.23008 0.11648 0.45165
0.37694 -0.78531 -0.49112
-0.33510 0.46442 0.34341
0.00615 -0.07006 0.47214
-0.24050 -0.00696 0.27274
0.04521 0.30833 0.45165
-0.21917 0.48492 -0.32803
-0.37522 -0.47835 -0.28991
-0.40958 -0.21732 -0.40019
-0.05731 -0.43904 0.47214
0.38972 -0.47405 -0.30965
0.14144 0.10899 -0.47063
0.15188 0.48492 0.07751
0.14496 0.48492 0.39331
-0.33195 0.26344 -0.49112
0.25625 -0.00696 -0.31444
-0.25298 -0.00696 -0.09448
-0.30245 -0.16183 0.47214
-0.21693 0.46442 0.46310
-0.14037 0.46442 -0.06923
-0.11487 -0.00696 -0.24340
-0.18468 -0.40048 0.47214
0.28913 0.16668 -0.47063
0.15987 0.46442 0.24098
0.38972 -0.44843 0.32091
0.33848 -0.47927 -0.26878
-0.13219 0.22398 -0.47063
-0.12747 -0.00696 -0.32574
-0.24367 0.41181 -0.49112
-0.40958 -0.18080 0.21974
0.17809 0.46442 -0.41158
-0.11585 -0.42464 -0.49112
-0.29265 0.48492 -0.49003
0.37999 -0.25110 0.47214
-0.03383 -0.00696 0.30671
0.29439 0.46442 -0.04124
0.02888 0.37020 0.45165
0.09325 0.48492 -0.23259
0.05017 0.46442 0.14317
-0.40958 -0.25303 -0.44611
-0.40958 -0.23751 -0.20484
0.39460 0.46442 -0.48744
-0.11179 0.46442 -0.44093
-0.36291 0.20840 0.47214
-0.32576 -0.00696 -0.46207
0.31626 0.23713 0.45165
0.38972 -0.54276 -0.48288
-0.25166 0.35587 0.45165
0.26241 -0.07403 -0.49112
0.09951 -0.00696 0.43265
-0.23760 0.24193 -0.47063
-0.11284 0.48492 0.31113
0.24561 -0.34178 0.47214
-0.24303 -0.23655 -0.49112
-0.40958 -0.40092 0.35878
0.12514 0.06585 -0.47063
0.14284 0.41272 -0.47063
0.38972 -0.01118 0.26850
-0.03990 0.48492 0.04387
-0.30357 -0.00696 -0.40134
-0.23178 0.46186 -0.49112
0.27487 0.13194 0.45165
0.06550 0.33095 0.47214
0.16903 0.22535 -0.47063
0.20825 0.16349 0.45165
-0.19189 0.22577 -0.47063
0.36048 -0.36405 0.47214
0.38972 -0.25389 -0.02525
-0.24017 0.16314 -0.47063
-0.27981 0.48492 0.45911
0.19529 -0.00696 0.34441
0.28051 0.46442 0.07676
0.38972 -0.19480 0.24732
0.26332 -0.00696 0.43595
0.38972 -0.17504 0.01595
-0.24982 0.46442 0.14883
0.38972 -0.16282 -0.33026
0.38972 -0.45457 0.04117
-0.32511 -0.09493 -0.49112
-0.07806 0.24066 0.45165
0.17902 0.03730 0.47214
-0.40669 -0.01721 0.16157
-0.03159 -0.20448 0.47214
-0.39677 -0.01721 -0.11142
0.16803 -0.00696 -0.20007
0.34024 -0.41898 -0.49112
-0.38196 -0.38273 -0.49112
0.14520 0.48492 -0.16626
0.31901 0.37266 0.47214
0.10688 0.46442 -0.08258
0.38972 -0.33639 -0.22828
-0.38187 -0.00696 -0.45470
-0.40958 -0.23631 -0.12133
0.35957 0.48492 -0.47002
-0.40566 -0.01721 0.19455
-0.05972 -0.00696 0.38208
-0.14361 -0.00696 0.08166
-0.38909 -0.52740 0.14507
0.33848 -0.74541 0.45411
-0.05648 0.36340 -0.47063
0.08526 0.46442 -0.03013
0.38972 -0.50071 0.24684
0.16055 0.01448 0.45165
0.03969 0.05452 -0.49112
0.38972 -0.01453 0.39652
-0.40958 -0.03208 -0.29398
0.26849 -0.10889 0.47214
-0.15988 0.48492 0.33502
0.17958 0.48492 0.22601
0.38972 -0.18116 -0.40490
-0.01233 0.05237 -0.47063
-0.34180 -0.51103 -0.49112
-0.19029 -0.24294 0.47214
0.38972 -0.37139 0.09623
0.11143 0.41361 -0.49112
-0.40958 -0.17277 0.11578
0.23733 -0.00696 -0.20600
0.38543 -0.59890 -0.43988
0.19944 0.46442 -0.21622
-0.38909 -0.48125 -0.01596
-0.17378 0.46442 -0.07423
-0.04794 -0.29401 0.47214
0.35222 0.09289 0.47214
0.38972 -0.40526 0.05737
0.12180 0.46442 0.14339
0.38972 -0.24986 -0.17566
-0.40958 -0.31436 0.11083
0.11661 0.46442 0.01232
-0.09747 0.17272 0.45165
0.36346 0.48492 -0.34087
-0.20179 -0.00696 0.08859
-0.20115 -0.00696 0.17421
0.26405 0.02902 -0.49112
0.08638 0.01595 -0.47063
0.35312 -0.47835 0.19787
0.19062 0.25695 0.47214
0.37143 0.48492 -0.00635
-0.40958 -0.17799 -0.08938
0.36634 -0.00696 0.15341
0.17019 0.46442 -0.02075
0.38972 -0.09780 0.34409
0.26222 -0.29736 -0.49112
