-0.18634 0.41336 -0.17431
0.01918 0.17531 -0.24283
-0.19990 -0.37436 0.00532
0.06554 0.58126 -0.06826
0.11756 0.51017 0.04353
0.09473 0.04186 -0.07967
-0.15857 0.08082 -0.11184
0.15620 -0.94398 -0.16586
0.04388 -0.07028 0.33069
0.15041 -0.56602 0.01832
-0.12647 -0.97690 -0.13054
0.00053 -0.13813 0.19729
0.03378 0.38672 -0.45423
0.34672 0.09943 -0.01479
0.02268 0.14365 0.19693
-0.04155 0.45480 0.07854
-0.01692 -0.16771 0.13998
-0.05406 -0.75875 0.12977
-0.36332 0.22986 -0.31324
0.26212 -0.10448 0.01909
0.09730 -0.48649 0.17042
-0.06719 0.68912 -0.29324
-0.23203 -0.02803 0.16792
0.24908 0.37814 -0.14374
-0.07139 -0.00635 0.24575
-0.21884 0.26461 0.01568
0.08022 -0.29746 -0.05461
0.15119 -0.16782 0.26146
-0.12242 -0.59840 -0.00978
0.15862 0.25513 -0.01601
-0.09809 -0.17803 -0.06347
-0.04088 -0.81129 -0.01214
0.17871 -0.00648 0.21024
-0.13688 -0.39943 0.17988
0.32056 -0.04429 0.12662
0.07953 -0.96319 0.07915
-0.16539 -0.23600 0.30293
-0.16613 0.27568 -0.36892
0.03521 0.44345 -0.24315
0.04615 0.73330 -0.22495
0.03031 -0.30945 0.22391
-0.07551 0.48267 0.07722
-0.22927 0.37940 -0.02036
0.24576 -0.36184 0.08235
-0.28268 0.30455 -0.12413
-0.24354 -0.17617 0.06997
0.12092 -0.77482 0.01006
0.19396 0.09336 0.11624
-0.02937 -0.49805 0.01899
0.07096 0.46568 0.09603
0.17401 -0.15666 0.15910
0.20601 0.65546 -0.17545
0.21139 0.43882 -0.16537
-0.24890 0.36250 -0.40062
-0.12077 -0.19873 0.31967
-0.03894 -0.16129 -0.05014
-0.13683 0.60425 -0.14770
0.31918 0.17406 -0.05677
-0.10805 -0.20508 0.19729
-0.17414 0.11539 0.12533
-0.20720 0.29762 -0.22882
-0.13056 0.14258 -0.10609
0.04408 0.27461 0.11796
-0.05736 0.04695 0.22763
-0.18292 -0.06657 0.14281
0.09995 -0.08627 0.24567
0.10076 0.07937 0.23063
0.13973 0.13126 -0.07681
-0.02431 -0.27940 0.20016
-0.09413 -0.92994 0.07674
-0.03922 0.49775 -0.24732
-0.08210 -0.58024 0.15904
-0.06236 0.28274 -0.23729
-0.04689 -0.33863 -0.03132
0.07608 -0.62364 -0.01702
-0.21418 -0.38574 0.13531
0.17383 -0.08383 -0.01851
-0.13910 0.50928 -0.06929
-0.11350 0.26720 0.13930
0.01823 -0.35222 0.13239
-0.23129 0.01051 -0.00325
0.11973 0.55950 -0.10495
0.09981 0.29692 -0.19051
0.05296 -0.92497 -0.06516
0.05302 -0.65092 0.15836
-0.18470 -0.04129 0.30835
0.08099 0.12276 -0.17510
0.26467 0.20873 0.06277
-0.13989 -0.71366 0.04024
0.11893 -0.25282 0.29405
0.03233 -0.45104 -0.00927
-0.04698 0.00582 -0.08755
0.15055 0.36997 0.07951
-0.16369 -0.15740 0.25809
0.21822 0.46918 -0.02007
0.17383 -0.14100 -0.02349
0.06708 0.63523 -0.18857
0.22238 0.11369 -0.03882
-0.32732 0.34444 -0.29314
0.27545 0.31977 0.00813
-0.22638 0.23740 -0.09308
-0.04948 0.69719 -0.10570
-0.00474 -0.10984 0.22522
-0.06791 0.41909 -0.39213
0.16802 -0.28091 0.16688
0.17100 0.23604 0.12213
0.01229 -0.64098 0.05477
0.14087 -0.04215 0.31549
0.05129 -0.80748 0.12225
0.17051 -0.41892 -0.00590
-0.17859 -0.21971 -0.02616
-0.27807 0.45644 -0.10968
0.19092 0.32413 -0.09411
-0.21367 0.48021 -0.01898
-0.27976 0.21982 -0.32033
-0.06902 0.55796 -0.25929
-0.12962 -0.76626 0.03842
-0.12230 -0.91730 -0.06958
0.11105 0.50623 -0.21410
0.22839 -0.01715 0.15999
0.01529 -0.24539 0.32801
0.01545 -0.18198 0.00716
-0.10767 0.22447 -0.20261
-0.25059 0.21451 -0.00912
-0.08728 0.56514 -0.07585
0.04038 -0.76253 -0.00875
-0.09739 0.09599 -0.15268
-0.15373 -0.28782 0.24920
-0.24779 0.26544 -0.04651
-0.10936 0.14315 0.18545
0.15139 -0.94537 -0.05030
0.30081 0.29324 -0.02304
-0.02627 -0.94404 -0.03836
0.30404 -0.15859 0.10974
-0.15635 -0.05943 -0.05714
0.33283 0.01158 -0.00319
-0.19408 -0.51754 0.08069
0.15878 -0.67193 0.08646
-0.02862 -0.46060 0.14078
0.19375 0.22828 -0.13316
0.25970 0.07643 0.08799
0.06013 -0.21002 0.19729
-0.07002 0.30345 -0.46321
0.07147 0.66837 -0.12119
0.03778 -0.61184 0.14249
0.05815 0.31817 -0.24036
-0.13021 0.37450 0.06100
0.18535 -0.51997 0.07015
-0.06874 0.71952 -0.18958
-0.22992 -0.25436 0.10967
-0.18495 0.02004 0.20958
-0.18100 -0.09289 0.30946
-0.34179 0.36833 -0.21262
-0.02416 -0.68014 -0.00328
-0.21569 -0.03175 0.05459
0.00347 -0.89468 0.07176
-0.03481 0.37864 0.08037
0.04982 0.58126 -0.27995
0.01357 0.12651 -0.14836
-0.19364 0.09845 0.03880
-0.17130 0.51713 -0.15283
0.04594 -0.07202 -0.08087
-0.14810 -0.46893 -0.01078
0.20542 -0.26655 0.00896
-0.02175 -0.36087 0.00621
0.24584 0.24777 -0.02838
-0.19062 -0.18755 -0.01316
0.18080 0.05700 0.01519
0.00360 0.51983 -0.03528
0.20598 -0.42101 0.12373
-0.37068 0.23750 -0.21971
-0.20776 0.19661 0.11287
-0.11165 -0.11668 0.24425
-0.21511 0.04430 -0.02910
-0.17212 0.34329 -0.29471
-0.06793 -0.60673 -0.01251
0.17191 0.11920 -0.00992
-0.04421 0.39171 -0.20451
0.03186 0.04020 0.29989
0.08943 0.24270 -0.18819
-0.03210 -0.20351 0.19729
-0.09504 0.37913 0.13844
-0.00456 0.00372 0.19918
0.04449 -0.81894 -0.01777
0.04173 -0.93020 0.11250
-0.20638 0.54160 -0.21682
-0.17307 0.33561 -0.12834
-0.12967 0.61819 -0.25687
-0.08894 0.49633 -0.15027
0.10786 -0.67110 -0.03204
0.21518 0.21605 0.09162
0.24302 -0.23107 0.07877
0.12705 -0.92337 -0.00999
-0.01041 -0.50385 0.11213
-0.00202 0.42950 -0.38095
0.09919 -0.76348 0.10515
-0.22625 0.39017 -0.26106
-0.12938 0.38010 -0.43489
0.10316 -0.37007 0.18386
0.00494 0.24994 0.15833
0.21622 -0.09784 0.09789
0.05880 0.26891 -0.23636
0.00211 -0.26059 0.08390
-0.17873 0.33279 0.08391
0.14081 0.37358 -0.20056
-0.05638 -0.02938 0.30925
0.01699 0.01108 -0.12344
-0.04905 -0.12882 0.33060
0.18695 -0.19928 0.21166
0.06846 0.37999 0.11464
0.11077 0.14138 0.15063
0.16152 0.13580 -0.14577
-0.11382 0.36260 -0.19065
0.12431 0.49399 -0.13444
0.22139 0.01466 -0.00966
-0.06711 0.62284 -0.17215
-0.22953 -0.32564 0.04228
-0.08081 -0.86254 0.09411
0.09025 -0.10184 -0.06487
0.17119 -0.30242 -0.01750
-0.04042 0.31608 0.13305
0.08455 -0.03441 0.20705
0.34511 0.05036 0.08719
-0.18994 0.37119 -0.24255
-0.06204 -0.41074 0.17086
0.11624 0.53867 -0.03475
0.01255 0.57758 -0.11955
-0.15695 -0.66170 0.02489
-0.11939 -0.68616 0.13519
0.17308 0.17623 -0.04100
0.13287 0.62601 -0.25343
-0.10277 0.03825 -0.07585
-0.15888 -0.64127 0.11332
-0.19043 -0.09806 0.20677
-0.10917 0.48649 -0.20120
-0.23899 0.13413 -0.02773
0.11592 -0.39850 -0.04541
-0.18541 0.04028 0.13766
0.20228 -0.09006 0.24193
-0.35093 0.31820 -0.34652
-0.05150 -0.34100 0.16512
-0.01279 -0.56466 0.02628
0.02341 0.08435 -0.12604
-0.05388 -0.28039 0.29648
-0.11596 -0.35787 -0.05206
0.24393 0.19026 0.01023
0.30322 0.16399 0.07224
0.11641 -0.13924 0.32874
-0.10580 -0.97561 -0.03161
-0.19011 0.17333 -0.11954
-0.13924 0.05904 -0.04280
-0.16699 0.44169 0.04926
0.13337 0.34473 -0.01754
0.25873 0.07022 -0.04438
-0.16075 -0.52809 0.13461
0.32641 0.01890 0.09915
-0.04605 -0.44209 -0.03067
-0.13843 0.18861 -0.17483
-0.21175 0.25178 -0.39042
0.21964 0.14862 -0.07888
0.11929 -0.97668 -0.10221
-0.01767 -0.97306 0.03775
0.08064 -0.19274 -0.06486
0.03105 0.03647 0.20428
0.04540 0.68189 -0.30595
-0.11335 0.42960 -0.24391
0.03107 -0.70982 0.09383
-0.11015 0.51476 0.00491
-0.23247 -0.41307 0.08731
-0.25602 0.25958 -0.18746
0.10685 -0.85327 0.06020
-0.20868 0.26397 -0.28691
0.24536 -0.01089 0.07008
-0.07507 -0.05311 0.19729
-0.07812 -0.24835 -0.05723
0.15029 0.02041 0.26633
0.27130 0.28980 -0.10736
-0.29612 0.21625 -0.26349
-0.02893 -0.65379 0.14252
0.18030 0.33247 -0.12864
0.11556 0.05208 0.18043
-0.13173 0.27936 -0.17491
-0.11527 -0.85809 0.00199
-0.03890 0.20963 -0.19003
-0.19123 -0.18730 0.15283
-0.05221 0.20771 0.13696
0.00099 -0.78970 0.07717
0.18393 0.29435 0.04550
-0.03259 -0.89225 -0.02430
0.09806 0.39815 -0.22341
0.08623 -0.53850 -0.01667
0.12333 0.61970 -0.12783
-0.06321 -0.95601 -0.13610
0.19130 0.07230 -0.06576
-0.21044 -0.22754 0.25855
-0.18335 0.17200 -0.01746
-0.11104 0.35623 -0.36257
0.12057 0.15789 -0.12329
-0.26283 0.34992 -0.08865
0.08839 -0.96846 -0.00164
0.07857 0.16859 0.19248
0.27669 0.37824 -0.05989
0.26424 0.12493 -0.06521
0.17837 -0.28566 0.24106
0.08364 0.52042 -0.03403
0.16135 -0.10062 0.31289
-0.20736 0.32780 -0.15902
0.16277 -0.49799 0.13836
0.19626 0.26419 -0.01916
-0.11419 0.00910 0.29186
0.12748 -0.04246 -0.04450
-0.05362 0.36455 -0.44302
-0.08033 0.51299 -0.02490
-0.00513 -0.41777 0.06690
-0.10793 -0.26158 0.20153
0.24278 -0.19358 0.14777
0.10818 0.28388 0.15650
0.10338 0.06721 -0.13878
-0.20422 0.50177 -0.10099
0.16853 0.45144 0.03731
0.19447 0.38124 0.00969
-0.20806 -0.10981 0.01396
-0.14207 -0.92745 -0.14967
-0.04972 0.56340 -0.12464
-0.03741 0.73005 -0.26962
0.10774 0.20169 -0.16557
0.03671 -0.40884 0.15467
-0.20057 -0.03302 -0.02519
-0.22888 0.11940 0.05614
0.23196 0.48668 -0.10695
-0.38826 0.30998 -0.26075
-0.05838 -0.09270 -0.07763
0.24418 0.00096 0.03479
0.15869 -0.10123 0.16743
0.26842 0.41491 -0.05603
-0.01925 -0.26644 0.00821
0.02084 0.42230 0.09449
0.06063 0.55024 -0.14525
-0.05173 0.08211 0.18770
0.19541 0.02598 0.11455
0.20637 -0.19658 0.01404
0.15068 0.53049 -0.06430
0.11873 -0.60147 0.14962
-0.04115 0.05990 -0.15056
-0.19515 0.36142 0.03157
-0.16261 0.22282 -0.10989
0.14313 0.28300 -0.09840
-0.24193 0.03173 0.09981
0.25710 0.09588 0.03224
0.19033 -0.24454 0.29564
0.00932 0.55592 -0.28786
-0.12539 -0.41990 -0.03971
0.08119 0.45400 -0.17359
0.06107 0.06680 -0.10668
0.16956 0.22640 -0.09507
0.01121 0.47307 0.03406
0.04167 -0.39474 -0.03107
0.12867 0.04267 -0.04731
0.10606 0.37747 0.10016
0.04501 -0.17822 0.31681
-0.00043 0.28038 -0.21489
0.24119 -0.17772 0.05543
-0.12048 0.20284 0.16102
0.02658 0.16434 -0.16847
-0.17711 -0.22895 0.20913
-0.09841 -0.48449 0.17267
-0.02845 -0.23995 0.13640
0.02643 -0.33674 -0.01138
0.27531 -0.10958 0.11886
-0.04885 0.15944 0.15386
0.16485 -0.23095 -0.03183
-0.16981 0.48016 -0.20461
-0.25542 0.37514 -0.30609
-0.00266 0.34021 0.11510
-0.20140 -0.02346 0.23800
-0.21604 -0.12572 0.11155
0.05255 -0.12771 0.21763
-0.02521 -0.55902 0.12662
-0.00865 -0.30945 0.26803
0.18102 0.15570 0.09815
0.16847 -0.22779 0.16724
-0.06602 0.54635 -0.19887
-0.19568 0.26984 0.09415
0.34679 0.15883 0.02083
0.05369 0.51740 -0.24506
0.19841 -0.02361 0.27728
0.06077 -0.27759 0.17526
0.10525 0.35078 0.12586
0.17100 -0.18428 0.31280
-0.20491 0.32367 -0.04884
-0.15897 0.30707 -0.43678
-0.21613 -0.27369 0.01139
0.07535 0.70621 -0.16656
0.14612 -0.05833 0.17481
-0.09637 -0.70143 -0.02414
0.07874 0.00359 0.24479
-0.17571 0.47105 -0.15427
-0.01740 -0.21727 0.13097
0.16533 0.44804 -0.20705
-0.13544 0.53837 -0.06103
0.20977 -0.34202 0.02166
-0.03259 -0.70592 0.06358
0.04638 -0.87409 -0.03497
-0.11261 0.01422 0.18975
0.02069 -0.24298 -0.02640
0.10564 0.42070 0.05320
-0.01097 -0.17066 0.07791
-0.00362 0.64032 -0.29427
-0.15624 -0.12146 -0.05756
0.17793 -0.35953 0.15850
-0.03938 -0.02496 0.19847
0.08545 0.67588 -0.22469
0.00482 0.66252 -0.08092
0.32397 -0.09768 0.08012
-0.17266 -0.32828 0.16321
-0.02589 0.32288 -0.21099
-0.15811 -0.97637 -0.08383
-0.26026 0.09321 0.01448
0.08656 -0.23959 0.30361
0.33583 0.21805 -0.02698
0.15092 0.29623 0.11188
-0.11355 0.31793 0.09323
-0.19097 0.35254 -0.41473
0.00660 0.00937 0.32313
-0.25381 0.43393 -0.20321
0.01134 0.73653 -0.15352
0.07266 -0.71241 0.13767
-0.16744 0.17112 0.15069
0.00849 -0.85376 0.02695
0.13763 0.10805 0.15676
-0.09490 0.17718 -0.15609
-0.15596 -0.28892 -0.03107
0.21261 0.27473 -0.10530
-0.12466 0.50659 -0.12847
0.15877 0.62455 -0.20081
0.18532 -0.01542 0.01292
-0.02447 0.42378 -0.24087
0.03943 0.23530 0.16206
0.14851 0.02484 -0.08522
0.07680 -0.45723 -0.05423
0.22633 -0.29436 0.11116
-0.12239 0.40096 -0.18515
0.11403 0.19721 0.12564
0.05759 -0.17167 0.16196
0.14391 -0.63747 0.01798
0.03738 -0.69891 -0.00015
-0.08328 -0.53558 -0.01600
-0.01221 -0.63154 0.01119
-0.16535 -0.55090 0.03001
0.30573 0.25496 0.02584
0.01475 -0.49588 0.04232
0.21519 0.27246 0.01241
-0.16086 -0.12846 0.16900
-0.29414 0.35082 -0.36676
-0.30275 0.39973 -0.15555
-0.18186 -0.17359 0.30952
0.11031 -0.85326 -0.00587
-0.14442 -0.03708 0.20102
-0.26232 0.29913 -0.39353
-0.03189 0.36811 -0.48050
0.23235 -0.08921 0.17051
0.16823 -0.57567 0.10976
0.06266 0.63789 -0.24899
-0.06324 0.63272 -0.12306
0.04777 -0.87738 0.10514
-0.19475 -0.46256 0.11925
-0.34734 0.29259 -0.18565
-0.14808 0.10686 0.15149
-0.11896 -0.32774 0.18766
-0.01696 -0.73950 0.02621
0.16467 0.49564 -0.16776
0.02155 -0.06232 0.19729
-0.19672 0.09396 -0.07668
0.16983 0.50169 -0.00808
0.02738 0.35946 -0.20880
0.05877 0.62530 -0.13045
0.03077 0.54137 -0.08199
0.05737 0.51210 -0.00188
0.03777 0.09228 0.20095
0.09417 -0.93418 -0.15594
0.12154 -0.29342 -0.05576
-0.00649 0.22975 -0.26266
-0.10592 0.67291 -0.22415
0.21543 0.11451 0.03940
-0.14495 0.21760 0.11046
-0.05911 -0.12054 0.19729
-0.15282 0.01641 -0.07980
-0.17161 0.23081 -0.15389
-0.11791 -0.07552 0.32012
0.19177 -0.03611 0.12630
-0.16069 -0.15588 0.20215
-0.05577 -0.19317 0.31283
-0.07231 -0.05842 -0.07809
0.16070 0.30756 -0.17962
0.10357 0.45311 -0.24239
-0.18285 0.37696 -0.36094
-0.20413 0.43215 0.02016
-0.10813 0.39705 0.09334
0.32825 -0.03417 0.04680
-0.16514 -0.60296 0.06135
0.14414 -0.70556 0.03968
-0.01729 0.41508 -0.45496
0.23297 0.21697 -0.08124
-0.03897 0.15183 -0.16021
-0.25883 0.30532 -0.27606
-0.07896 0.33799 -0.23459
-0.18296 0.01011 0.27265
-0.00443 -0.32990 0.08736
-0.13885 -0.00964 -0.04033
-0.22061 0.03745 0.05235
0.02661 -0.22674 0.13838
-0.24280 -0.34037 0.09265
-0.02791 -0.97231 0.10658
0.27477 0.23230 -0.09058
-0.00963 -0.09760 0.33178
0.15256 0.05529 0.15551
-0.11064 0.31384 -0.40495
0.19053 -0.06489 0.21634
-0.15455 0.48612 0.03144
-0.07230 -0.30159 0.24446
-0.20355 -0.02085 0.11587
0.06079 -0.94243 -0.11658
-0.06265 0.26876 0.13955
0.11221 -0.57334 -0.01582
-0.06636 0.63585 -0.25655
-0.17936 0.16255 0.10155
0.02156 -0.74701 0.12033
-0.21311 0.20793 0.04738
-0.06331 -0.75489 -0.01707
0.15315 0.18696 -0.16173
0.23243 0.04270 0.06007
-0.23218 -0.09824 0.18499
-0.00603 0.51731 0.00183
0.21152 -0.07333 0.03696
0.05671 0.21640 -0.21321
-0.26394 0.44914 -0.06366
-0.33314 0.25550 -0.35654
0.06344 0.38306 -0.24955
-0.32644 0.32455 -0.16077
-0.20031 -0.43435 0.03101
0.05299 -0.51790 0.15469
-0.16640 0.28595 0.13041
-0.18053 0.21530 -0.06641
0.15477 -0.50785 0.00828
0.23495 0.25369 0.04613
-0.17009 0.60609 -0.19103
0.01129 0.71497 -0.10248
-0.11121 -0.13295 0.32931
-0.10118 0.43989 0.11155
-0.10343 0.60223 -0.21471
0.09271 -0.29794 0.22513
0.00429 0.05121 0.24696
-0.20910 -0.11897 0.27042
-0.03176 0.41372 0.10119
-0.04105 0.18828 -0.24569
0.06874 0.32017 0.15005
0.00896 0.44450 -0.18589
0.15762 -0.45147 0.15687
-0.02282 -0.93762 0.01227
-0.04533 0.48338 -0.19492
0.00519 -0.59390 0.07553
-0.09169 0.14982 -0.18707
-0.04788 0.03422 0.30544
0.01874 0.36928 0.11489
-0.10984 0.53562 -0.15916
0.23331 -0.39693 0.06868
-0.02742 0.60473 -0.28172
0.03415 -0.55628 0.00435
-0.15808 0.12329 -0.04792
0.23033 -0.17643 0.08796
0.03039 -0.94877 -0.01550
-0.11532 -0.82102 0.06198
-0.04408 -0.71191 0.14923
0.34775 0.12282 0.04164
0.27014 -0.07146 0.09944
-0.07477 -0.97779 0.05387
0.20612 0.14966 0.00065
0.14276 -0.12698 -0.06237
0.15551 0.64668 -0.14139
0.00121 -0.03246 -0.08081
-0.04794 -0.87856 0.10836
-0.09180 0.67482 -0.14931
-0.06552 -0.18513 0.16460
0.09078 0.58079 -0.13618
0.20413 -0.43683 0.04441
-0.02153 -0.45466 0.01847
0.23468 -0.28752 0.05520
0.05510 0.17502 0.14828
0.18595 0.28250 -0.15681
0.01051 -0.11941 -0.07481
0.09690 -0.32156 0.18631
0.10843 -0.34869 -0.05903
-0.19748 0.02483 0.03969
-0.10539 0.11194 0.21702
0.06934 -0.00768 0.30264
0.17554 -0.03012 -0.04138
-0.22074 -0.07624 0.09193
0.00140 -0.62695 0.09196
0.05277 -0.29579 0.27248
-0.32138 0.22968 -0.21156
0.09181 0.34203 -0.20551
0.19891 0.34569 -0.17840
0.00566 -0.29388 0.02872
-0.19435 0.15650 0.04130
-0.12668 -0.23124 -0.06001
-0.08576 -0.49034 -0.04381
-0.11658 0.00739 -0.09783
-0.16286 0.33941 -0.19803
0.13531 -0.17900 0.19882
-0.14671 -0.47018 0.15637
-0.17928 -0.49280 0.04008
-0.11033 -0.25679 0.29560
0.14770 0.17844 0.15654
0.12578 -0.92031 -0.07004
-0.06559 -0.53750 0.15651
0.21304 -0.35095 0.13312
-0.19520 -0.29405 0.15251
0.19498 0.22915 0.00608
-0.09543 -0.94791 -0.17046
0.20341 -0.12182 0.27468
0.03926 -0.24417 0.20065
0.12597 -0.26760 0.19742
-0.10165 0.09517 -0.10066
0.21257 -0.02666 0.09767
-0.07802 0.35695 0.08572
-0.09160 0.25251 -0.19140
0.26604 0.41958 -0.11429
0.05771 0.50611 -0.18591
0.27536 -0.17228 0.14338
-0.08923 -0.80344 0.10725
-0.07269 -0.39792 -0.05139
-0.00022 0.19156 0.17177
-0.00016 0.62329 -0.11378
0.17243 0.40643 -0.20315
-0.12404 -0.91525 -0.00970
0.24910 0.15384 0.06897
-0.06874 -0.92538 -0.09144
0.18815 0.10780 -0.09933
-0.11318 0.44881 -0.16627
0.00848 -0.29711 0.11717
0.08576 0.53011 -0.11269
0.07457 0.16362 -0.19757
-0.19691 0.28035 0.05477
-0.20116 0.29076 -0.02148
-0.15009 0.12518 -0.15024
-0.00730 -0.84530 0.09744
0.12695 -0.45322 -0.03080
-0.16838 -0.57487 0.11431
0.27525 -0.00596 0.11379
0.03331 -0.97548 0.05594
-0.03631 0.40569 -0.40450
0.18183 0.35466 0.06120
-0.20237 0.30325 -0.28581
0.12259 0.50345 -0.00147
0.20193 0.08241 0.06558
0.20344 -0.13965 0.20800
-0.20916 0.38418 -0.31422
-0.00904 0.70592 -0.30196
-0.09588 -0.64983 -0.02538
0.28725 -0.17590 0.07550
0.00369 -0.38058 0.10729
-0.27704 0.24487 -0.37390
-0.10646 -0.29840 -0.05616
0.28564 -0.02727 0.01136
-0.01449 0.02695 -0.13356
-0.23542 0.15657 0.08010
-0.39366 0.26307 -0.27065
0.07265 0.59197 -0.21582
-0.10937 -0.95647 0.01318
-0.04589 -0.97405 -0.08419
0.07955 0.46916 0.03515
0.14592 0.20126 -0.11627
0.01610 -0.78044 0.01886
0.21120 -0.13973 0.11553
-0.11684 0.50788 -0.03363
-0.04467 0.49306 0.01722
-0.16839 0.02749 -0.01143
0.01827 -0.66852 0.14123
-0.00682 -0.22248 0.04616
-0.10309 0.46022 0.03988
0.10406 -0.91179 0.05716
0.00069 -0.04955 0.22781
-0.11373 -0.63459 0.14819
0.15326 0.26508 0.09450
-0.00017 0.28098 0.12001
0.09720 -0.06929 0.31462
0.22335 0.06129 -0.00334
-0.01995 -0.91845 0.10853
0.09153 0.53943 -0.16372
0.09435 0.41262 0.12795
-0.10640 0.03836 0.23706
0.15937 -0.63577 0.05836
0.25447 0.36993 -0.00275
0.18496 0.13652 0.14848
-0.04745 -0.23585 0.15843
-0.00947 -0.67920 0.09122
-0.01220 -0.17044 0.03986
-0.17579 0.22736 0.08427
0.09968 -0.10665 0.20710
-0.17147 -0.24301 0.16815
0.20543 0.32878 0.00955
-0.28493 0.40147 -0.10141
-0.22414 0.17763 -0.08733
0.22653 0.30870 -0.13993
-0.01728 -0.80115 0.11437
0.04705 -0.34050 0.16466
0.08267 -0.71939 -0.01719
0.03640 -0.16895 -0.03719
-0.19763 0.21774 0.01254
0.11463 -0.71596 0.08086
-0.04888 0.09990 -0.12871
-0.10670 0.08597 0.17716
-0.23354 0.28837 -0.14396
0.32138 0.09663 0.08413
0.11865 -0.19474 0.32006
0.30570 -0.12044 0.14322
-0.07251 -0.85392 -0.03184
0.00643 0.38460 -0.21314
-0.21354 -0.21801 0.01809
0.06138 0.39858 0.06960
-0.07512 0.41547 -0.44613
0.22266 -0.12675 0.04647
0.19168 0.11982 0.07494
0.08078 0.01641 -0.11437
0.24127 0.13484 0.01396
-0.05918 -0.29445 -0.04594
-0.08352 -0.14590 0.19729
-0.23573 0.47620 -0.13577
0.09918 0.29681 0.10539
-0.23607 -0.24958 0.05075
-0.07075 -0.27040 0.20634
0.15052 0.24404 -0.15939
0.16401 -0.97494 -0.11998
-0.03134 0.72673 -0.13633
-0.07187 0.19160 -0.21156
0.12503 -0.53346 0.15524
0.18108 0.48272 -0.12911
0.11526 0.60499 -0.21022
0.12802 0.29401 -0.04150
0.08222 -0.03049 -0.07308
-0.02438 -0.22611 -0.00306
-0.00313 0.22498 -0.20187
0.17261 -0.25657 0.20876
-0.12611 -0.09166 -0.05313
-0.01760 0.55626 -0.08920
0.31038 0.06571 -0.04387
0.09759 0.39521 0.06443
-0.17521 -0.33293 -0.02067
-0.11671 0.32191 -0.20355
0.05743 0.43062 -0.20695
0.23909 0.18584 -0.04586
0.01721 0.73020 -0.27325
-0.00249 0.07988 0.19121
-0.07553 0.18152 0.18672
-0.21337 0.31921 -0.09593
-0.25260 0.23873 -0.26906
0.12202 -0.21871 0.19221
-0.17914 0.06527 0.00376
0.12239 0.26786 0.11767
0.06691 -0.12966 0.32976
0.28487 0.01802 -0.02858
-0.01227 -0.04198 0.33178
-0.17729 0.56039 -0.17373
-0.08181 0.43160 -0.19159
-0.02294 -0.40825 0.13528
-0.08094 -0.06401 0.24671
0.17968 0.26573 -0.09301
0.17923 -0.20368 -0.02342
-0.08317 0.58228 -0.14432
-0.25487 0.45438 -0.15783
0.14423 0.32302 -0.08592
-0.02085 0.31838 -0.49347
0.10128 0.65427 -0.17179
0.11672 0.14415 -0.16923
0.01862 0.38966 -0.40521
0.20224 0.20119 -0.06960
-0.19370 -0.27545 0.21725
0.10598 -0.97621 -0.17065
-0.12134 0.14598 0.14611
-0.07326 0.33352 0.14742
0.04287 0.70474 -0.27017
-0.10716 -0.72857 0.11243
0.21023 0.17959 0.05568
-0.20259 0.26749 -0.33194
-0.07069 -0.20361 -0.06133
0.11227 -0.41214 0.18117
-0.13593 0.24129 -0.16275
0.14075 -0.13260 0.19884
-0.19929 -0.15888 0.21484
0.00187 -0.73349 0.07335
0.00237 -0.92320 0.04095
-0.04416 0.12884 0.20045
-0.23759 -0.37725 0.05973
-0.35678 0.34414 -0.26372
0.00950 0.46927 0.07484
0.05764 -0.14224 -0.06533
0.04992 0.43599 0.05495
0.24517 0.46158 -0.06374
-0.15661 0.30466 0.08209
-0.20697 -0.06704 0.24494
0.09823 0.20622 0.16436
-0.20557 0.43488 -0.21757
-0.15348 0.43534 -0.21274
0.03440 -0.01935 0.21789
-0.07561 -0.66529 0.15511
-0.01619 -0.71771 0.10469
-0.01674 0.10347 -0.17564
0.20326 -0.16200 0.24578
-0.03382 -0.60202 0.13840
-0.13348 0.25438 0.10545
0.12609 -0.01323 0.18389
0.19109 0.18178 0.01461
-0.10944 0.33388 0.14736
0.23207 -0.23150 0.05156
0.02035 0.51095 -0.27301
-0.19564 0.26453 -0.04946
0.03513 -0.96087 -0.05433
0.04708 0.04681 -0.14210
0.08310 0.23456 0.12544
0.29172 0.04986 0.12223
-0.08998 0.04919 -0.12182
0.18675 0.02907 -0.04267
-0.19713 0.31851 0.01324
0.07959 0.00431 0.20218
-0.23834 0.49026 -0.07915
0.19336 0.34926 -0.02562
0.02292 -0.26939 0.13632
-0.14845 0.31316 -0.33887
-0.05890 -0.48927 -0.02038
-0.02479 -0.28878 0.13469
-0.22946 0.09199 -0.02379
0.27034 0.33950 -0.09447
0.04117 0.47365 -0.20929
-0.16710 0.27990 -0.17083
-0.09105 0.41775 0.06029
0.19734 -0.18705 0.28327
0.07994 0.48715 -0.15142
-0.16080 -0.02835 0.16243
-0.16113 0.37898 -0.20249
-0.18085 -0.42840 0.15242
-0.03571 -0.24467 0.32805
0.19279 -0.06094 0.30420
0.33110 0.19452 0.03593
-0.04117 -0.53169 0.00862
-0.09542 0.21971 0.12664
-0.33725 0.20843 -0.28895
-0.24623 0.02526 0.04254
-0.16154 -0.67722 0.07312
-0.22447 0.07651 0.07605
-0.17480 0.39305 0.05096
0.11869 -0.97668 -0.05576
0.10041 -0.28597 0.27644
0.03061 -0.65250 -0.00765
-0.04987 -0.08188 0.22216
-0.29582 0.37399 -0.11975
0.36308 0.03748 0.04496
0.30532 -0.13789 0.05148
0.00143 -0.44844 0.10596
-0.25147 0.36870 -0.34708
0.06302 0.12841 0.16772
0.11347 0.46501 -0.18515
0.08536 -0.24938 0.18716
0.13149 -0.69937 -0.00229
0.10346 0.08893 -0.09154
0.02841 -0.19372 0.19729
0.15283 0.31679 0.07575
-0.04513 0.24112 0.15967
-0.03833 0.25334 -0.20194
-0.18207 0.04843 -0.06268
0.05642 0.04944 0.19784
-0.24205 0.34980 -0.26662
0.12807 -0.29250 0.23808
-0.23772 0.43686 -0.02098
0.07446 -0.75976 -0.01951
0.25008 -0.06487 0.04382
0.08113 -0.80979 -0.02119
0.12443 -0.22389 -0.05499
-0.01006 -0.69202 0.13333
-0.18124 0.29426 -0.11672
-0.20754 -0.17885 0.26558
-0.07310 0.71949 -0.27040
0.20541 -0.13372 0.01369
0.21194 -0.21090 0.09482
-0.06339 0.40033 0.06915
0.15825 -0.93653 -0.10227
0.16046 0.18718 -0.08199
-0.13472 0.18907 -0.13163
0.00822 -0.69379 0.02375
-0.36566 0.32574 -0.21657
0.19719 0.01884 0.25228
-0.07922 0.37015 -0.37991
-0.06748 0.47382 -0.21459
-0.10893 -0.77063 -0.00923
-0.01035 -0.81087 0.03707
0.19740 0.18392 -0.11418
0.05872 -0.25740 -0.05037
-0.00299 0.38238 -0.49629
-0.13128 0.05585 0.17419
-0.18667 -0.00427 0.01166
-0.04033 -0.64690 -0.01163
-0.10786 -0.10423 0.19729
-0.14459 0.02466 0.26273
0.22798 0.23759 -0.11541
-0.01037 -0.87989 0.01713
-0.04590 0.20689 0.17205
-0.07949 0.12522 0.16792
0.18325 0.49964 -0.06098
-0.22869 -0.13434 0.05032
-0.11643 0.42454 0.05179
0.16272 0.32126 0.01161
0.01669 -0.97673 0.09523
-0.08131 0.52715 -0.11415
-0.11135 -0.86335 0.04988
-0.21715 -0.33757 0.13274
-0.15918 0.09319 0.18031
0.23596 0.29809 0.04222
-0.19453 0.58833 -0.21648
0.29023 0.11378 0.09859
0.28256 0.19650 -0.07863
-0.03631 0.73834 -0.21985
0.07473 0.03980 0.25752
0.21176 0.01815 0.07066
0.19139 0.28172 0.08748
0.05020 -0.50751 -0.01207
0.01394 0.00992 -0.09401
-0.14342 0.03150 0.21616
0.18203 -0.47933 0.04149
0.16897 -0.35021 -0.01603
0.09061 -0.82349 0.09402
0.05984 -0.01056 -0.09760
0.03271 -0.45568 0.14810
0.20021 0.30357 -0.04463
0.16546 0.37319 -0.17730
0.17705 0.24039 0.07640
0.07017 0.56193 -0.24474
-0.00785 0.16542 -0.19747
0.14941 -0.27716 0.27081
-0.10928 0.40187 -0.39758
-0.14987 -0.08427 0.20048
0.29553 0.32574 -0.05744
0.11057 0.14538 0.20305
-0.08269 0.03249 0.19745
0.12379 -0.77516 0.05752
-0.09132 0.52783 -0.06487
0.07460 0.16226 -0.15689
0.08640 -0.89414 -0.05816
0.26975 0.28505 0.03147
0.09753 -0.55971 0.15661
0.14585 -0.17286 -0.04454
-0.01620 0.42382 0.06204
-0.06026 0.59367 -0.08628
0.24142 0.11466 0.07766
-0.12391 0.62736 -0.18636
-0.24569 0.05423 0.00379
-0.23943 0.16332 -0.04879
0.11672 -0.82402 0.01325
0.10924 -0.00629 -0.06618
-0.00389 -0.37199 0.06289
-0.09524 0.40624 -0.22258
0.26716 -0.14788 0.03116
-0.16426 -0.37376 -0.02545
-0.05862 -0.97155 -0.02673
0.02421 -0.54697 0.13173
-0.26695 0.40373 -0.06048
0.07614 -0.04185 0.24774
0.18235 0.40831 0.03608
-0.22513 -0.19876 0.10658
0.11564 -0.50786 -0.01744
0.16788 0.01670 -0.00880
-0.05830 0.45755 0.04184
-0.16973 0.49520 -0.01438
0.13610 0.09073 -0.05403
-0.08536 -0.00568 -0.08695
0.15539 0.51333 -0.10563
-0.14366 0.23939 0.13858
0.11841 0.34708 0.07618
0.13278 0.03304 0.22517
0.01208 -0.42317 0.02417
0.26516 -0.16262 0.10900
-0.02543 0.73949 -0.18383
-0.19582 0.08335 0.12337
-0.06425 -0.95955 0.10348
0.01897 -0.17885 0.11072
-0.01547 -0.08624 -0.07970
0.15084 -0.32300 0.17410
-0.05685 0.04821 -0.10129
-0.14987 -0.18849 0.17946
-0.09797 -0.97591 -0.10210
-0.11104 -0.02978 0.24830
0.09482 0.60702 -0.17084
-0.07579 0.51412 0.01796
-0.24509 0.25896 -0.23202
-0.13559 0.31952 -0.17870
-0.19505 -0.13942 -0.01027
-0.22397 -0.44892 0.07790
0.01962 0.33351 -0.22496
0.05783 0.30059 -0.20333
-0.05499 -0.29543 0.16759
-0.12699 -0.52445 -0.00825
0.22702 0.42743 -0.00364
0.21881 -0.25028 0.12040
0.16808 -0.52650 0.11191
-0.11772 0.31333 -0.45524
-0.04020 0.52159 -0.03184
-0.13510 0.10319 -0.07079
-0.10079 -0.81518 -0.01348
0.04145 0.05121 0.24211
0.01112 0.58437 -0.07562
-0.20966 0.44996 -0.17305
0.06931 0.39629 -0.19589
0.06282 -0.36158 -0.05155
-0.03553 0.33946 0.09719
-0.06667 0.70981 -0.13734
0.05076 0.33879 0.12270
0.16628 0.44192 -0.16427
0.05574 0.64507 -0.28495
0.01693 -0.24474 0.17050
0.05565 0.59529 -0.11819
0.17968 0.21320 -0.03151
-0.05876 -0.69415 -0.02185
0.13270 0.46119 0.03791
0.27943 0.34285 -0.02850
-0.03351 -0.12856 -0.07502
-0.00935 0.04850 0.28359
-0.23842 0.24584 -0.35124
-0.30163 0.27932 -0.15617
0.03851 0.19867 -0.18579
-0.20419 0.32868 -0.25339
0.06832 -0.45237 0.17138
0.11295 -0.64578 0.14710
0.01914 -0.29747 0.30193
-0.12650 -0.14366 0.19729
-0.16313 -0.14410 0.31915
-0.03082 -0.19015 -0.01637
0.23189 0.28945 -0.02466
-0.15686 -0.93638 -0.10851
-0.14865 -0.29538 0.17971
-0.21363 -0.16511 0.02113
-0.05444 0.22165 -0.23006
0.15661 0.05160 -0.01845
-0.15125 0.52145 -0.09819
0.15225 -0.07717 -0.05675
-0.07626 0.16736 0.14932
0.12836 0.22319 -0.18950
0.07502 -0.95443 0.03207
-0.11675 -0.52228 0.16047
-0.03751 0.63451 -0.10019
-0.12526 -0.71604 0.07516
-0.24627 0.17912 0.01662
-0.20718 -0.26344 0.26323
-0.08138 -0.05442 0.30925
0.19954 -0.30528 0.14840
-0.20479 -0.24695 0.14747
-0.05563 0.38607 0.11220
-0.02278 0.03760 0.20627
-0.06162 0.52715 -0.15948
-0.13646 0.31425 0.13007
-0.16933 -0.36378 0.16456
0.12230 0.51703 -0.08658
0.01852 -0.20649 -0.01978
-0.15181 0.13695 0.17143
0.09985 0.35997 -0.23027
-0.02874 0.65821 -0.31085
0.07638 -0.15486 0.19729
-0.11676 -0.90133 0.02946
0.11051 0.36862 -0.18971
-0.10800 -0.92253 -0.11025
-0.24256 -0.01130 0.09513
0.04985 -0.06785 0.22174
0.15962 0.29878 -0.13516
0.04741 0.71964 -0.13633
-0.13945 -0.22862 0.18696
0.15566 0.14834 0.12478
0.16032 0.25415 -0.12254
-0.06846 -0.95871 0.01085
-0.30997 0.35834 -0.32769
-0.02029 -0.30564 0.00712
-0.10328 -0.13714 -0.07421
0.16329 0.26912 0.13702
-0.09172 0.46376 -0.24037
-0.21468 0.13614 -0.08170
-0.11573 0.50846 0.04568
0.03116 -0.02934 0.33155
0.02038 -0.73828 0.01293
-0.04977 0.00848 -0.11848
0.15782 0.28537 -0.00806
-0.16019 -0.97561 -0.15010
0.00573 -0.33372 0.02973
-0.01939 0.11433 0.17502
-0.11502 -0.44637 0.17937
-0.00556 -0.94235 0.06983
-0.07984 0.30264 -0.20229
0.00678 -0.22458 0.10115
0.07091 0.53172 -0.07850
-0.25522 0.40928 -0.23785
0.13832 0.41500 0.05012
0.25881 -0.03764 0.09995
-0.08973 -0.43629 -0.05592
0.13657 -0.32993 -0.04271
0.08482 0.13803 -0.13465
0.00996 -0.91297 0.00685
-0.17298 0.12988 -0.11510
-0.07902 -0.10417 0.32024
0.16373 -0.46723 0.00146
0.03230 0.03807 -0.10348
-0.02964 0.58612 -0.10406
-0.21186 0.27332 -0.10977
-0.05185 0.09933 -0.17076
-0.19422 -0.11822 0.14535
-0.16600 0.09638 -0.01741
-0.00568 -0.46602 0.06304
0.28365 0.08922 -0.06299
0.13288 -0.68728 0.11580
0.04273 -0.25297 0.30457
-0.14503 -0.69661 0.00489
-0.04428 -0.37647 -0.02841
0.21171 0.21983 0.03845
0.01035 0.35287 -0.46205
0.02436 0.40181 -0.24406
-0.15662 0.43346 -0.18159
0.08439 0.49322 0.06449
0.14168 0.21809 0.14532
0.08558 0.67696 -0.26582
0.15343 0.10026 -0.12537
-0.11956 -0.29431 0.22608
0.18502 -0.09945 0.20653
0.02076 -0.20869 0.33178
-0.09293 0.56567 -0.16817
-0.15034 -0.00041 0.20240
-0.04327 0.28132 0.11638
-0.22447 0.32998 -0.40901
0.15702 0.33624 -0.17647
-0.03438 0.66456 -0.08675
-0.15224 0.38033 -0.38220
0.01005 -0.21734 0.01604
0.13268 -0.60131 0.00568
0.34685 0.16346 -0.01999
0.20745 -0.01986 -0.01701
0.07590 -0.39641 -0.05189
0.05209 0.55166 -0.10939
-0.22031 -0.12271 0.21390
0.24248 -0.32425 0.06796
0.02704 -0.11939 0.33175
0.02149 -0.38597 0.00034
0.04724 0.73217 -0.18378
0.04245 0.07693 -0.15975
-0.23593 0.34810 -0.05367
0.30193 0.28159 -0.06248
0.07481 0.10868 0.21801
-0.00772 -0.26457 0.04304
-0.19172 0.18211 0.07545
0.03871 -0.70313 0.15847
0.05994 0.54617 -0.18087
-0.19692 0.23063 -0.02650
-0.12176 -0.58502 0.15016
-0.11637 -0.03126 0.29768
0.06312 -0.58666 -0.00877
0.03085 -0.91567 -0.03085
0.04886 -0.57100 0.15055
-0.14380 -0.10781 0.31712
0.21288 0.38146 -0.16718
0.07895 -0.97535 -0.09641
0.15797 0.00661 -0.03967
-0.10054 -0.02713 0.20144
0.20784 0.03175 0.02010
0.20222 -0.22773 0.14450
0.03612 0.61494 -0.09299
0.07412 -0.91306 0.09500
-0.09076 -0.28605 0.28028
-0.31143 0.22089 -0.33769
-0.17265 0.27990 -0.40995
-0.23289 -0.30385 0.10724
-0.01296 0.52082 -0.28200
-0.04340 0.38868 -0.24766
-0.15359 0.18531 -0.09781
0.01900 0.15850 0.15580
0.10921 0.09964 0.19672
0.16412 0.24112 -0.04978
0.00052 -0.51933 0.07195
0.18335 0.10148 0.02450
-0.15204 0.52224 -0.03315
-0.17799 0.13286 -0.00939
-0.12631 0.34612 0.07491
-0.17396 -0.56320 0.06214
-0.07389 0.34722 -0.41798
0.04901 -0.28993 -0.03936
0.07194 0.28155 0.15688
-0.28329 0.23549 -0.21905
-0.10036 -0.89020 -0.04964
-0.02034 -0.20785 0.33178
0.13327 0.50651 -0.04643
0.11625 -0.07192 0.19729
-0.24270 0.12500 0.00777
-0.20432 0.29234 -0.17613
-0.17568 0.49054 -0.12648
0.16525 0.08905 0.14347
-0.22876 -0.05930 0.19229
-0.07535 0.00474 0.29920
-0.15753 -0.08994 -0.03342
-0.02272 -0.77190 0.01290
-0.17012 0.40096 -0.22545
-0.16230 0.25829 -0.12750
0.00823 -0.70295 0.05696
0.13853 0.28034 -0.16442
-0.05657 -0.56957 -0.00506
0.15378 -0.97782 -0.07277
0.22399 -0.04850 0.06890
-0.19119 -0.05079 0.00885
-0.17107 -0.26379 -0.02306
-0.02793 0.56126 -0.28347
0.05278 0.59201 -0.14249
-0.07345 -0.35969 -0.05213
0.19152 0.19923 0.11825
0.10125 -0.71658 0.11598
-0.00040 0.53739 -0.06835
0.08632 0.49796 0.01826
0.16856 -0.55224 0.05026
0.11083 -0.17534 -0.06520
-0.03625 -0.30945 0.23126
0.11141 -0.93781 0.02880
0.26429 0.16191 -0.07788
0.12986 0.31947 -0.19609
-0.07132 0.66903 -0.11577
0.09752 0.63884 -0.22596
-0.03684 -0.25563 -0.02383
-0.37964 0.31194 -0.32081
-0.06466 -0.62815 0.15683
0.19960 -0.18098 0.14260
0.04376 0.24050 -0.19738
-0.14376 -0.32716 -0.04075
-0.03283 -0.00978 0.32726
-0.01519 0.14995 0.15991
-0.06148 0.53784 -0.08401
-0.19939 -0.31009 -0.00104
0.25430 0.32713 -0.12758
-0.06050 0.44063 -0.24129
-0.07313 -0.00116 0.20692
-0.02233 0.02881 -0.10157
0.03011 0.24288 0.12838
-0.02535 0.47308 0.03357
0.31330 0.21565 -0.05844
0.21626 0.36042 0.02080
0.08340 0.20763 -0.20056
0.05997 0.48876 0.02255
0.24604 0.45152 -0.11482
-0.09623 0.23125 0.16577
0.04340 0.35375 -0.24332
0.09070 -0.22460 -0.06016
0.03939 0.64731 -0.09200
-0.05731 -0.23268 0.19862
-0.15864 0.15732 -0.14498
-0.05395 -0.16660 0.19729
0.26439 -0.20026 0.08399
0.24576 0.03408 0.01511
-0.22331 -0.09643 0.04611
0.21858 -0.45140 0.07701
-0.16813 0.00950 0.15280
0.21809 0.66947 -0.14187
-0.12756 -0.27331 -0.05147
-0.32978 0.21399 -0.24530
0.01736 0.24778 -0.24493
0.17225 -0.26495 -0.01955
0.27033 0.24941 0.05219
-0.24816 0.31741 -0.10242
0.10680 -0.01381 0.29829
0.18558 -0.08782 0.14386
0.03637 0.61640 -0.28533
-0.15335 0.46528 -0.17443
0.03426 0.64749 -0.31541
0.25625 0.04248 0.10481
-0.12000 -0.36577 0.18534
0.07205 0.43194 -0.24024
-0.16360 -0.02995 -0.01696
-0.06447 -0.91139 0.10756
0.08931 0.44801 0.05838
-0.01567 0.38369 -0.42261
0.15899 0.47808 0.01885
-0.07612 0.68584 -0.25365
0.09265 -0.13945 -0.06529
-0.04638 0.32149 -0.24384
0.05128 0.10904 -0.13159
-0.27618 0.33782 -0.27216
-0.14349 0.35996 -0.34984
0.04050 0.52783 -0.05288
-0.18422 0.46492 0.02603
-0.10988 0.39234 -0.35998
-0.10190 0.14543 -0.13004
0.21966 -0.30596 0.02356
-0.27779 0.42846 -0.17213
-0.23764 -0.02685 0.13015
0.22924 -0.05228 0.17572
-0.07875 0.27117 0.11627
-0.16595 0.37304 0.06822
0.34316 -0.00250 0.05973
-0.06584 0.64964 -0.28804
-0.00033 -0.29914 0.06676
-0.18371 -0.49576 0.10673
-0.08955 0.68953 -0.19670
0.20382 -0.06153 0.26512
-0.07119 0.47549 -0.17358
0.22262 0.15895 0.03932
0.01634 -0.61751 0.00720
0.14491 0.52621 -0.17492
0.05907 0.51651 -0.13051
0.23471 -0.02949 0.12479
0.20378 -0.23082 0.00041
0.25404 0.40662 -0.01799
-0.02830 -0.01187 -0.09897
0.07555 0.23318 0.15803
-0.20331 0.03425 0.10585
-0.01647 -0.52504 0.03960
-0.05802 -0.81856 0.11946
0.20506 -0.37604 0.00803
-0.05109 -0.50363 0.15537
-0.18593 0.25498 0.12641
0.07984 -0.11664 0.24425
0.21744 0.18037 0.10017
0.14055 -0.97636 -0.02673
0.13130 0.32184 0.12743
-0.07547 0.58170 -0.20053
0.08576 -0.17910 0.31648
-0.11890 0.13695 -0.17016
0.08893 0.42115 0.08680
0.02692 -0.48568 0.00946
-0.16234 0.20585 0.14077
-0.17089 -0.44133 -0.00390
0.15597 -0.60481 0.03347
0.04719 0.00533 0.21165
-0.00123 0.06167 -0.14031
0.14005 -0.26696 -0.04100
-0.17157 0.51177 -0.09526
-0.02024 0.46675 -0.20731
-0.19644 0.39688 0.02218
-0.16403 0.35902 -0.22032
0.13798 0.45751 -0.23193
-0.17164 0.19950 -0.14350
-0.23335 -0.37165 0.10778
-0.13640 0.28872 -0.40414
0.17265 -0.04291 -0.00790
0.18841 -0.44891 0.13808
0.08606 0.58238 -0.10764
-0.14081 -0.93630 -0.04548
-0.10967 0.56807 -0.14178
0.00059 -0.85443 0.05844
0.03388 0.51013 0.01109
-0.21826 0.37984 -0.36475
0.16940 -0.02188 0.30825
-0.09240 0.03026 0.27305
0.16339 -0.63380 0.09374
0.11517 0.00722 -0.09613
-0.19340 0.14872 0.14107
-0.24190 -0.21109 0.06326
-0.08050 -0.38210 0.18092
-0.02800 0.28354 -0.24644
0.02034 -0.17027 0.17180
0.32607 0.13688 0.06965
-0.14618 -0.15401 -0.04747
0.07401 -0.85242 -0.03004
0.16158 -0.60081 0.06821
0.16781 0.02595 0.21938
0.08526 0.37993 0.13828
-0.07812 0.60096 -0.11548
-0.08014 0.31326 0.10385
0.03944 -0.29969 0.15786
-0.21295 0.07632 -0.05077
-0.14524 0.60021 -0.21121
-0.00812 0.36041 -0.23253
-0.18099 -0.01617 0.20995
0.05102 0.55594 -0.27373
0.19346 -0.23634 0.22875
-0.16878 -0.49394 0.13858
0.28179 -0.07413 0.03162
0.08877 -0.06480 -0.06856
-0.02908 -0.37435 0.14248
-0.14992 0.50775 -0.19559
-0.15018 -0.03473 0.30915
0.19089 0.20655 0.06340
0.16173 0.06539 -0.08331
0.15911 -0.23254 0.30600
0.14950 0.61852 -0.16762
-0.15833 0.04946 -0.08984
-0.11633 0.40609 0.13188
0.24445 0.07837 -0.00260
-0.12177 0.48370 0.02178
-0.18791 0.02010 -0.03941
0.12036 0.24979 -0.16743
0.04246 -0.95670 -0.09059
-0.13380 -0.55751 0.00044
0.01095 -0.96529 0.02422
-0.13445 -0.66483 -0.00433
-0.18100 -0.54148 0.09913
0.33251 0.14161 -0.04282
0.15580 0.13672 0.16727
-0.15183 -0.97219 -0.05001
-0.21942 -0.16010 0.11058
-0.11831 0.31363 -0.37127
-0.31864 0.37116 -0.16655
-0.00657 -0.56354 0.08683
-0.15342 0.14768 -0.07178
-0.22944 -0.10859 0.08394
0.01163 0.67598 -0.30314
0.18442 0.66599 -0.14790
-0.16169 -0.27247 0.20511
0.19366 -0.15175 0.28845
0.31669 -0.12506 0.09953
-0.23179 0.29690 -0.41429
-0.21738 -0.40723 0.04316
-0.36092 0.25960 -0.33690
-0.08154 0.09530 0.19891
-0.17209 0.27806 -0.32053
-0.32836 0.26693 -0.17417
-0.09098 -0.09292 -0.06734
0.11081 -0.79659 0.08077
-0.13826 0.54679 -0.14387
-0.07257 -0.90301 -0.06592
-0.05468 0.39747 -0.42557
-0.03370 -0.06853 0.33170
-0.16571 0.31461 -0.17789
-0.07166 0.35776 0.12349
0.13307 -0.97711 -0.13411
0.28017 -0.07797 0.13053
0.02121 -0.81212 0.00611
0.17559 0.02831 0.14210
0.12902 -0.72692 0.01749
-0.09340 0.61593 -0.25439
0.10271 0.43641 -0.21281
-0.00473 0.73238 -0.24743
0.24612 0.42936 -0.14050
0.06832 -0.09699 0.21563
0.22598 -0.37204 0.04686
0.02889 -0.77969 0.12553
-0.04723 -0.67914 0.15725
0.13100 0.22344 0.11251
0.12162 0.01759 0.18348
-0.21142 -0.06098 0.03402
0.06142 -0.36929 0.17523
-0.12497 0.35204 -0.45331
-0.18667 -0.19652 0.21018
0.04016 0.31141 0.13422
0.21848 0.06062 -0.03167
0.18490 0.26506 0.02549
-0.01449 0.19647 -0.22649
-0.04566 -0.97447 0.03012
0.12587 -0.92557 -0.14822
-0.18001 0.36639 -0.31797
-0.26298 0.33862 -0.38150
0.20603 -0.26940 0.25121
0.09227 0.41323 -0.18812
0.15638 0.38559 0.05028
0.20659 -0.12699 0.23897
0.13083 0.63872 -0.22191
-0.11630 0.00318 0.24499
-0.19896 -0.14210 0.14472
-0.20032 0.35698 -0.17387
-0.17951 0.30868 0.05099
0.10615 -0.47937 -0.03238
0.08918 -0.52823 0.16421
-0.04163 -0.19852 0.14540
-0.19475 -0.08192 -0.00275
0.02094 0.30577 -0.21119
-0.15980 -0.59353 0.02978
-0.14347 0.02319 -0.03641
0.13727 -0.09778 0.19913
-0.10024 0.64410 -0.15920
0.11621 -0.89820 0.00903
0.02667 -0.01212 -0.09968
-0.01211 -0.62047 0.06426
0.15488 -0.67540 0.04857
0.07714 0.57954 -0.17261
-0.04601 -0.04723 0.22221
-0.05257 0.24053 0.12733
-0.15575 0.17911 0.11797
-0.00975 -0.64043 0.11854
0.05659 -0.32069 -0.05366
0.00970 0.37584 0.08368
0.02190 -0.31944 0.13764
0.19713 0.40930 0.00918
-0.38593 0.25101 -0.30162
-0.17252 -0.60622 0.10469
-0.20513 0.04483 0.00239
-0.13824 -0.37650 -0.03632
-0.20197 0.47282 -0.15048
-0.01548 -0.19507 0.09968
0.31667 0.25467 -0.00532
-0.18347 0.33311 -0.09726
-0.02302 -0.17189 0.19472
0.06309 -0.30300 0.21151
0.27741 0.14583 0.08390
-0.01466 -0.65856 0.06197
0.17072 -0.14231 0.25414
-0.13414 0.47383 -0.15477
0.01966 -0.89441 0.10735
0.10330 0.46036 0.09923
-0.06270 0.16440 -0.19549
-0.19852 0.23821 0.03823
0.09114 0.61981 -0.13045
0.26249 -0.10216 0.08956
-0.05059 -0.14822 0.21265
0.00029 -0.54865 0.05731
-0.04812 0.04160 0.27355
0.20353 0.27038 -0.13821
0.26278 -0.15316 0.06313
0.06647 -0.48047 -0.03371
0.11829 -0.64352 -0.01806
-0.04959 -0.20865 -0.03804
-0.22251 -0.04377 0.08967
0.05584 -0.04629 0.19729
0.17183 0.11609 0.12363
-0.21056 0.12384 0.08268
0.25279 0.01290 0.09170
0.14715 0.00726 0.20257
-0.10418 0.30982 0.12609
0.11346 -0.89500 -0.04013
0.07933 0.04168 0.21905
0.14871 -0.35939 0.17275
0.06382 0.48986 -0.23110
-0.23375 0.30581 -0.25541
0.07079 -0.68923 -0.01498
-0.30908 0.34946 -0.13640
0.28360 0.26798 -0.08669
-0.14142 0.62829 -0.22833
-0.07641 0.57852 -0.23540
0.02635 -0.30438 -0.01229
-0.02693 0.52731 -0.05854
-0.11724 0.01361 -0.06072
0.08542 -0.91294 -0.08444
0.05993 -0.21994 -0.05153
-0.15195 -0.21760 -0.04420
-0.13490 0.17026 0.16238
0.19286 -0.06075 0.00974
0.20254 -0.25983 0.14713
0.00566 -0.02677 0.19747
0.09097 0.10897 0.17191
-0.15173 -0.50753 0.00342
0.04099 0.40193 0.10602
-0.18701 -0.00994 0.30170
-0.00687 0.13279 -0.18428
-0.25859 0.27567 -0.26379
-0.08313 0.35915 -0.19743
-0.20013 0.32857 -0.01750
0.17360 0.65563 -0.17627
0.23128 0.00197 0.12998
-0.12524 -0.97691 -0.08534
0.00320 -0.23154 0.07045
0.15164 -0.20620 0.20300
-0.02583 0.37446 0.11298
0.13149 0.32574 -0.04344
0.20450 0.04936 0.09473
0.32005 -0.01721 0.02098
0.06871 0.61207 -0.15909
0.19498 0.29635 0.00621
-0.07379 0.61333 -0.20424
-0.13172 0.46424 -0.20484
0.12893 -0.44899 0.17055
0.09432 0.25684 0.14685
0.01187 0.63245 -0.08817
-0.17167 0.38488 -0.18008
-0.05323 0.58613 -0.28048
-0.03713 -0.17556 0.33170
-0.19863 -0.48803 0.06969
0.13554 0.39706 0.07213
0.08340 -0.51080 -0.03209
0.22673 0.05578 0.02895
0.13324 0.11355 -0.14606
-0.05378 0.38925 -0.37924
0.18750 0.32651 0.04751
-0.09464 -0.95534 0.04324
0.19927 0.24424 0.11010
0.19966 -0.11531 0.13232
-0.20853 -0.24495 0.00012
-0.24524 -0.26712 0.08491
0.02554 -0.10039 0.22378
0.06441 0.61535 -0.27128
0.20929 0.08882 -0.02599
0.05593 0.17634 -0.16959
0.20058 0.17619 -0.01577
-0.06385 -0.66237 -0.02616
-0.36964 0.32715 -0.29489
0.01898 -0.42641 0.13523
0.27848 -0.14190 0.15149
0.21213 0.11883 -0.00278
0.12410 0.28328 -0.19192
-0.09553 -0.92794 -0.13875
0.00604 -0.19600 0.04317
-0.08877 0.02397 -0.10027
-0.12418 0.21402 -0.15774
0.16194 -0.37983 -0.02418
-0.21847 0.11867 -0.04598
-0.14518 0.59168 -0.17821
0.19719 0.49546 -0.10524
-0.03621 -0.53377 0.14186
0.02002 -0.15992 0.20892
0.19673 0.14790 -0.10041
-0.03330 -0.29220 -0.01814
0.21698 -0.06573 0.09423
-0.23003 0.24514 -0.30020
0.16192 -0.53296 0.02638
-0.08888 -0.23669 0.20015
0.04419 0.00999 0.30862
0.09126 -0.21429 0.18833
0.06686 0.18795 -0.20998
-0.23021 -0.29437 0.04208
0.01199 -0.22034 0.19729
0.01644 -0.47510 0.12979
0.24319 -0.26047 0.06828
0.10629 -0.09861 0.32025
0.18644 -0.00655 0.13473
-0.19188 0.05844 0.03142
-0.18959 0.25180 -0.13941
0.07616 0.09421 -0.16352
-0.15114 -0.70334 0.08702
0.04408 -0.62467 -0.01151
-0.25595 0.26965 -0.38573
0.15158 -0.53585 0.13920
0.20647 -0.16478 0.01497
0.03114 -0.27224 -0.02104
0.04007 -0.10237 -0.07745
0.18366 -0.16946 -0.01568
-0.00386 0.15849 -0.16601
-0.05172 0.51348 -0.19929
-0.10626 -0.24582 -0.06266
0.30665 0.20860 0.04895
-0.02480 0.29126 0.14330
0.05496 -0.73309 -0.01405
-0.19723 0.01856 0.23808
0.12777 -0.37023 -0.04084
0.16980 -0.15347 0.30999
0.16197 0.50658 -0.03958
0.16589 0.34671 0.00957
-0.11035 0.29158 -0.18966
0.18013 0.18406 0.08579
-0.09105 0.21662 -0.17773
0.13810 0.45398 -0.16032
0.02466 -0.27431 0.32162
-0.20399 -0.42356 0.13256
-0.18771 0.24864 0.06538
0.00928 0.58554 -0.29646
0.11898 -0.97198 -0.00298
-0.02847 0.43760 -0.21362
0.04797 0.03788 0.27373
0.12981 -0.74520 0.06142
-0.01074 -0.59458 0.01941
0.24400 0.10655 -0.02144
-0.01607 0.22890 0.16602
0.13270 0.33986 0.10239
-0.05767 0.15240 0.18609
0.35955 0.10804 0.01173
-0.05029 0.01931 0.20727
-0.20426 0.07725 0.06100
0.00178 0.30865 0.13306
-0.11031 -0.97629 -0.15659
0.14980 -0.70119 0.08810
0.17630 0.35260 -0.15737
-0.06008 0.23257 -0.19614
0.05762 -0.30414 0.24342
0.01869 0.32050 0.10546
-0.09991 0.47085 0.09141
0.06747 0.08932 0.19426
-0.20402 -0.07717 0.27364
0.14378 -0.04428 0.20186
0.20298 0.32853 -0.15345
-0.12995 -0.96647 -0.01529
0.01239 0.18570 -0.20808
0.00125 0.44886 0.04977
-0.03287 0.33266 -0.46932
-0.07857 -0.21246 0.30667
-0.00282 -0.65782 0.02148
0.01638 -0.39632 0.13154
0.34832 0.09312 0.04821
-0.11872 -0.62764 -0.01724
0.10304 0.62425 -0.25898
-0.08582 -0.12420 0.21129
-0.13850 -0.26624 0.18651
0.00922 -0.26518 0.01945
0.10037 -0.02358 0.24764
-0.04907 -0.70064 0.00616
0.14882 -0.15877 0.17582
-0.35864 0.26876 -0.20055
0.26701 0.02738 -0.00597
0.05859 -0.22746 0.30844
-0.13039 0.28197 0.11897
-0.04216 0.38965 -0.45548
0.04447 0.70645 -0.10926
0.23580 -0.32833 0.09718
0.03425 -0.16939 0.14291
-0.20880 0.56145 -0.19421
-0.20036 -0.20615 0.23530
0.05059 -0.75910 0.12943
-0.20195 0.33925 -0.29674
-0.15503 0.05968 0.15601
-0.09637 -0.97586 -0.07200
-0.18750 -0.25429 0.29373
-0.06674 0.18126 -0.17085
0.19430 0.24459 -0.10783
-0.03866 -0.94643 -0.07456
-0.16668 -0.19882 0.31583
-0.21538 0.02170 0.08129
0.00709 0.50615 0.02652
0.03779 0.27824 -0.20555
-0.06908 -0.33021 -0.05628
0.24279 -0.19755 0.10538
0.13197 0.48981 0.02484
0.04815 0.50964 -0.21477
-0.05298 0.28930 -0.20416
-0.04370 -0.40649 -0.02900
0.25258 0.06347 0.05205
-0.20718 -0.05992 0.11314
0.28406 -0.00651 -0.01023
-0.16058 0.26085 0.09438
-0.07832 -0.77864 0.12005
-0.25691 0.42826 -0.04336
-0.14212 -0.04489 -0.03518
0.16707 0.10908 0.16959
0.14282 -0.23809 0.20152
-0.06697 0.54448 -0.13777
0.04880 0.10328 -0.17238
0.00747 0.39749 0.10448
0.15223 0.41766 -0.17467
-0.28310 0.35673 -0.29426
-0.09058 -0.68762 0.14880
-0.03034 0.25683 -0.23322
0.23596 0.17785 0.05699
-0.06357 -0.21481 0.17224
-0.04967 -0.09946 0.32298
-0.10472 0.37916 -0.21434
-0.21830 -0.27299 0.12987
0.05896 -0.27669 0.29657
-0.29013 0.42624 -0.14512
0.01714 -0.06457 -0.08156
-0.17810 -0.52197 0.04575
0.20155 0.16487 0.07821
0.02600 0.49312 -0.24988
0.13123 0.30524 -0.11417
-0.15200 0.48161 -0.13419
-0.18942 0.53039 -0.19512
-0.20451 0.28208 -0.14532
0.11002 -0.43541 -0.04752
0.07482 0.35263 0.14365
-0.19197 -0.14771 0.24136
0.10843 0.32353 0.09120
0.05582 0.35518 0.09851
0.18030 -0.47509 0.12679
-0.19642 0.14163 -0.10131
-0.00921 -0.29360 0.30959
0.01329 -0.24664 0.11998
-0.06273 0.32149 -0.44089
-0.01439 -0.18953 0.01734
0.03754 0.27866 0.14653
-0.22161 -0.06961 0.21908
0.08454 0.12567 0.19545
-0.16645 0.20065 0.09934
0.21767 0.35413 -0.15466
0.11140 -0.25011 -0.05898
0.00119 0.05121 0.21687
0.07673 -0.27722 0.20695
-0.03217 -0.10849 0.19729
-0.16082 -0.11161 0.20217
0.12724 0.08640 -0.13624
-0.04444 -0.30945 0.25958
0.10035 -0.27473 0.18852
-0.05848 -0.84691 0.11143
0.12948 0.00046 -0.04600
0.08089 -0.58399 0.15747
-0.12695 -0.01117 0.18591
0.19274 0.26827 -0.04807
-0.08850 0.38531 0.07213
0.10489 0.65281 -0.20119
0.07245 0.69286 -0.24482
-0.13339 0.52637 -0.01086
-0.19769 0.12799 0.10872
0.12186 0.63466 -0.15303
0.05433 0.36893 -0.20211
-0.11745 -0.16959 0.32025
0.04073 0.33212 -0.20601
-0.22386 0.18331 0.03564
-0.22439 0.30840 -0.02446
-0.08407 0.12441 0.19662
0.00314 0.08617 -0.16282
-0.17724 0.34143 -0.15437
-0.05744 0.43202 0.06930
-0.17786 -0.58349 0.08705
-0.12524 -0.79517 0.03759
0.21002 0.22270 -0.09792
-0.23068 0.28065 -0.06473
0.14681 0.47498 -0.14191
-0.12555 -0.68780 -0.02008
0.00595 -0.75192 0.03946
0.21646 -0.02056 0.06476
-0.01035 -0.32813 0.11591
-0.14655 -0.40295 -0.02713
-0.15240 0.32461 0.10299
-0.23742 0.48931 -0.10832
-0.05343 -0.26370 0.16472
0.10806 0.03754 0.23999
0.07199 0.47138 -0.19513
0.09971 0.55202 -0.13875
0.02530 0.68071 -0.09082
0.10099 -0.97608 -0.12483
-0.10681 -0.92213 0.05174
-0.07645 -0.26225 0.29931
0.05745 0.46213 -0.24475
-0.14820 -0.06672 0.17734
-0.07409 -0.46877 0.16992
-0.01683 -0.43554 0.12735
-0.15358 -0.55624 0.13526
0.15940 0.34341 -0.03036
-0.02708 -0.14780 0.33177
0.08719 0.51014 -0.13375
-0.06840 -0.02843 -0.08100
0.21777 -0.09838 0.21889
-0.10816 -0.07598 0.20371
0.21906 -0.06131 0.21283
0.03420 0.51304 -0.01676
0.05367 -0.41488 -0.04806
-0.05218 0.58193 -0.06109
-0.21787 0.21588 -0.11045
-0.27909 0.36897 -0.33848
0.05955 -0.24875 0.17364
0.21940 0.18016 -0.07949
-0.14103 -0.01487 0.29028
0.32838 0.03995 -0.00014
0.30537 0.03600 -0.01920
0.08986 -0.62935 0.15240
0.22962 0.28391 -0.12696
-0.07374 0.21176 0.16654
0.34272 0.01276 0.03534
0.09465 -0.97586 -0.07153
0.07542 -0.97806 0.05487
-0.07777 0.19426 0.13927
-0.12588 -0.75850 0.01056
0.13731 0.50693 -0.20252
-0.08507 0.48167 0.03734
-0.05542 -0.38309 0.16707
-0.22615 0.37115 -0.29518
-0.06228 0.37035 -0.23637
-0.11628 -0.88599 -0.02621
0.09007 0.52391 -0.20588
-0.05201 -0.89712 -0.04689
0.22341 -0.12945 0.09180
-0.06489 0.50090 -0.22339
-0.19420 0.23374 0.10517
0.14169 -0.10019 -0.04353
-0.05967 0.52722 -0.05196
-0.18566 0.21051 0.12442
0.12010 -0.54701 -0.00819
-0.22572 0.21280 0.02226
0.04007 -0.08399 0.19729
-0.03680 0.07551 -0.12027
0.07693 0.05741 -0.14267
-0.24479 0.14238 0.05072
0.33105 0.21252 0.01387
0.21361 0.31285 0.03259
-0.01301 -0.41038 0.02826
-0.23308 -0.00622 0.14920
0.02039 -0.59448 0.12820
0.17502 0.18240 -0.13165
0.27220 0.36998 -0.03298
-0.12221 -0.11372 -0.07064
-0.09624 0.36073 0.10952
-0.23115 0.26125 -0.26972
0.14097 0.15866 -0.16655
-0.00746 0.00580 -0.11002
0.13697 -0.67184 0.00174
-0.15967 -0.20220 0.20361
0.20667 0.09952 0.08787
-0.00739 -0.28754 0.09577
-0.19017 0.43371 -0.19385
0.06743 0.46855 0.06072
-0.02737 0.17364 -0.17400
-0.10471 -0.54779 0.15835
0.12172 0.15886 0.16997
0.06394 -0.10322 0.32022
-0.06778 0.03517 -0.13228
0.00553 0.40759 0.06996
0.28682 -0.18085 0.11225
-0.21730 -0.43473 0.10140
0.01524 -0.67891 0.00078
-0.20105 0.36717 -0.39277
-0.00703 0.19648 0.14481
0.22008 0.23796 0.01553
-0.11527 0.60107 -0.12977
0.16568 0.03141 -0.06129
0.17117 0.22052 -0.14819
-0.02650 0.17622 0.14998
0.06598 -0.64925 -0.02318
0.00377 0.42553 -0.20610
-0.13999 0.36217 -0.20279
0.05602 0.19948 0.16224
0.26079 0.44960 -0.08390
0.00353 -0.39868 0.04784
0.10733 -0.97558 -0.02837
-0.19253 -0.14890 0.30122
0.00589 -0.94752 0.09501
0.11761 0.37294 0.06511
-0.09529 -0.74718 -0.01671
-0.01978 -0.97483 0.06575
-0.11993 0.20680 0.12175
-0.04237 -0.96080 -0.00643
-0.00423 -0.02099 0.22313
0.10676 -0.05905 0.24694
-0.18092 0.33191 0.03530
-0.14289 0.22352 -0.18332
0.12576 -0.56123 0.15132
0.18798 0.10864 0.14826
-0.11207 0.62871 -0.21787
0.10948 0.18922 0.18358
-0.05847 0.10938 0.17738
0.18971 -0.33274 -0.00931
-0.12873 0.42251 -0.21442
-0.15390 -0.69042 0.04681
0.07088 0.51691 -0.15578
0.14819 0.08072 -0.03098
0.07828 0.26122 0.11886
0.20237 0.09757 -0.06954
0.11541 0.33600 -0.19204
-0.12124 0.34496 0.12474
-0.04805 -0.00117 0.30565
0.00933 -0.61814 0.11709
0.11578 0.60315 -0.14881
0.24451 0.13464 0.04154
-0.07648 -0.27681 -0.05858
0.00237 -0.07721 0.22663
0.26877 0.04699 -0.03302
-0.10617 0.16934 0.17680
-0.02079 0.03445 0.31140
0.15063 -0.04624 -0.02443
-0.20240 -0.00538 -0.02452
0.14436 0.51866 -0.14826
-0.04130 0.67667 -0.29446
0.32426 0.06778 0.08184
-0.15821 -0.25590 0.28507
-0.09276 0.44415 0.06036
-0.05679 0.53385 -0.11825
-0.10344 -0.60564 0.15240
-0.19505 0.58485 -0.18889
0.07160 -0.87965 0.09130
-0.00844 0.72311 -0.12002
0.03419 0.38730 -0.20659
0.13782 -0.28867 0.18405
0.14785 0.31738 -0.00708
-0.13993 -0.22712 0.29697
0.26388 0.36149 -0.10987
-0.18688 0.13886 0.01603
-0.13989 0.08157 0.16442
0.00283 -0.58464 0.10185
-0.17920 -0.12041 -0.02238
-0.21003 0.28949 0.02351
0.09580 0.29255 0.13349
0.19650 -0.21995 0.28489
0.11674 -0.12814 -0.07231
0.25098 -0.16249 0.13521
-0.05648 -0.97436 -0.05880
-0.12971 -0.71105 0.10243
0.28544 0.35710 -0.07510
-0.20795 -0.10732 0.23299
0.21094 -0.37812 0.13648
-0.01976 0.71031 -0.27681
-0.09061 0.34285 -0.39671
-0.01585 -0.90664 0.00021
-0.23615 0.42394 -0.22479
-0.06921 -0.43708 0.17301
-0.09960 0.28320 0.15662
-0.23527 0.32744 -0.08047
0.26294 -0.01201 0.01195
-0.08922 -0.22420 -0.06366
-0.24775 0.15302 0.00866
-0.27558 0.42988 -0.07916
-0.28258 0.42961 -0.11206
-0.01136 -0.37275 0.02850
-0.02242 0.42129 -0.42206
-0.23097 0.38150 -0.33440
-0.09779 0.40034 -0.44702
0.01458 -0.17606 -0.02249
-0.17409 0.02458 0.25116
0.24659 0.34736 0.01031
0.05386 0.40728 -0.24161
-0.00988 -0.68701 0.04291
0.20135 0.46966 -0.14174
0.03465 0.20999 -0.22781
0.23516 0.08652 0.04534
0.25104 -0.04874 0.06629
0.02687 0.29516 0.11344
-0.04202 0.55293 -0.10065
-0.15586 0.37656 -0.40886
0.23957 0.21199 -0.05319
0.14006 0.39976 -0.19334
0.01995 0.70078 -0.28421
0.08255 -0.26620 -0.05997
-0.14260 0.33203 -0.44824
0.19334 -0.06787 -0.02860
0.03254 0.27076 -0.24293
-0.00715 0.39548 -0.39907
-0.10619 -0.66505 0.14593
0.01229 -0.09112 -0.07906
-0.09708 -0.46199 -0.05142
0.18344 0.26245 0.06201
0.17236 0.19391 0.13664
-0.34403 0.34678 -0.19641
0.17437 0.25859 -0.15169
0.02553 -0.70297 0.11940
-0.20929 0.16200 0.07131
-0.04158 -0.04270 0.33162
0.11002 0.51835 -0.05334
-0.10924 0.24796 0.11542
0.14115 0.44594 -0.19540
-0.17135 0.41086 -0.20048
0.09860 -0.70501 -0.00100
-0.22340 0.18371 0.09521
-0.05972 0.30254 0.11764
-0.36615 0.28591 -0.33624
-0.17003 0.48210 0.00904
-0.11234 -0.71580 -0.00809
-0.17838 0.10905 0.00292
0.13469 0.44201 0.05653
0.17937 0.22469 -0.07020
-0.14054 0.43910 0.04595
0.04472 -0.45053 -0.03298
0.33515 -0.04391 0.10419
0.05750 -0.97837 0.07942
-0.24833 0.18830 -0.01385
0.05734 -0.17856 -0.05073
-0.13828 0.37879 0.08611
-0.04783 -0.96525 -0.11634
0.20426 0.64773 -0.14996
-0.13583 0.10599 0.18203
0.01226 0.01693 0.21510
-0.36630 0.34522 -0.23473
-0.12420 -0.29334 0.19010
0.20453 0.03420 0.04641
-0.16170 0.13890 0.12635
-0.10950 0.23495 -0.17216
0.14289 0.34763 0.06581
0.15818 0.50553 -0.06953
-0.21479 -0.19186 0.02269
0.13338 0.01366 0.28569
-0.03846 -0.46421 0.00035
0.23932 -0.14010 0.03066
0.23921 0.23917 -0.00414
-0.10486 0.50878 -0.21499
0.00823 -0.65599 0.07629
-0.22182 -0.31106 0.02150
-0.22966 0.27240 -0.00726
-0.13284 -0.49279 0.15663
-0.09387 -0.71435 0.13045
0.30263 -0.14545 0.13496
-0.15087 0.41940 -0.23377
0.13731 0.52616 -0.02466
0.12817 -0.96540 -0.18027
