-0.23587 0.34863 -0.45036
0.31946 -0.31004 0.37390
0.05527 0.08888 -0.03391
0.57868 -0.59982 0.32516
0.10753 0.32212 -0.46530
-0.23587 -0.43385 0.52756
-0.18854 0.66178 0.67341
-0.23587 -0.57775 -0.64766
0.31901 -0.59982 -0.34277
0.51890 -0.23023 0.07027
0.23456 -0.57088 -0.12743
0.05527 -0.40820 0.50517
-0.23587 -0.28525 -0.09202
-0.07133 0.66178 0.00096
0.60227 -0.59041 -0.32415
0.15108 0.37065 0.60205
0.05527 -0.24020 -0.48092
-0.23587 0.07802 0.39994
0.23861 -0.57943 0.12772
-0.07207 0.07896 -0.73145
-0.09626 0.66178 -0.70867
0.05527 0.50565 0.30765
-0.06663 -0.07148 0.72424
0.23449 -0.57610 0.00913
-0.23587 0.18400 -0.17579
-0.23587 0.54748 0.33310
-0.20463 -0.59982 0.14349
-0.23587 -0.20391 -0.48298
-0.23587 0.56495 -0.22799
0.44213 -0.32421 -0.15627
0.05527 0.03555 0.41994
-0.16664 -0.59982 -0.22736
0.13604 0.37065 -0.04785
0.05527 -0.21399 -0.26306
0.02274 -0.40464 -0.73145
-0.23587 0.47548 0.43956
-0.11830 0.23643 0.72424
-0.07605 -0.59982 0.68712
0.05527 -0.28182 0.12056
-0.00231 0.66178 -0.34738
0.08714 0.32212 0.27107
-0.23587 -0.32094 0.38197
0.05527 0.13904 -0.47479
0.05527 -0.58802 -0.40118
-0.23587 0.00252 0.14351
-0.23587 0.39506 0.10161
-0.23587 -0.48445 0.66322
0.13013 0.32212 -0.72721
0.27375 -0.59982 0.31460
-0.23587 -0.07116 0.12662
0.24666 -0.29960 0.08001
-0.23587 0.17819 -0.59944
-0.09962 0.66178 0.44069
-0.15636 -0.19701 -0.73145
-0.23587 0.19402 0.60961
0.05527 -0.38087 -0.18704
0.63194 -0.29578 0.34637
0.05527 0.42046 -0.14150
0.04819 -0.59982 0.26544
0.26008 -0.26396 -0.34517
0.61136 -0.26059 -0.33767
-0.06108 0.54562 0.72424
-0.23587 0.02066 -0.36035
-0.23587 -0.48166 -0.35100
-0.23587 0.50648 -0.71357
-0.23587 -0.20020 0.61587
0.05527 0.30003 -0.25010
0.04556 0.57084 -0.64819
-0.23587 0.19956 0.28960
-0.08707 -0.33962 0.72424
0.51675 -0.32421 0.13337
-0.23587 -0.42831 -0.44353
0.05527 -0.02739 0.25748
-0.23587 0.62049 -0.50193
0.04556 0.54058 0.61502
-0.17827 -0.59982 0.01290
-0.23587 0.65331 0.12962
-0.14484 -0.59982 0.45107
0.30434 -0.24542 -0.04562
0.16025 0.32212 -0.52485
0.03267 -0.59982 -0.66874
0.63194 -0.32340 0.00213
0.04813 0.53912 0.09956
0.05527 -0.07292 -0.66365
0.05527 0.16230 0.64102
-0.23587 0.44534 -0.01100
0.05527 -0.16107 0.57945
-0.23587 0.19985 -0.25817
-0.23587 -0.37723 0.14933
-0.23587 0.12287 0.62732
-0.23587 -0.15303 -0.24144
0.04313 -0.59982 -0.06204
-0.23587 0.42135 0.66530
-0.23587 -0.42434 -0.12203
0.05527 -0.12857 -0.05548
-0.23587 0.00431 -0.65194
0.05527 -0.26716 0.33952
0.05527 -0.48427 0.07438
0.05527 0.27806 0.12561
0.35571 -0.23364 -0.27285
0.00910 -0.59982 0.48925
-0.19783 -0.38737 -0.73145
0.24666 -0.29658 0.24578
-0.23587 -0.59911 0.40174
0.05527 -0.11232 -0.46321
0.05527 0.13382 0.38956
0.05527 0.58997 0.51746
0.05527 0.07552 -0.25267
-0.23587 0.27425 0.07526
-0.23587 0.02226 -0.45298
-0.23587 -0.05420 -0.09895
0.05527 0.52763 -0.38484
0.36902 -0.32421 0.16079
0.17051 0.36348 0.38443
-0.16824 0.31026 -0.73145
-0.04032 0.66178 0.22471
0.05527 0.15334 0.18343
0.60390 -0.38774 0.28841
0.05527 0.44749 -0.36430
0.12465 0.37065 0.16643
-0.23587 0.43570 -0.24719
0.04556 0.59643 -0.57155
0.04265 0.59385 -0.13034
0.05527 -0.30378 0.31252
-0.23587 0.65873 -0.02860
0.05527 0.25439 -0.49095
0.05527 -0.49375 0.71868
0.40142 -0.32421 -0.33136
0.60054 -0.40297 -0.29677
-0.12583 -0.59982 -0.47488
-0.23587 0.58711 0.48336
0.32456 -0.32421 0.06948
0.05527 -0.40471 -0.56451
-0.04561 0.44016 -0.73145
-0.23587 -0.12902 0.40003
0.44790 -0.22978 0.25846
0.05527 0.23313 0.51321
0.05527 0.16679 -0.68409
-0.23587 0.65192 -0.39570
0.63194 -0.32196 -0.22354
0.05527 0.03671 0.70859
-0.23587 -0.49150 0.25410
0.05527 0.27185 -0.06082
0.14031 0.37065 -0.26890
0.01284 0.36351 0.72424
0.05527 -0.50189 -0.24567
-0.23587 -0.41718 0.72093
0.51917 -0.23028 -0.16015
-0.23587 -0.12439 0.25376
0.05527 -0.00677 -0.34899
-0.11087 0.66178 -0.18265
-0.14289 0.51190 0.72424
-0.23587 -0.38582 -0.22116
0.43426 -0.32421 0.32659
0.26109 -0.32421 -0.18616
0.03675 0.32358 0.72424
-0.23587 0.49396 0.22916
0.27346 -0.41923 -0.30932
-0.16968 -0.23694 0.72424
0.05527 -0.29615 -0.68360
-0.23587 0.00064 -0.26452
0.62509 -0.26733 0.21457
0.05527 -0.35664 0.59791
-0.23587 0.18089 -0.44696
0.05527 -0.27116 -0.36379
-0.23587 -0.39586 -0.58188
-0.23587 -0.45354 -0.06518
-0.23587 0.31713 -0.25809
-0.23587 -0.08131 0.43812
-0.09132 0.66178 0.59377
0.27346 -0.40958 0.31023
0.05527 -0.43020 0.28116
-0.23587 -0.51783 -0.29403
0.34125 -0.23433 0.08199
-0.11738 -0.59284 -0.73145
0.05527 0.29061 -0.33185
-0.23587 0.30463 0.43339
-0.12521 -0.59982 -0.39173
0.03089 0.66178 0.69860
-0.23587 -0.54731 -0.48789
-0.15788 0.08039 0.72424
-0.23587 0.52029 -0.40918
-0.23587 0.12208 -0.00186
-0.23587 -0.02879 0.53708
0.01620 -0.59982 -0.20971
-0.23587 -0.34415 0.55399
0.05527 -0.21641 0.26904
-0.23587 0.03953 0.28515
0.45423 -0.32421 -0.06922
0.04556 0.42731 -0.56772
-0.11033 0.66178 -0.48882
-0.15482 -0.59982 -0.07732
0.02322 0.66178 0.38471
-0.09396 -0.05517 -0.73145
0.04556 0.40062 0.48776
-0.02080 -0.59982 0.06493
-0.23587 -0.17097 0.00313
0.05527 -0.06529 -0.16579
0.10063 0.32212 0.43415
0.05527 -0.22997 0.70447
-0.23587 -0.16076 -0.62973
-0.23361 0.66178 0.32849
0.05527 -0.13197 0.45546
-0.23587 0.31147 -0.60058
0.05527 -0.10434 0.10022
0.05527 0.01847 0.58909
-0.23587 -0.27037 -0.35347
-0.23587 -0.34050 -0.01183
0.05527 -0.41457 -0.42408
0.02559 0.66178 -0.49996
0.05527 -0.02526 -0.49483
0.04556 0.42347 -0.61569
0.05527 -0.51665 0.40641
-0.23515 -0.09377 0.72424
-0.20557 -0.31653 -0.73145
0.05527 0.53841 -0.22441
0.05385 0.37065 0.29575
-0.07765 -0.31057 -0.73145
-0.23587 0.14225 -0.71231
-0.10565 -0.59982 0.30014
0.05527 -0.43299 0.11810
-0.23587 0.62405 -0.72264
-0.01754 0.53445 -0.73145
0.05527 0.01415 -0.06079
-0.23587 0.32971 0.23976
-0.23587 0.46079 -0.55154
0.14008 0.37065 -0.34795
-0.03030 -0.59982 -0.56117
-0.13515 0.66178 -0.31269
0.29133 -0.32421 -0.23789
-0.23587 0.30999 -0.07621
-0.23587 0.13912 0.12074
-0.03045 0.27134 -0.73145
-0.23587 -0.13184 -0.08174
0.05527 -0.39436 -0.04632
0.02947 -0.16778 -0.73145
-0.20233 0.66178 0.06006
-0.23587 -0.21279 0.47075
0.05527 0.06868 -0.67688
0.04343 0.58612 0.02272
0.05527 0.02656 0.11876
0.03664 -0.59982 0.62005
0.53444 -0.23366 -0.21558
0.05527 0.44852 0.47747
-0.23587 0.22364 0.71548
-0.11215 -0.46837 0.72424
-0.17032 0.52880 -0.73145
-0.23587 -0.45507 0.32889
0.05055 0.37065 -0.66426
-0.23587 -0.56290 0.53897
0.09958 -0.57499 0.14445
0.05527 0.18982 -0.17098
-0.23587 0.54385 0.04926
0.16848 0.32665 0.72424
-0.23587 -0.57265 -0.11354
0.05527 0.19961 0.16268
0.05527 0.02593 0.25519
-0.23587 0.32143 0.58039
-0.23587 -0.25485 0.28077
-0.07128 -0.50368 -0.73145
0.04556 0.40346 0.61217
-0.23587 0.46582 0.29396
0.45725 -0.25413 -0.33530
0.32430 -0.32421 -0.06850
-0.19701 0.66178 -0.13944
-0.16539 0.66178 0.47242
0.06594 0.32212 -0.54815
0.05527 -0.18875 -0.62506
0.04556 0.41909 0.03404
-0.23587 0.33662 -0.69831
-0.16227 0.66178 -0.62121
0.55086 -0.32421 0.25537
0.04533 0.59812 0.21475
-0.23587 0.02281 -0.59682
-0.23587 0.48108 -0.13279
0.17051 0.36578 0.28910
0.32906 -0.23761 0.29038
-0.23587 -0.09577 -0.39896
0.58496 -0.24932 0.10072
-0.22952 0.66178 0.56811
-0.05932 0.66178 -0.13312
0.05527 -0.37914 0.07903
0.05527 -0.55553 -0.53574
-0.23587 -0.20553 0.13311
0.05527 -0.22449 -0.14653
-0.00478 0.66178 -0.26207
-0.12024 0.37280 0.72424
-0.23587 -0.51347 0.06068
0.01044 0.15652 0.72424
-0.23106 -0.59982 0.67319
0.05527 -0.26629 0.47317
-0.22436 -0.59982 -0.36668
0.27925 -0.48090 -0.34916
0.11507 0.32212 -0.34726
0.17172 0.33478 -0.18251
0.27126 -0.32421 0.20337
0.05527 0.31924 0.59634
-0.07419 -0.59982 0.55347
0.42412 -0.32421 0.05250
0.43930 -0.25908 0.16266
-0.23587 0.02759 -0.02119
0.05527 0.22999 0.01172
-0.10383 0.66178 0.10387
-0.23587 0.54341 0.69896
-0.03920 -0.59982 -0.41515
0.13448 -0.56100 -0.12899
0.05527 0.12850 -0.36135
0.17172 0.33970 0.07122
-0.23587 0.09580 0.52128
0.32936 -0.23753 -0.16089
-0.23587 -0.26822 -0.20845
0.01496 0.66178 0.48942
0.55822 -0.24015 -0.04232
0.05527 -0.19659 0.03441
0.55521 -0.49367 -0.34820
-0.23587 0.24296 -0.54275
-0.04541 -0.18962 0.72424
0.12312 -0.56100 -0.00819
0.05527 -0.08932 0.68974
-0.09484 -0.59982 0.17166
0.05527 0.54992 -0.52139
0.05527 0.06137 -0.57062
-0.23587 -0.11347 -0.64762
0.06308 0.45799 0.20246
0.05527 -0.28392 -0.28064
0.57299 -0.36043 -0.34820
0.24666 -0.28995 0.31344
0.63194 -0.27624 -0.10422
0.03745 -0.34045 0.72424
0.55520 -0.46561 0.33324
-0.09566 0.66178 0.31638
0.32489 -0.51169 0.31820
0.05527 0.47575 0.72303
0.05527 -0.51377 0.56909
-0.23587 -0.27564 -0.61735
0.04766 -0.51539 -0.73145
0.15141 0.32212 0.49643
-0.23587 -0.45040 -0.67749
0.05527 0.25251 0.35229
-0.23587 -0.36043 -0.34646
0.05527 -0.38423 -0.64128
-0.23587 0.07545 -0.12152
-0.23587 -0.08098 -0.27205
-0.23587 0.62130 -0.33517
-0.23587 -0.40981 0.45834
0.01636 0.66178 -0.70616
-0.23587 0.49418 0.56265
0.52954 -0.25383 0.33804
-0.23587 -0.06467 -0.48956
-0.15266 -0.59982 0.71408
-0.19905 -0.04865 -0.73145
-0.23587 -0.37224 0.25222
0.13011 0.32212 0.03660
0.24666 -0.27668 -0.25631
-0.08618 -0.42551 -0.73145
-0.23587 0.57907 0.19683
-0.23587 0.18581 0.45774
0.43930 -0.26905 0.00750
0.05527 0.51870 0.41593
-0.23587 0.01989 0.68436
0.05527 -0.12617 0.33206
-0.18440 -0.50076 -0.73145
-0.23587 0.28726 -0.37795
0.05527 0.65276 -0.41686
0.05527 0.12291 0.49127
-0.23587 0.13892 0.34866
0.05527 -0.50348 0.32599
-0.23587 -0.06450 0.24981
0.05527 -0.49159 -0.12065
-0.09473 0.60913 0.72424
-0.05770 0.66178 -0.57494
-0.23587 -0.30742 0.67095
-0.12711 0.20646 -0.73145
0.05527 0.10435 0.10875
0.05527 -0.39560 0.40050
0.05527 -0.10608 -0.25290
0.05527 -0.02948 -0.72296
-0.23587 0.29295 0.67561
0.49091 -0.32421 -0.26417
0.54126 -0.32272 0.37390
-0.00320 -0.41828 0.72424
0.55548 -0.32421 -0.13547
-0.11420 -0.59982 -0.63939
0.05299 0.49052 -0.05670
0.05527 -0.15290 -0.36010
-0.16334 0.41785 -0.73145
-0.23587 0.12168 -0.35259
-0.08573 -0.59982 -0.14031
-0.01132 0.16449 -0.73145
-0.23587 0.41400 -0.61548
0.05527 -0.27143 -0.17905
-0.23587 -0.47017 0.08638
0.05527 -0.50448 -0.00831
0.05527 -0.35826 0.21185
0.00011 -0.02652 0.72424
0.05527 -0.32401 -0.53409
0.56270 -0.32421 0.17075
0.02816 0.66178 -0.04040
0.17172 0.34127 -0.12598
0.43377 -0.22242 -0.09001
-0.17713 0.06531 -0.73145
-0.23587 -0.24440 0.18773
0.05527 -0.49370 -0.67007
-0.23587 0.36802 0.33540
0.17145 0.36943 -0.64963
-0.23587 -0.21530 0.33611
-0.22322 -0.59982 0.29141
0.32188 -0.27749 -0.37044
-0.23587 -0.12465 0.52527
0.04556 0.37434 -0.20341
0.06140 0.41372 -0.73145
-0.23587 0.58739 0.43209
-0.23587 0.30986 -0.52902
0.05527 -0.29428 -0.01841
0.33494 -0.32421 0.28156
-0.23587 0.57221 -0.12200
0.03822 0.66178 0.29050
-0.17574 -0.04608 0.72424
-0.03520 0.22371 0.72424
-0.23587 0.46131 -0.41236
-0.23587 0.59459 0.65246
-0.23587 0.39207 -0.01800
-0.23587 0.37548 -0.15143
0.05527 0.02290 -0.15602
0.03724 -0.59941 0.72424
-0.23587 0.08241 -0.53804
-0.18677 0.66178 0.22497
0.43930 -0.27070 0.06979
-0.23587 -0.08470 0.02614
0.05527 0.26673 -0.65303
-0.23587 0.12468 -0.23905
-0.09941 -0.59982 -0.00675
-0.00060 -0.59982 -0.30782
-0.23587 0.23826 0.18085
-0.01015 0.66178 0.09105
0.05527 0.31075 0.17481
-0.23587 -0.28592 -0.43484
0.05527 -0.37753 -0.32413
0.05527 0.61022 -0.29555
-0.16760 -0.59982 0.24692
-0.07606 0.13439 0.72424
-0.23587 -0.37380 0.64945
0.05527 -0.51661 0.20277
0.11214 0.37065 0.66346
-0.23587 0.40877 0.57989
0.05527 0.17384 -0.57616
0.52532 -0.32421 0.01096
0.04556 0.40585 0.38047
-0.23587 0.22575 -0.01022
-0.23587 0.62900 -0.61539
0.07153 0.37264 -0.57860
-0.23587 0.00035 -0.17939
-0.23587 -0.46844 -0.61479
0.05527 -0.03886 0.14165
0.41885 -0.22400 -0.21426
0.05527 -0.48908 -0.33931
0.32349 -0.37746 -0.34916
0.17172 0.32792 0.19330
0.05527 0.02625 -0.40752
0.05527 0.28202 0.04921
-0.23587 -0.03424 0.36052
-0.23587 -0.47514 -0.54487
-0.18428 -0.59982 -0.56534
-0.23587 -0.20841 0.71554
0.01431 0.66178 -0.62280
0.42511 -0.32421 0.22459
-0.23587 -0.13049 -0.71750
-0.17478 0.42307 0.72424
-0.23587 -0.34965 0.29719
-0.23587 0.37389 -0.35457
-0.06930 0.43668 0.72424
-0.23587 -0.24333 0.58826
-0.23587 -0.45836 -0.19653
-0.23587 -0.42887 0.03418
0.05527 -0.03620 0.01833
-0.23587 0.27967 -0.18344
0.05527 0.20787 -0.42086
-0.14116 0.66178 -0.05295
-0.23587 -0.19845 -0.15130
0.51793 -0.23005 0.17645
0.05527 -0.04620 0.52779
-0.23587 -0.29510 -0.53325
-0.23587 -0.18546 -0.33256
0.05527 0.08884 0.64558
-0.23587 0.40884 -0.48916
0.04556 0.38219 -0.40144
-0.23587 0.56629 -0.45768
-0.23587 -0.39562 -0.28563
0.05527 0.51582 -0.48490
-0.23587 0.53845 -0.03728
0.05527 0.10391 0.31437
-0.19509 0.66178 -0.23477
0.28916 -0.32421 -0.00568
0.05527 -0.53907 0.51133
-0.07121 -0.51784 0.72424
0.05527 -0.59009 -0.29050
0.09702 0.37065 0.41224
-0.23587 0.39363 0.43244
-0.04671 -0.28795 0.72424
-0.23587 -0.37602 -0.12820
0.04800 0.37065 0.11815
0.05527 -0.03002 0.33836
0.05527 -0.19405 0.16560
-0.23587 0.33957 0.15754
-0.23587 -0.05796 0.62963
0.05527 -0.23990 0.55212
0.05527 -0.12035 -0.57086
0.05527 0.45574 -0.24071
-0.23587 -0.04932 -0.37221
0.10679 0.37065 0.01370
0.34763 -0.23286 0.17884
0.38843 -0.32421 -0.23073
-0.23587 0.27025 0.52241
0.09246 0.37550 0.21246
0.27583 -0.37108 0.33984
0.05527 0.19598 0.38855
0.05527 0.31835 0.35208
0.05527 0.42368 -0.47962
0.07268 0.32212 -0.16096
-0.01522 0.00853 -0.73145
0.50947 -0.32300 -0.37044
-0.23587 0.23953 -0.71032
-0.23587 -0.50487 0.42217
0.05527 0.26685 0.25262
-0.00701 -0.06184 -0.73145
0.04556 0.44806 0.54769
0.05527 0.17270 -0.08250
-0.23587 0.47483 -0.30129
0.05527 -0.31559 -0.40619
0.05527 -0.26073 0.60098
-0.02192 -0.59982 0.40064
-0.23587 -0.53393 0.16162
-0.09094 0.66178 -0.39843
0.01976 -0.59982 0.17642
-0.23587 0.11245 0.22493
0.01392 -0.14255 0.72424
-0.23587 -0.44555 0.61456
-0.04014 0.66178 0.51678
0.05527 0.21695 -0.29298
0.03891 0.63129 0.12309
-0.11720 -0.13962 -0.73145
-0.03416 0.03990 0.72424
-0.23587 0.03009 0.58490
-0.23587 -0.54927 -0.43983
0.05527 -0.30988 -0.10228
0.05527 -0.58563 -0.57899
0.05527 -0.47450 0.67063
-0.23587 0.12778 -0.64629
0.05527 -0.16015 0.65311
0.08872 0.39029 0.72424
-0.19575 0.61154 0.72424
-0.13502 -0.59982 0.61890
0.11583 0.32212 0.12224
0.08631 0.32212 -0.03261
-0.23587 -0.10734 0.30997
-0.23587 0.54528 -0.55930
0.05527 -0.21058 0.47107
0.04556 0.48791 -0.70602
0.00869 0.45635 0.72424
-0.23587 0.56774 0.10493
0.56014 -0.24076 0.27860
-0.23587 0.13228 0.05724
0.05287 0.25565 -0.73145
-0.23587 0.24354 0.37567
0.01204 -0.30504 -0.73145
-0.23587 -0.55414 -0.03173
-0.04258 -0.59982 0.25110
0.05527 0.11295 0.55526
-0.11441 -0.59982 -0.29937
0.60657 -0.48177 0.28841
0.05527 -0.16024 -0.18318
0.05527 -0.41193 0.66222
-0.21380 -0.58023 -0.73145
0.03671 0.65333 -0.18850
0.10059 0.32212 -0.65728
0.05527 0.26823 -0.40598
0.05527 -0.59471 0.37020
0.63194 -0.31490 0.09201
-0.23587 0.00311 0.45540
0.05527 0.56715 -0.47312
-0.23587 0.00341 0.07038
0.02789 0.56652 0.72424
-0.14224 0.02144 -0.73145
-0.23587 -0.31995 0.06679
0.05527 0.27197 0.43794
0.05527 -0.47590 -0.49304
0.37185 -0.22796 0.01098
-0.04346 -0.59982 -0.70744
0.04676 0.55281 -0.04935
0.05527 0.09522 -0.29639
0.09898 0.37403 0.54228
0.05371 0.37315 -0.06911
0.59696 -0.25419 -0.25456
-0.23587 -0.21061 -0.05440
0.29609 -0.24843 0.19308
0.05527 -0.02618 0.47949
-0.23587 0.15465 -0.09170
0.05527 0.22988 0.71482
-0.13578 0.14901 0.72424
0.36455 -0.32421 -0.14075
0.04991 0.41917 0.14386
0.05527 -0.08703 0.60778
-0.16114 -0.32412 0.72424
0.24666 -0.28770 -0.09499
0.15399 0.37065 -0.44231
0.03927 0.09933 -0.73145
-0.23587 0.23577 -0.09768
-0.23587 0.58456 0.28168
0.14117 0.32212 -0.26277
-0.02831 -0.24070 -0.73145
0.39172 -0.26543 0.36335
0.00538 0.35984 -0.73145
-0.23587 -0.57918 -0.24561
-0.05457 0.66178 0.38231
0.05527 -0.04482 -0.57659
-0.16699 0.66178 0.38408
0.05527 -0.43373 -0.26860
0.32489 -0.50419 -0.30204
-0.23587 -0.43607 0.18982
0.05527 0.56673 0.35880
-0.15566 0.66178 -0.53402
0.10111 0.37065 -0.16627
0.55520 -0.37132 0.33653
-0.23587 -0.52613 0.34718
-0.07139 0.66178 0.68814
-0.20079 0.15373 0.72424
0.04981 0.52227 -0.14652
0.05527 -0.05752 -0.09410
-0.13717 -0.12003 0.72424
0.05527 0.25620 0.57821
0.05527 -0.36389 0.29335
-0.23587 0.19831 0.10473
-0.23587 0.09685 -0.44738
0.05527 0.15733 0.25292
-0.23587 0.41935 -0.68534
-0.10068 -0.39882 0.72424
0.47528 -0.22395 0.00690
0.05527 0.59806 0.43236
-0.23587 0.57468 0.57103
-0.10161 -0.59982 -0.55311
0.05527 0.10212 -0.11594
0.13010 0.37065 0.48461
0.05527 -0.23431 -0.70288
-0.16710 0.66178 -0.42915
0.05527 0.05680 0.21144
-0.23587 -0.35635 -0.48063
-0.23587 -0.16068 0.05320
-0.05779 -0.59982 -0.23438
0.52572 -0.23165 -0.09452
0.05527 -0.51228 -0.45753
-0.22971 -0.21688 -0.73145
0.05527 -0.29041 0.67886
0.56000 -0.32421 -0.21620
0.05527 0.20679 -0.12584
0.05527 0.25039 -0.58586
0.05527 0.00923 -0.61936
-0.23587 -0.19867 -0.57900
0.28341 -0.25347 0.12826
0.05527 -0.42296 -0.11778
0.05527 0.04682 0.03996
0.05527 -0.17135 0.31359
-0.23587 0.52805 -0.33354
-0.23587 0.21884 -0.33959
-0.23587 0.56912 -0.67519
-0.23587 0.33756 0.04404
0.05527 -0.02189 0.64922
-0.23587 -0.53712 -0.19268
-0.23587 0.29066 -0.72493
0.60264 -0.53396 0.28841
0.26998 -0.25933 0.01778
-0.23587 -0.09518 -0.15361
-0.17319 0.17593 -0.73145
-0.13117 -0.52232 0.72424
-0.20095 0.33405 0.72424
-0.23587 -0.34110 -0.69468
-0.14178 0.60352 -0.73145
-0.23587 -0.50415 0.59705
0.55083 -0.59666 -0.33164
0.62080 -0.32421 -0.30289
-0.23587 0.40352 0.20315
-0.21538 -0.50394 0.72424
-0.02342 -0.59982 -0.61409
0.08440 0.37065 -0.49898
-0.10926 -0.00339 0.72424
-0.04909 0.62622 -0.73145
0.40434 -0.22384 0.19193
-0.03557 -0.59982 -0.07760
-0.06202 0.29365 0.72424
0.05527 -0.09295 0.19731
0.05527 0.42722 -0.04733
0.10466 0.38612 -0.72252
0.61900 -0.32421 -0.07687
0.04585 -0.59982 -0.12475
-0.23587 -0.13610 0.64827
0.43930 -0.26624 -0.13658
0.05527 0.10036 -0.63908
0.31234 -0.33360 -0.29772
0.42386 -0.32421 0.13123
-0.23587 0.28736 0.29409
0.54324 -0.24425 -0.30955
0.05163 0.50411 0.02820
0.60438 -0.32421 0.26121
-0.23587 -0.31618 -0.27116
-0.23587 0.48109 0.09770
0.29755 -0.48152 0.33984
-0.23587 -0.27023 0.51244
0.06798 0.32212 0.50271
-0.22304 0.66178 0.49258
-0.23587 0.34250 0.49906
-0.23587 0.09069 0.69823
0.05527 0.25498 -0.19713
0.04556 0.60417 0.65643
-0.02816 0.66178 -0.44286
-0.08041 0.66178 -0.28206
0.12921 0.32212 0.65693
0.38658 -0.32421 -0.02072
-0.23587 0.07761 0.13005
-0.23587 -0.52020 -0.70478
0.05527 -0.43261 0.57930
0.05527 -0.15112 0.01503
-0.00726 0.66178 0.64653
0.16537 0.32212 0.35017
-0.23587 -0.33056 0.19742
0.05527 -0.44887 -0.16014
0.05527 0.45464 0.10139
-0.23587 0.43738 0.51110
0.04169 0.58417 -0.73145
-0.23587 0.45844 0.37254
0.03350 0.66178 0.03109
0.27346 -0.49350 0.29999
-0.17570 -0.59982 0.49549
0.05527 -0.21295 0.08299
0.05527 0.57928 0.28360
-0.11879 -0.59982 0.38781
0.26629 -0.26103 -0.19150
0.05527 -0.59722 0.07644
0.05527 -0.16012 -0.43350
-0.23587 0.61346 -0.16571
0.05527 -0.15818 -0.10884
0.10518 0.32212 -0.22590
0.05527 -0.46310 -0.58773
0.53884 -0.32421 -0.06080
0.05527 -0.53391 0.65819
0.05527 0.52130 0.48515
-0.06828 0.66178 0.15429
0.04556 0.37302 -0.33294
-0.23587 -0.10743 -0.57170
0.05527 -0.03990 -0.43050
-0.23587 0.58911 -0.37119
0.05527 -0.46658 0.46524
-0.03346 0.66178 -0.19757
0.05527 0.58268 -0.33509
-0.06223 0.33666 -0.73145
-0.23587 -0.24092 0.03185
0.05527 -0.22423 -0.07128
0.16169 -0.56638 0.11624
0.05527 -0.10225 0.27244
0.05784 -0.57390 -0.01493
0.55083 -0.41605 -0.33703
0.04535 0.66114 0.21475
0.05527 -0.27390 0.19571
0.05527 -0.36836 -0.48216
-0.00960 -0.59982 0.66150
-0.13409 0.66178 0.19063
-0.21487 -0.34037 0.72424
-0.06201 -0.59982 0.46449
0.05527 0.22284 0.66840
-0.23587 0.17827 0.19658
0.05527 -0.11082 -0.63150
0.60663 -0.44581 0.33464
0.05527 0.04828 0.52474
-0.23587 0.52394 0.62756
0.05527 -0.23856 -0.55303
0.04556 0.49927 -0.62731
-0.12966 0.66178 -0.10920
0.05527 -0.31322 0.53723
-0.18914 -0.59982 -0.43167
-0.09796 -0.59982 0.09717
0.16072 0.37065 -0.58128
0.04344 -0.59982 0.54853
0.05527 0.16873 0.07429
-0.23587 -0.20387 0.54252
0.24666 -0.30889 0.36503
0.05527 -0.08259 -0.35377
0.27346 -0.36995 -0.31134
0.01116 -0.59982 -0.46962
0.58923 -0.47629 -0.29677
-0.11888 0.28331 -0.73145
-0.04734 0.66178 -0.64568
0.40665 -0.22363 0.11256
-0.20250 -0.59982 -0.16408
0.01240 0.66178 -0.12124
0.05527 -0.00008 -0.21578
0.45357 -0.24970 0.32796
0.01384 -0.47405 -0.73145
-0.09696 -0.24791 0.72424
-0.09780 0.56008 -0.73145
-0.23587 0.06520 -0.70190
0.17172 0.33141 0.44230
-0.16149 0.66178 -0.68387
-0.23587 0.41155 0.03623
-0.23587 -0.21425 0.41033
0.04556 0.47306 0.64402
-0.23587 0.47640 0.70384
-0.23587 -0.51732 -0.11468
0.48328 -0.32421 0.07672
-0.23587 -0.58066 0.08902
-0.23587 0.65301 0.40069
0.27426 -0.36220 0.28841
0.05527 -0.05668 0.40616
0.60227 -0.52474 -0.31581
0.04556 0.62811 0.57464
0.05527 -0.25912 0.40774
0.09629 0.32212 -0.10687
0.05527 0.09103 -0.41955
-0.23587 0.05605 0.21578
-0.15713 0.66178 0.57132
0.55083 -0.34880 -0.29903
-0.23587 -0.30671 -0.14874
0.30881 -0.24615 -0.31477
0.44874 -0.30171 -0.37044
0.05527 -0.15214 0.52472
0.56550 -0.32421 -0.02139
-0.23587 0.31331 -0.00058
0.32489 -0.40256 0.31539
-0.23587 -0.59690 -0.53968
0.05527 0.03780 -0.47471
0.32407 -0.57056 0.33984
0.05527 -0.28570 0.26408
0.05527 -0.03903 -0.27482
0.62430 -0.26692 0.28606
0.03158 0.10458 0.72424
0.04556 0.53307 -0.58881
-0.23587 -0.19026 0.23646
0.26475 -0.32421 -0.36426
0.09909 0.33731 0.72424
0.63194 -0.32409 0.17359
0.47820 -0.29006 0.37390
-0.06978 -0.19233 -0.73145
0.17051 0.36537 0.11583
0.50245 -0.26353 -0.35617
-0.11459 -0.17677 0.72424
-0.23587 -0.14338 -0.51533
-0.23587 0.18712 0.39064
0.50303 -0.32421 0.31017
0.04556 0.64990 -0.56011
0.05527 -0.45019 0.21558
-0.23587 -0.21688 -0.42075
0.05527 -0.33437 0.35906
0.05527 -0.20845 0.37861
0.11151 0.37065 0.32709
0.17051 0.36469 -0.70205
-0.23587 -0.05816 -0.60783
0.05527 0.11138 -0.19658
0.04733 0.54710 0.16917
0.08874 0.37065 -0.27129
-0.23587 -0.14562 -0.44014
0.04556 0.38007 0.68240
-0.23587 -0.11044 0.59339
-0.18910 -0.59982 -0.29338
0.27851 -0.25548 0.26780
0.17172 0.35700 0.01603
-0.23587 0.24326 -0.60229
-0.23587 0.06160 -0.21019
-0.13959 0.58114 0.72424
-0.23138 -0.59982 0.61434
0.05527 -0.22869 -0.41851
-0.12069 0.66178 0.66492
0.05527 0.10065 0.04225
0.05527 -0.27665 -0.61767
0.58880 -0.25083 -0.17664
-0.23587 0.47317 -0.46888
-0.23587 -0.20023 -0.22028
0.05527 -0.15632 -0.25434
-0.00611 -0.55855 -0.73145
0.49824 -0.32421 0.21174
-0.23587 0.06027 -0.30619
-0.07497 0.48793 -0.73145
-0.23587 -0.44473 0.27227
-0.23587 0.47669 -0.07149
-0.23587 0.53542 0.38738
-0.22367 0.66178 -0.55165
-0.23125 -0.56282 0.72424
0.05527 0.18855 -0.35652
0.58252 -0.24843 0.01002
-0.23587 -0.14248 0.15773
-0.23587 0.11770 -0.17475
0.12648 0.32212 0.56854
-0.15672 -0.59982 0.34537
0.05527 0.21329 0.28502
-0.23587 0.21779 -0.66513
-0.23587 -0.05204 -0.01314
0.05527 -0.11020 0.54905
0.47353 -0.22377 0.12039
-0.23587 -0.40378 0.37172
0.05527 0.00279 0.19523
0.05527 -0.36210 -0.27374
0.16667 0.32212 -0.62831
-0.00953 0.66178 0.43262
0.05527 -0.50014 0.26218
-0.02347 0.66178 0.28753
-0.17333 0.66178 0.29895
0.28273 -0.52191 -0.29772
-0.23587 0.49457 0.16155
0.05527 0.19232 -0.72761
0.31009 -0.32421 0.13290
-0.05698 -0.45968 0.72424
-0.14294 -0.44907 -0.73145
0.58632 -0.24981 -0.09953
-0.20235 0.66178 -0.46494
-0.02009 -0.42724 -0.73145
-0.00791 -0.31855 0.72424
-0.23587 0.16541 0.52126
-0.23587 -0.49255 0.49660
0.05267 0.03292 -0.73145
-0.23587 -0.26759 0.11776
-0.23587 0.40219 0.27484
-0.23587 0.47337 -0.64544
0.35913 -0.23034 -0.08031
-0.23587 0.05175 0.49641
0.17828 -0.58041 0.01159
0.59119 -0.25182 0.16675
-0.05642 -0.37335 -0.73145
-0.00133 -0.07998 0.72424
0.57516 -0.32421 0.05458
0.00718 0.27429 0.72424
0.44577 -0.23560 -0.28070
0.09234 0.37065 -0.42009
-0.05139 0.36221 0.72424
0.05527 -0.54441 0.15083
-0.23587 0.53248 -0.16692
0.05527 -0.26510 0.05507
0.05527 -0.41685 0.02506
0.31970 -0.24036 -0.20853
0.05527 0.17777 0.55484
0.05527 -0.34330 0.66229
0.05527 -0.08641 -0.52365
-0.23587 0.02129 -0.51855
0.37803 -0.32421 0.07961
-0.19388 -0.15111 0.72424
-0.23587 0.09320 -0.05699
-0.14536 -0.32226 -0.73145
0.27762 -0.55147 -0.34916
0.05527 -0.34285 -0.58461
-0.13024 0.66178 0.26171
-0.23587 0.36301 -0.64199
-0.09663 0.66178 -0.62614
-0.23587 0.22903 0.57328
0.62732 -0.26847 -0.03188
-0.00053 -0.59982 0.30776
-0.23587 -0.36693 -0.63949
-0.11754 0.66178 -0.24031
-0.02353 -0.59574 0.72424
0.05527 0.31828 -0.73023
0.04153 0.60512 -0.22038
-0.02718 0.66178 -0.52179
-0.13137 0.66178 -0.37301
0.05527 -0.55462 -0.23703
0.60693 -0.31756 -0.37044
0.05527 -0.45105 0.37189
-0.23587 -0.21939 -0.65535
-0.07267 -0.59982 -0.36057
-0.17228 -0.42352 0.72424
0.17034 0.32212 -0.36940
-0.21827 0.66178 -0.29317
0.05527 0.51371 0.22984
-0.03550 0.66178 -0.07497
-0.23587 -0.36529 -0.06599
0.05527 -0.57900 -0.72442
-0.23587 0.00638 0.22821
0.05527 -0.50150 -0.06139
0.05527 -0.54938 -0.09521
-0.23587 -0.32568 -0.38439
0.05527 -0.36355 0.14048
0.43930 -0.26029 -0.05373
-0.23587 0.00128 -0.71079
0.05527 0.15613 0.44849
0.05527 -0.23989 0.00122
0.11089 0.37065 -0.09194
0.05527 -0.08877 0.02055
-0.23587 0.09041 -0.59880
0.05527 -0.15825 -0.52312
0.05527 0.21165 -0.03339
0.55830 -0.28673 -0.37044
-0.23587 0.34813 0.62097
0.32295 -0.32421 0.22188
-0.06465 -0.59982 -0.48748
0.05527 0.19492 -0.63399
-0.23587 0.65431 0.24570
0.11536 0.37065 -0.62390
0.04991 0.37065 -0.12986
-0.23587 0.11323 0.45116
-0.23587 -0.15149 0.70087
-0.23587 0.36209 -0.56268
-0.17005 0.00431 0.72424
-0.19382 0.11736 -0.73145
-0.23587 -0.27257 -0.01169
0.05527 0.46223 0.36026
-0.23587 0.09327 0.28346
0.05527 0.05473 -0.35599
-0.01121 -0.53637 0.72424
0.05527 -0.16176 0.11637
-0.23587 -0.17393 0.28841
-0.23587 -0.44858 -0.25727
0.05281 0.66178 -0.31186
0.05527 0.58974 -0.39619
-0.23587 -0.54622 0.64441
0.40207 -0.22408 -0.14240
0.05527 -0.44417 -0.38666
-0.23587 0.33373 0.10244
0.05527 0.04611 0.33006
-0.23587 -0.27393 -0.71001
-0.23587 0.07938 0.33598
-0.23587 0.25674 -0.43082
0.05527 0.42884 -0.28831
0.46653 -0.22330 0.18935
0.00233 0.66178 0.55954
0.13380 0.37065 -0.49161
-0.23587 -0.33396 0.44167
-0.23587 0.51236 -0.59799
-0.09472 -0.59982 -0.08751
0.04556 0.39166 -0.46426
0.04556 0.41473 0.26610
-0.23242 0.66178 -0.65888
0.49714 -0.23782 0.29225
-0.23587 0.35783 -0.06690
-0.23587 0.62376 -0.24305
0.07157 0.37499 0.06190
-0.23587 -0.51968 0.01089
-0.23201 -0.03324 0.72424
0.13163 0.37065 -0.22279
-0.23587 -0.55609 -0.32643
-0.23587 0.40367 -0.43132
0.00437 0.66178 0.14970
0.25818 -0.32421 0.12363
-0.16069 0.27931 0.72424
0.10666 0.32212 0.33214
0.35314 -0.32421 0.32883
-0.23587 0.42228 -0.18853
0.11201 0.37065 -0.54563
0.05527 -0.56639 0.31718
-0.10156 0.41841 -0.73145
0.04556 0.43900 -0.68045
-0.23587 -0.13354 -0.30089
-0.23587 0.58775 -0.00317
-0.13879 0.66178 0.05615
-0.23587 0.62744 0.04284
-0.10463 0.66178 0.53533
0.25022 -0.32421 -0.12950
-0.17562 -0.27162 -0.73145
-0.00402 0.52900 0.72424
0.14528 0.32212 0.24648
-0.01757 0.63825 0.72424
0.05522 -0.03792 0.72424
0.05527 0.20159 0.46262
-0.23587 -0.54579 0.47048
-0.22608 -0.59982 0.19904
0.04556 0.37253 0.18021
-0.16488 -0.09740 -0.73145
-0.23587 -0.02627 -0.53466
-0.23587 -0.46331 -0.00408
0.04556 0.62406 -0.63446
-0.23587 0.58651 -0.28323
0.05527 0.21700 0.10615
0.31490 -0.59392 0.28841
0.05527 0.64211 -0.35633
-0.23587 0.33362 0.38258
-0.23587 -0.14076 -0.18381
0.47925 -0.32421 -0.32024
-0.23587 0.22620 0.49258
0.05527 0.65750 0.45379
0.05527 -0.13383 0.38838
-0.07758 0.07199 0.72424
-0.23587 -0.39551 0.58339
0.05527 -0.55999 -0.63163
-0.23587 0.40742 -0.54037
0.05527 0.02755 -0.30128
0.05527 -0.42203 0.72045
-0.05159 0.20368 -0.73145
-0.23587 -0.09306 -0.03771
0.17172 0.34193 0.54606
-0.14263 0.63968 0.72424
-0.19573 0.46563 -0.73145
-0.23587 -0.35982 -0.42511
0.46948 -0.32421 -0.20980
0.05393 0.48103 -0.18772
0.05527 0.26874 -0.11909
-0.23587 0.48037 -0.19388
0.05527 -0.58896 0.66942
0.05527 0.09330 0.43134
-0.18551 0.66178 -0.36816
-0.11798 -0.37729 -0.73145
0.11894 0.37065 -0.68368
0.05527 0.15538 -0.31142
0.05527 0.54982 -0.27425
0.05527 0.19867 0.60153
0.24666 -0.28885 -0.03712
-0.23587 0.35371 -0.20512
0.34116 -0.32421 0.01846
-0.23587 -0.41436 -0.71948
0.05527 0.15354 0.31481
-0.15814 -0.55182 -0.73145
-0.07581 -0.59982 0.35185
-0.23587 0.38565 -0.27614
0.63194 -0.28368 -0.30385
0.05527 -0.47828 0.16001
-0.21563 -0.59982 -0.05022
0.00668 -0.25370 0.72424
0.05527 0.00691 -0.53089
-0.23587 -0.02016 -0.32582
0.05527 0.29147 0.68241
-0.23587 0.59352 -0.05387
0.55520 -0.52936 0.31047
0.38241 -0.24307 0.30936
0.03821 0.63827 -0.09415
-0.23587 0.58311 0.37593
0.05527 0.46974 -0.53277
0.47644 -0.22407 -0.12987
-0.23587 0.05208 -0.41198
0.05527 0.19673 0.21941
-0.23587 -0.43113 0.12508
-0.11019 0.66178 0.36886
0.07206 0.32212 0.08632
0.05527 -0.15654 -0.70229
-0.00650 0.08311 -0.73145
-0.23587 -0.06256 0.18304
-0.23587 0.65646 0.64205
0.05527 -0.13419 -0.30634
0.05527 0.15177 -0.42494
0.04556 0.41640 -0.18850
0.54861 -0.23736 0.22351
0.32323 -0.39999 -0.29772
0.34492 -0.23349 0.24118
-0.23587 -0.25664 -0.30346
-0.23587 0.56660 -0.50682
0.05527 0.01966 -0.67013
0.04556 0.50135 0.57424
0.36202 -0.25289 -0.33230
0.16803 0.37065 0.67116
0.05527 0.25539 0.18362
0.59194 -0.52717 0.33984
-0.23587 -0.06379 -0.67418
0.05313 0.48907 0.14526
-0.23587 0.16649 -0.31851
-0.23587 -0.23624 0.65389
0.04556 0.39220 0.54301
0.47457 -0.22387 -0.20732
-0.21958 0.40135 -0.73145
0.05527 0.60859 -0.51100
-0.23587 -0.36308 -0.53622
-0.15049 -0.59982 0.19348
-0.23587 -0.54037 0.28139
0.36873 -0.22854 -0.19974
0.05527 -0.48384 0.52064
-0.14323 0.48149 -0.73145
0.30825 -0.58015 -0.29772
-0.23587 0.13062 -0.49069
-0.03381 -0.37157 0.72424
0.29945 -0.53909 0.28841
0.01419 0.44177 -0.73145
-0.23587 -0.13988 -0.36025
0.50783 -0.22816 -0.03812
0.05527 0.18850 -0.22379
-0.23587 -0.51123 -0.40729
-0.23587 -0.52213 -0.64703
0.13808 0.37065 0.08459
0.36461 -0.32421 -0.28490
0.58194 -0.32421 0.12723
-0.11515 0.11389 -0.73145
-0.11886 -0.59982 -0.18057
-0.06376 0.14701 -0.73145
0.05527 -0.31726 0.07797
0.05527 -0.30694 -0.23095
-0.21979 0.05105 0.72424
0.32426 -0.53159 -0.34916
-0.23587 0.17619 -0.01003
0.33895 -0.32421 -0.34615
0.56163 -0.55818 -0.29677
-0.17996 -0.14389 -0.73145
0.59813 -0.26547 0.36344
-0.23587 -0.01253 0.64084
-0.23587 -0.49103 0.19339
0.04556 0.38764 -0.01124
0.47921 -0.32421 -0.12618
-0.23587 -0.01168 -0.40985
-0.20025 0.66178 0.43571
0.05527 -0.32047 0.48227
-0.06419 0.49069 0.72424
-0.23587 0.51304 0.51485
0.06456 0.46769 -0.10145
0.05527 0.31965 0.45301
0.60663 -0.33553 0.31925
-0.23587 -0.43286 -0.33809
-0.18229 0.66178 0.13377
0.05527 0.24546 -0.24627
0.05527 -0.51502 -0.56674
0.57027 -0.43087 0.28841
-0.15861 0.66178 0.51849
0.05527 0.07902 0.15712
-0.23587 -0.45181 0.40936
-0.02370 -0.16431 -0.73145
0.05527 -0.33484 -0.06168
-0.23587 0.51449 -0.24833
-0.00220 -0.59982 -0.15854
0.05567 0.32212 -0.64038
0.17432 -0.56444 -0.15843
-0.00352 0.66178 -0.57436
0.05527 0.29843 0.29712
0.05527 -0.18218 0.42486
-0.19601 0.66178 -0.72362
-0.23587 -0.03155 0.41121
0.06930 0.37466 0.35304
-0.23587 0.42512 -0.37203
0.24666 -0.30694 0.02707
-0.23587 0.62401 0.69775
0.14016 0.37226 0.71724
-0.19167 0.66178 -0.08583
-0.23587 -0.15210 -0.14012
0.05527 -0.50731 -0.17076
0.40980 -0.32421 0.27612
0.05527 0.28998 -0.01035
-0.23587 -0.03723 0.04525
-0.23587 0.14783 0.70140
0.04168 0.53985 -0.73145
-0.16902 -0.59982 -0.50651
-0.23587 0.25150 -0.27198
-0.22174 0.40096 0.72424
0.39916 -0.22438 0.05975
0.27903 -0.52751 0.33984
-0.23587 -0.39329 -0.01971
0.05527 -0.55214 -0.48795
-0.23587 -0.31313 0.24321
0.05527 -0.59003 -0.17490
-0.10128 -0.56589 0.72424
-0.23587 -0.48569 0.13407
0.06086 0.46284 -0.00335
-0.23587 -0.02033 0.27502
-0.16892 -0.47640 0.72424
0.05527 -0.07166 -0.21777
0.05527 -0.40331 -0.69061
-0.03760 0.66178 0.05078
-0.01181 0.66178 0.34514
0.05527 -0.36405 0.02276
-0.23587 -0.06868 0.51961
0.04556 0.51807 0.67145
0.05527 -0.16385 0.26513
0.05527 0.45261 0.41188
-0.23587 -0.42602 -0.49599
-0.23587 -0.59388 0.34056
-0.23587 0.52452 -0.08788
0.62446 -0.26700 -0.21279
-0.16869 0.66178 0.62251
0.05527 -0.28920 -0.45155
-0.23587 -0.10001 0.08281
0.13338 0.32212 -0.05201
-0.21459 -0.28919 0.72424
0.05527 0.12500 -0.52183
-0.19143 0.24059 0.72424
-0.23587 0.25982 -0.05196
0.05527 0.28187 0.53190
0.05527 -0.08379 -0.02883
-0.16418 -0.59982 -0.13048
0.05527 0.21042 -0.51877
-0.15199 -0.59982 -0.67286
-0.23587 0.31794 -0.15029
-0.23587 -0.30910 0.33133
0.01164 -0.20746 -0.73145
-0.13087 0.46245 0.72424
0.02295 -0.59982 -0.36227
-0.23587 0.61556 -0.57254
0.01297 -0.46747 0.72424
0.05527 -0.54005 -0.38183
0.26116 -0.26341 -0.13472
0.04069 0.61345 -0.02790
0.05527 -0.59539 0.46694
-0.23587 -0.32265 0.14907
0.17172 0.32428 0.59398
-0.23587 0.32950 -0.32882
-0.04131 -0.59982 0.19986
-0.11443 0.10610 0.72424
0.05527 -0.38690 0.33897
-0.23587 0.00306 -0.06490
0.04556 0.39551 -0.52786
0.55083 -0.54730 -0.33950
0.05527 0.28714 0.39177
0.17172 0.35265 -0.30053
0.05527 -0.14445 0.17263
-0.23587 -0.24809 -0.56871
-0.11191 0.66178 -0.57771
-0.23587 -0.39657 0.31675
-0.01446 -0.59982 0.13884
-0.23587 0.03331 0.37579
0.31479 -0.32421 -0.15087
0.05527 -0.02589 -0.03371
0.59191 -0.32421 -0.17803
0.27737 -0.32421 -0.04934
0.05527 -0.13878 0.70025
0.05527 0.65195 -0.46747
-0.19043 -0.59982 0.54391
-0.12759 -0.05979 0.72424
-0.23587 0.30097 -0.46513
0.08409 0.37065 0.58996
-0.23587 -0.41261 0.07651
-0.06634 0.66178 -0.35472
-0.23587 0.36287 0.55308
-0.23587 0.15654 -0.40276
0.44237 -0.22237 -0.16823
-0.04884 -0.03784 -0.73145
-0.12287 -0.59982 0.03785
-0.23587 0.33758 0.28772
-0.18147 0.48149 0.72424
-0.23587 -0.17916 -0.28402
0.55083 -0.45858 -0.31955
-0.23587 0.07621 0.64403
-0.23587 0.24682 0.22831
0.05527 0.15915 0.12356
0.37770 -0.32421 0.20822
-0.23587 -0.16920 0.57967
-0.23587 -0.10422 -0.21496
-0.23587 0.25846 0.63924
-0.03298 0.41177 0.72424
0.05527 -0.45449 -0.00868
-0.23587 -0.34134 -0.58120
0.05527 0.13375 -0.01200
-0.23587 -0.27159 0.37455
0.03828 0.62320 -0.73145
0.17172 0.33115 0.14355
-0.02242 0.66178 -0.00869
-0.23587 0.19364 -0.12683
0.05527 -0.19600 0.21277
0.08403 0.32212 -0.30840
-0.23587 -0.29109 -0.48379
-0.04939 0.66178 -0.69689
0.40745 -0.22359 -0.04951
-0.23587 0.22103 0.42660
0.05527 0.27177 0.62498
-0.23587 0.22980 0.03791
0.05527 0.23609 -0.33846
0.05527 -0.54122 0.46222
0.05527 -0.11551 -0.16607
-0.15284 0.24970 -0.73145
0.05527 0.03720 0.47748
-0.22456 -0.59982 0.49927
0.52008 -0.32421 -0.16928
-0.23587 0.49497 -0.01476
-0.16865 -0.59982 0.29580
-0.23587 0.23766 -0.38429
0.05527 0.44867 -0.44467
-0.23587 -0.04547 -0.16291
-0.23587 0.16212 0.24245
0.53127 -0.32421 0.08099
-0.23587 -0.00153 -0.13091
0.05527 0.18236 0.72137
0.49058 -0.32421 -0.02240
0.00343 0.49086 -0.73145
0.05527 0.61994 0.48284
-0.23587 0.41076 0.37373
-0.08539 0.20111 0.72424
0.32489 -0.47395 -0.33544
0.50385 -0.32421 0.25966
0.05527 -0.17804 -0.05794
0.36319 -0.32421 -0.19022
-0.21407 0.20056 -0.73145
0.05527 0.17880 0.02770
0.05527 0.05638 -0.52334
-0.23587 0.62638 -0.12001
0.36346 -0.22953 0.13420
-0.13196 -0.36156 0.72424
0.07270 0.32212 0.01988
0.11607 0.32212 0.16967
-0.23587 -0.31159 0.48932
-0.23587 -0.36497 0.08156
-0.23587 0.24086 0.32839
-0.20029 0.66178 -0.59607
0.05527 -0.43122 0.16540
0.04433 -0.36255 -0.73145
0.27138 -0.32421 0.31637
-0.23587 -0.18586 0.17646
-0.23587 0.44069 0.08939
-0.19841 0.56442 0.72424
0.05527 -0.57957 0.41485
0.08371 0.37065 0.25790
-0.23587 0.53921 0.43433
-0.23587 0.06443 -0.25715
-0.23587 -0.59559 -0.42815
0.05527 0.05729 -0.18812
0.05527 -0.24257 -0.65661
-0.23587 0.55868 0.52605
-0.09124 0.66178 -0.08212
0.41021 -0.24446 -0.31012
-0.23587 0.10978 -0.28362
-0.23587 0.24428 0.11434
0.05527 0.04438 0.66059
-0.23587 0.20217 -0.06494
0.03913 0.62906 0.07626
0.55520 -0.34515 0.29705
0.05527 -0.17129 -0.58160
0.02819 -0.09267 -0.73145
-0.23587 0.21005 -0.50949
0.05527 -0.18704 0.61816
-0.23587 0.62230 0.61012
0.05527 -0.54518 0.27476
0.05527 -0.35526 0.51351
0.05527 0.31538 0.22132
0.05527 -0.53065 0.07991
-0.10620 -0.59982 0.25343
-0.23587 -0.53032 0.22815
-0.23587 -0.56677 0.12845
0.55194 -0.23827 -0.26410
0.05527 0.03073 -0.00379
-0.03385 0.11462 0.72424
0.58411 -0.32421 -0.28410
-0.23587 0.62420 0.08931
0.05527 0.31341 -0.41683
0.55965 -0.41752 0.33984
0.05527 -0.23162 -0.60611
0.05527 -0.23037 0.13661
-0.11773 0.66178 0.00306
-0.23587 0.47782 0.62992
0.05527 0.00809 0.54423
-0.23587 -0.48107 0.36734
0.17172 0.32934 -0.22964
-0.23587 0.51868 -0.66883
-0.23587 0.58087 0.15049
-0.23587 0.34844 0.69736
-0.23587 0.28424 0.18671
-0.23587 -0.35902 0.34391
-0.23587 0.51760 -0.45585
-0.14309 0.34905 -0.73145
0.05527 -0.30792 0.16443
-0.23587 -0.00321 0.32629
0.05527 -0.46022 -0.43115
0.05527 -0.31662 -0.35583
0.29116 -0.44616 0.28841
-0.23587 0.53771 -0.28817
0.09371 0.37550 0.12159
-0.13218 0.66178 0.14021
-0.23587 -0.36343 0.02813
-0.23587 -0.22907 -0.37382
-0.23587 0.59068 -0.41718
0.25836 -0.26485 0.34617
-0.23587 -0.04640 0.58509
0.05527 -0.27856 -0.06859
0.26905 -0.32421 -0.31164
0.05527 -0.47318 0.62477
0.05527 -0.22532 -0.36462
0.05527 0.10697 -0.56636
0.17172 0.35602 -0.40011
0.04829 0.37550 -0.24875
0.31119 -0.33942 0.33984
0.43930 -0.22695 0.08302
0.20644 -0.57240 -0.02674
-0.23587 -0.52067 -0.54100
-0.23587 -0.32165 -0.64550
-0.04526 0.66178 -0.39524
-0.23587 0.15055 0.42492
-0.22843 -0.59982 0.05580
-0.23587 -0.16870 0.51360
0.51164 -0.22887 0.24690
0.56090 -0.24100 -0.14208
-0.23587 0.24904 -0.14985
0.05527 -0.40021 -0.37509
0.25877 -0.26464 0.21329
-0.23587 -0.08302 -0.34174
0.59104 -0.25176 0.24029
0.05527 -0.45763 -0.72276
-0.23587 0.06789 0.44884
-0.23587 -0.16566 -0.68881
-0.08056 0.23818 -0.73145
0.05527 -0.08171 -0.29116
0.05527 0.06369 0.59256
0.33530 -0.23590 0.03658
-0.23587 -0.17233 0.42752
0.05527 0.11353 -0.69152
0.07607 0.32212 0.63648
-0.11246 -0.30213 0.72424
0.07917 0.37550 -0.37186
-0.23587 -0.12593 -0.00115
-0.06394 -0.59982 -0.63423
0.63194 -0.29210 0.13107
0.05527 0.63498 0.25836
-0.23587 0.27809 0.46994
0.04185 0.60189 0.16987
0.48763 -0.32421 0.16784
0.12471 0.32212 0.37354
-0.00411 0.66178 0.19399
-0.13610 -0.51249 -0.73145
-0.23587 0.23620 -0.47277
-0.23587 0.43078 -0.31085
-0.23587 0.00025 0.50034
-0.23587 0.40713 -0.06045
0.05142 0.41917 0.20437
0.05527 -0.01502 0.05806
-0.23587 -0.20108 -0.09840
-0.08897 -0.09981 -0.73145
-0.23587 0.62961 0.44767
-0.23587 0.14575 -0.13581
-0.23587 0.10153 0.09009
0.05527 -0.44882 -0.66705
-0.23587 -0.25946 -0.05471
0.00682 0.05835 0.72424
0.04483 0.57208 -0.08988
-0.17344 -0.59982 0.11124
0.04855 0.53484 -0.00432
0.05527 0.20079 0.34403
-0.03741 -0.59982 -0.19451
0.05527 0.08496 0.24620
-0.23587 -0.37524 0.19960
0.00275 -0.59982 0.43794
0.51484 -0.32421 -0.21367
-0.23587 0.43513 0.23473
0.55010 -0.23777 0.14648
-0.04348 0.66178 0.62046
-0.20490 0.28534 0.72424
-0.23587 -0.09538 -0.52190
0.17051 0.36556 0.47096
0.03250 -0.29004 0.72424
0.05527 -0.12587 -0.21299
0.05527 -0.46988 -0.53716
-0.23587 0.17225 -0.64829
0.05527 -0.00155 -0.45671
0.05527 -0.23046 0.63356
0.04556 0.52713 -0.66194
0.05527 -0.19162 -0.22467
0.05527 0.56289 0.41180
-0.03585 -0.14630 0.72424
0.05527 -0.00887 -0.09871
0.05527 -0.03077 0.56934
-0.23587 -0.41644 -0.18227
-0.23587 -0.58674 -0.28922
-0.20135 0.09976 0.72424
-0.23587 0.11201 0.56235
-0.23587 0.29658 -0.67985
-0.14472 -0.05823 -0.73145
0.58655 -0.24991 -0.30393
0.05425 -0.29250 -0.73145
0.05527 -0.08645 -0.42762
0.07945 0.37065 0.50345
-0.06187 -0.59982 0.29632
-0.23587 -0.29831 0.02855
0.54330 -0.32421 -0.34244
-0.23587 0.48575 -0.51091
-0.15835 0.34451 0.72424
0.05527 0.12174 -0.26145
0.05527 0.00127 0.36906
0.05527 0.25205 0.30846
-0.03928 0.66178 0.47297
-0.23587 0.43463 0.61522
-0.18286 0.66178 -0.32446
-0.23587 -0.33622 -0.31008
-0.23587 -0.17251 0.34497
-0.04388 0.60336 0.72424
0.05527 0.16335 -0.13021
-0.22757 0.66178 0.17162
0.04556 0.58374 -0.68988
-0.23587 -0.45341 0.47731
0.55788 -0.39381 -0.29677
-0.06890 -0.01981 0.72424
0.05527 -0.19748 0.54239
-0.23587 0.06710 -0.00296
0.05527 -0.03608 0.21464
-0.08142 -0.23418 -0.73145
0.05527 -0.11793 0.64304
0.05527 -0.12939 -0.40286
-0.04871 0.66178 -0.31168
-0.23587 0.04874 0.16243
0.31802 -0.24090 -0.25280
-0.06894 0.66178 -0.45740
0.05527 -0.54102 -0.04298
0.07279 0.32212 -0.69044
-0.10085 -0.59982 -0.23854
0.09045 0.32212 -0.61466
0.04402 0.58020 0.11244
-0.23587 0.59845 0.23548
0.01233 0.40672 0.72424
-0.20093 -0.59982 -0.60521
-0.01456 -0.33910 -0.73145
0.05527 0.16798 0.49003
-0.23587 -0.08327 -0.45062
0.05527 0.64602 0.40888
-0.23587 -0.05942 0.29313
0.24666 -0.30605 0.16092
0.05527 -0.18692 0.70444
-0.23587 -0.38353 -0.68761
-0.23587 0.46713 -0.59406
0.37436 -0.32269 -0.37044
-0.23587 0.34719 -0.38823
0.05527 0.15609 -0.61560
-0.01916 0.65699 -0.73145
0.60227 -0.35434 -0.31740
-0.13443 0.04445 0.72424
0.05527 -0.53646 -0.27590
-0.23587 -0.21683 -0.00363
0.05527 -0.47593 -0.62861
-0.23587 0.04349 0.08551
0.50776 -0.32421 -0.09425
0.05527 -0.56400 0.10677
-0.23587 0.07085 -0.37350
-0.07096 -0.59982 -0.58294
-0.23587 0.63407 -0.43455
0.24666 -0.27483 0.12381
0.13669 0.37065 0.44239
-0.03426 -0.49643 0.72424
0.05527 -0.42252 -0.19642
-0.10423 0.66178 0.22115
0.00448 -0.59982 -0.70079
-0.23587 -0.07328 0.34327
0.05527 0.11980 0.59736
0.05527 -0.36718 -0.22732
-0.23587 -0.45214 0.22917
-0.23587 -0.10153 0.48961
0.09429 0.37178 -0.04000
0.05527 0.05188 -0.63786
-0.23587 0.16767 0.03159
0.00231 -0.59982 -0.53395
0.05527 0.09959 0.68934
0.05527 0.09667 -0.47719
0.06599 0.32212 -0.06983
0.05527 -0.35796 -0.40495
0.05527 0.60616 0.39505
-0.23587 -0.54003 0.39852
0.05527 0.26985 0.49130
0.14798 0.37065 -0.14508
0.05527 -0.29763 0.02802
0.05527 -0.49442 0.12094
0.05527 -0.18555 -0.38694
0.59354 -0.32421 0.19963
-0.02718 0.38677 -0.73145
0.05527 -0.51464 0.61133
-0.23587 -0.40331 0.41395
0.05527 -0.54329 0.01403
0.04556 0.39572 0.42142
0.09693 0.37065 -0.31267
0.05196 0.37065 0.45881
-0.23587 -0.27312 0.21859
-0.23587 -0.28282 0.60302
-0.23587 -0.37682 0.48458
-0.23587 0.24372 -0.20542
0.50113 -0.24473 -0.31086
-0.15705 0.66178 -0.01396
0.63194 -0.30316 -0.13656
-0.23587 -0.10259 -0.11192
-0.18423 0.38203 0.72424
0.04556 0.41651 -0.08675
-0.23587 0.07161 0.59110
0.04556 0.60128 0.70882
-0.23587 0.46228 0.20169
-0.14021 0.66178 -0.15274
0.28110 -0.45876 -0.29772
0.06761 0.32212 -0.20741
0.20406 -0.56100 0.14258
0.10349 0.32212 0.60483
-0.23587 -0.24292 -0.09973
-0.23587 -0.41536 0.65425
0.05527 0.15072 -0.72344
-0.06487 0.53436 -0.73145
0.05527 0.03837 0.16657
0.00557 0.66178 -0.08225
-0.23587 -0.04520 -0.05823
0.04556 0.37117 0.02951
0.27749 -0.59982 -0.34676
-0.10662 0.62842 -0.73145
0.05527 -0.17570 -0.48525
0.56998 -0.24995 0.32861
0.13231 0.32212 -0.17746
-0.23587 -0.45761 0.56182
-0.23587 -0.55351 0.04904
-0.23587 -0.57510 -0.16077
-0.19091 0.66178 -0.65145
-0.23587 -0.58857 -0.69714
0.39833 -0.32421 0.01920
-0.00726 0.30585 -0.73145
-0.23587 0.43160 0.47010
-0.23587 -0.53415 0.69452
-0.15851 -0.36832 -0.73145
0.40804 -0.32421 -0.29042
0.07315 0.37065 0.64938
0.05527 -0.53482 0.71298
-0.12384 0.66178 0.40705
0.05527 -0.56302 0.62299
-0.23587 0.43841 0.33641
0.03456 0.51144 0.72424
0.24666 -0.28978 -0.31566
0.05527 0.15255 -0.19409
0.15115 0.37065 0.33842
0.05527 -0.14997 -0.66162
0.28657 -0.25216 0.30804
0.05527 -0.19060 -0.34255
0.05527 -0.40803 0.62128
0.05527 -0.04624 0.68487
0.27010 -0.25927 -0.07678
-0.03654 -0.48171 -0.73145
-0.12290 0.41374 0.72424
-0.05378 -0.56819 -0.73145
0.24666 -0.31070 -0.27923
0.59063 -0.30435 0.37390
-0.01419 -0.59982 -0.37951
-0.05725 -0.55631 0.72424
-0.03343 0.15552 0.72424
0.05527 -0.11970 0.14007
0.04742 0.54617 -0.18506
0.58729 -0.39862 -0.34820
0.05527 -0.06620 0.48730
0.34871 -0.23261 -0.04096
-0.23587 0.32363 0.34310
-0.16172 0.66178 -0.25811
-0.23587 0.53027 0.12087
-0.09021 -0.59982 0.64896
-0.15511 -0.18041 0.72424
-0.23587 -0.00972 -0.57179
0.05527 -0.42770 0.32165
0.05527 -0.07577 -0.60283
-0.05288 0.66160 0.72424
-0.21496 0.32621 -0.73145
-0.23587 0.00897 0.41195
0.05527 0.31381 -0.36507
-0.16433 -0.54552 0.72424
0.05527 0.27815 -0.44521
-0.00775 0.66178 -0.65647
0.21494 -0.57295 -0.16273
-0.23587 0.18297 0.57072
-0.23587 -0.47928 -0.12836
-0.23587 0.47645 -0.68652
-0.23587 0.02085 -0.31509
0.05527 0.26314 -0.53040
-0.23587 0.37639 0.46898
-0.06205 0.66178 -0.22611
0.04556 0.64490 -0.68393
-0.23587 0.26000 0.41255
-0.23587 0.20114 0.64934
-0.23587 0.18349 0.71955
-0.23587 -0.26381 -0.16835
0.43930 -0.22741 0.13592
0.14814 0.32212 0.00053
-0.23587 0.37912 -0.68316
-0.18234 -0.45729 -0.73145
-0.22015 -0.59982 -0.21483
-0.23587 -0.54414 0.60153
0.05527 -0.06549 -0.48928
-0.18176 0.66178 0.71307
0.05527 0.54565 0.44815
0.14419 0.37065 0.55202
-0.23587 -0.25177 -0.49227
0.04556 0.44299 0.67073
0.02043 0.66178 -0.45005
0.15264 0.37065 -0.18498
0.05527 -0.47921 -0.27881
0.04967 0.41917 -0.41801
0.40916 -0.22348 -0.00317
-0.06120 -0.59982 0.08109
-0.23587 0.65900 -0.51319
0.05527 -0.28590 0.43759
0.30184 -0.41121 -0.34916
0.05527 0.61994 -0.25668
-0.23587 -0.07771 0.39829
-0.23587 -0.51522 -0.15460
0.05527 0.12636 0.07282
-0.23587 -0.11308 0.68930
0.58577 -0.32421 -0.10954
0.05527 0.01592 0.29377
0.09968 -0.58041 -0.12890
-0.23587 0.16969 -0.49846
-0.23587 -0.43872 -0.29870
0.53585 -0.32421 -0.27159
0.05527 -0.37687 0.25575
-0.23587 -0.27683 0.46999
0.56628 -0.49819 0.28841
0.60434 -0.25735 -0.13414
0.32074 -0.46214 -0.29772
0.56922 -0.51359 -0.29677
0.04556 0.40112 -0.35974
0.05527 0.60817 -0.43135
0.32748 -0.32421 -0.11327
0.05527 0.22909 -0.70208
-0.04275 -0.59982 0.49915
0.61184 -0.26081 -0.07127
0.33730 -0.32421 -0.25620
0.05527 -0.02510 -0.63910
-0.23587 0.44485 0.40973
-0.23587 0.62606 -0.68316
0.05527 0.20948 0.05261
-0.23587 -0.45975 0.69406
0.01593 0.39789 -0.73145
0.04556 0.45595 -0.64484
0.07325 0.36405 -0.73145
0.04556 0.64678 0.53991
-0.23587 -0.30150 -0.32935
-0.21316 0.02593 -0.73145
-0.12964 -0.42550 0.72424
0.26424 -0.32421 -0.08644
-0.23587 -0.47557 -0.39074
-0.23587 -0.31591 0.58134
-0.23587 0.29440 0.38005
0.00915 -0.59982 -0.59216
-0.20735 0.26448 -0.73145
0.05527 -0.21724 0.34038
0.05527 -0.20566 0.58358
-0.23587 -0.40449 -0.41238
0.05527 -0.44602 -0.23139
0.05527 -0.07832 0.05832
-0.23587 0.64259 0.52424
-0.02500 0.48953 0.72424
0.16087 0.32212 -0.56400
0.44234 -0.32421 0.01785
0.24666 -0.27368 0.04772
-0.17733 -0.35975 0.72424
0.04556 0.39681 0.08917
-0.23587 0.49756 -0.37736
0.15931 -0.56717 -0.01994
0.01545 -0.59982 0.07958
0.04744 -0.59982 0.22636
0.44282 -0.22238 -0.03297
0.05527 0.05249 -0.43644
-0.23587 0.38683 0.62576
0.05527 0.12797 0.15385
0.04556 0.48818 -0.66674
0.05527 -0.00052 0.69708
-0.23587 -0.24853 0.54966
0.04556 0.49612 -0.57663
0.05123 0.40598 0.72424
-0.23587 0.10379 -0.70645
-0.23587 -0.17908 0.10467
0.05527 0.30818 -0.10446
0.28964 -0.42880 0.33984
-0.23587 0.37687 0.01772
-0.23587 0.50657 -0.55656
-0.23587 0.44866 0.04750
-0.23147 0.59604 0.72424
0.05527 0.15103 0.52690
0.05527 -0.11193 -0.67015
-0.03697 -0.25053 0.72424
0.03637 0.65668 0.17078
-0.03582 0.66178 0.11996
0.05527 0.08640 -0.60007
-0.03808 -0.08481 -0.73145
-0.23587 0.12876 -0.60337
0.32489 -0.46067 0.32231
0.05527 0.45098 0.25724
0.49138 -0.25591 0.34309
0.14015 0.32212 -0.44480
0.08682 0.37065 0.15919
0.05527 -0.11971 0.04346
-0.23587 -0.18411 0.65081
-0.23587 -0.30219 -0.68393
-0.23587 0.27856 -0.01840
-0.23587 -0.48249 -0.71207
-0.04436 0.66178 -0.26882
-0.23290 0.66178 -0.22811
-0.23587 -0.55684 -0.40220
-0.02080 0.66178 -0.14046
0.05527 -0.04420 0.61802
0.17126 0.37065 0.42210
-0.01008 0.66178 -0.48587
-0.23587 0.09067 -0.65592
-0.20464 0.66178 0.37691
0.05527 0.07406 0.29033
-0.23587 0.59520 -0.19939
0.05527 0.21098 -0.08092
-0.23587 -0.13979 0.48826
0.27813 -0.25564 -0.26199
-0.14180 -0.59982 -0.35725
0.05178 0.50257 0.19342
0.05527 -0.26025 0.51087
0.07022 0.32212 0.38879
0.01962 -0.59982 -0.09703
0.16306 0.32212 -0.32171
0.05527 0.08641 0.52403
0.05527 -0.55021 0.55787
0.56908 -0.59982 -0.29832
-0.14142 -0.59982 0.65648
-0.20718 0.01290 0.72424
0.24666 -0.29046 -0.20566
0.05527 -0.03436 -0.19926
0.27346 -0.55437 0.31348
-0.17487 0.53251 0.72424
0.01143 0.61365 0.72424
-0.23587 0.04488 -0.09906
0.05527 -0.36774 -0.52005
0.05179 0.50252 0.09052
0.05527 -0.09201 0.34836
-0.02678 -0.10798 0.72424
0.48160 -0.22460 0.07299
-0.23587 -0.17394 -0.55046
-0.13806 -0.40926 -0.73145
-0.18365 -0.59982 0.45861
0.05527 0.13540 -0.66081
0.05527 0.00477 0.02355
-0.09244 -0.01751 -0.73145
-0.14094 -0.59982 0.15705
-0.23587 0.16791 -0.04933
-0.08562 0.19969 -0.73145
-0.23587 0.29524 -0.11081
0.05527 -0.30448 -0.50197
0.05527 0.23344 -0.15232
0.04994 0.52102 -0.10899
-0.08071 -0.20241 0.72424
0.05527 -0.07593 0.14760
0.04556 0.41235 -0.22582
0.63194 -0.31848 -0.03508
0.03823 0.63805 -0.13457
0.12640 0.32212 -0.29727
0.33708 -0.32421 -0.01882
-0.23587 -0.25177 -0.40706
0.16494 0.32212 0.66820
-0.11283 -0.59982 0.34642
0.05527 -0.40941 -0.16140
0.04911 0.52925 0.06351
-0.09823 -0.59982 -0.50379
0.09271 -0.58041 0.00135
-0.23587 0.12483 0.15520
-0.23587 0.46147 0.66345
-0.23587 0.33226 0.45846
0.48279 -0.32421 -0.17014
-0.23587 0.44455 -0.05261
0.05342 -0.19635 -0.73145
0.02179 -0.59982 0.13010
0.49808 -0.22666 0.21226
-0.23587 -0.52838 -0.25829
-0.23587 0.52238 0.30557
-0.23110 -0.59982 0.71990
0.11423 0.32212 0.49860
0.10293 0.37065 0.37548
-0.10492 0.66178 -0.14086
0.36753 -0.23369 0.27654
-0.06125 -0.59982 -0.10456
0.09297 0.32212 -0.26106
0.05527 -0.44510 -0.08788
0.41983 -0.22482 0.22573
0.17051 0.36627 -0.49569
-0.23587 0.36048 0.07659
0.43930 -0.22588 -0.12916
-0.23587 0.58421 -0.33251
-0.23587 -0.40804 0.27829
0.05527 -0.08726 0.51984
-0.23587 0.16461 0.14775
0.07532 0.37216 -0.53494
-0.00212 -0.52165 -0.73145
-0.23587 -0.53073 0.56694
-0.23587 0.52947 0.54890
-0.05869 0.66178 0.31919
-0.23587 -0.23792 0.69312
0.58413 -0.48776 0.33984
-0.23587 0.50068 0.06627
-0.12836 0.66178 -0.45649
-0.23587 -0.02855 -0.63490
-0.15587 -0.27127 0.72424
0.03932 0.62721 0.01945
0.04556 0.37911 -0.16678
-0.23587 0.37629 0.16129
-0.05062 0.18818 0.72424
-0.23587 0.43533 0.55428
0.63194 -0.32129 -0.34360
0.05527 0.09164 -0.36218
0.05527 0.52506 -0.42161
0.27346 -0.51668 -0.33784
0.05527 -0.46204 0.40703
0.05527 -0.40654 -0.46000
0.05527 -0.18926 -0.13592
0.05527 -0.40024 -0.24337
0.09785 0.37065 0.29298
0.05527 0.25672 0.09571
0.05527 0.27273 -0.16498
0.05527 -0.06235 0.24637
-0.23587 -0.55689 0.00483
0.62695 -0.26828 0.17799
0.03633 -0.59982 -0.54754
-0.23587 0.05872 -0.15408
0.17051 0.36378 0.25254
0.05527 -0.29792 0.36239
-0.23587 0.28417 0.02156
-0.23587 -0.10035 0.64043
0.61700 -0.27578 -0.37044
0.55739 -0.43075 -0.29677
-0.16292 0.66178 0.33399
0.07355 0.32212 0.70298
0.05527 0.21330 -0.48243
0.13834 0.37065 -0.38434
-0.23587 -0.16481 -0.10172
0.12911 0.32212 -0.12266
0.05527 -0.57539 0.50889
0.32489 -0.35428 0.30961
-0.08669 -0.15346 0.72424
0.12563 0.37065 0.04478
0.37989 -0.22676 0.21864
0.05527 -0.09572 0.45319
0.05527 0.10046 0.21337
0.05527 -0.18944 -0.28974
0.05527 0.15966 -0.53245
0.63194 -0.27903 0.09709
0.05527 -0.45953 0.54749
-0.23587 -0.07130 -0.23715
-0.23587 -0.08701 0.56577
-0.23587 -0.46064 -0.50661
-0.16883 0.66178 0.25642
-0.23587 -0.41731 -0.04680
-0.23587 0.10293 -0.09186
0.05527 0.00505 0.32940
0.05527 0.23421 0.23698
0.05527 -0.53318 -0.20788
-0.23587 0.34717 -0.52971
0.05527 0.17411 -0.38970
0.06168 0.45799 0.03246
-0.23587 -0.21661 0.37223
0.56609 -0.32266 -0.37044
-0.07384 -0.26950 -0.73145
-0.23587 0.37465 0.37342
0.05527 0.47314 -0.49686
-0.23587 -0.37766 0.43930
0.48246 -0.32421 0.12224
0.05527 0.15668 0.36170
-0.02137 0.04403 -0.73145
0.05527 -0.02066 0.40537
-0.23587 -0.18002 -0.42945
-0.11871 0.04871 -0.73145
-0.23587 0.51580 -0.20026
0.05527 -0.00193 0.45290
0.55435 -0.32421 -0.18025
-0.11118 0.45308 -0.73145
0.05527 -0.57666 -0.68437
-0.23587 -0.54939 -0.08615
0.04556 0.38065 0.25472
-0.23587 0.66105 0.03014
-0.07598 0.66178 0.41367
-0.23587 -0.10108 -0.48180
0.09756 0.37070 0.46949
-0.23587 0.05564 -0.50816
0.05527 -0.22983 -0.03585
0.38983 -0.32421 -0.11532
0.19498 -0.57868 0.11116
-0.07838 0.66178 -0.66355
0.05527 -0.44111 -0.61593
0.05527 0.47761 0.23338
0.47990 -0.32421 0.33742
-0.23587 -0.19481 0.06376
0.44250 -0.28994 0.37390
0.45571 -0.32421 0.14735
-0.23587 0.42849 -0.45692
0.49977 -0.32421 -0.05686
0.05527 -0.15031 -0.14896
0.05527 0.02739 0.08315
0.55520 -0.55837 0.28984
0.05527 0.28127 0.32878
0.16122 0.32212 -0.70997
-0.08131 -0.59982 -0.05461
0.05527 0.05782 -0.14952
0.05527 0.29973 -0.13960
-0.23587 0.34672 -0.03321
-0.22338 0.50257 0.72424
