0.73695 0.09420 -0.12574
0.01067 0.64732 -0.70864
0.48274 0.12759 -0.61001
-0.11069 -0.19715 -0.00368
-0.03221 -0.10857 -0.11085
0.13176 -0.22379 -0.06089
0.20536 0.00614 0.13283
0.30814 0.19033 -0.43594
-0.04320 0.25959 0.18449
0.10975 -0.25342 0.06938
-0.61470 0.11533 -0.58164
0.10230 0.24551 -0.18866
-0.12411 -0.23899 -0.03383
0.57347 0.49114 0.15290
0.15778 0.21254 0.91437
-0.26709 0.76565 0.35783
-0.85410 0.26939 0.16413
-0.10129 -0.31351 -0.23720
-0.54221 -0.10286 -0.33848
-0.16098 0.50232 0.66532
0.02235 -0.92448 0.04134
0.21390 0.23945 0.66036
-0.06558 -0.06348 -0.19683
0.24626 0.43239 0.15656
0.81654 0.00792 0.48766
-0.90767 0.22826 -0.34552
-0.19178 0.17559 0.45479
-0.37622 0.18216 -0.07400
-0.28985 0.30531 -0.28388
0.23009 0.17190 -0.34514
-0.19760 0.30182 -0.01781
0.15059 -0.36288 0.02075
-0.49658 0.33024 0.42900
0.34336 0.49580 -0.52924
0.33063 -0.04137 -0.17554
0.18437 0.73186 0.35739
0.64832 0.41726 -0.37045
0.51530 0.14416 0.24934
0.18242 0.11068 0.28048
-0.19236 0.06935 -0.59518
-0.00735 -0.74008 -0.21490
0.95001 0.09858 0.20717
0.30343 -0.07017 0.50855
-0.03663 0.49239 0.50882
0.40915 0.12577 0.13442
-0.15579 -0.54343 0.03569
-0.29084 0.08858 -0.42163
0.36167 0.16994 0.58487
0.20623 0.56784 -0.62432
0.01501 -0.51568 -0.11711
-0.63805 0.23157 -0.07244
-0.10512 0.61111 0.18746
-0.30527 0.50873 -0.61109
-0.49127 0.12753 0.19436
0.00368 0.13158 -0.01161
0.14679 0.09518 -0.08036
-0.58414 0.21091 -0.02739
-0.28625 -0.12429 -0.08304
0.38115 0.36809 -0.11255
-0.21471 0.03819 0.06470
-0.11721 0.08338 0.08224
0.12665 -0.65545 -0.00418
-0.00431 0.46997 -0.42662
-0.66113 0.27476 0.27641
-0.17781 0.20756 0.77297
0.08558 0.29662 0.03068
0.02318 0.10630 -0.14108
0.59189 0.52438 -0.08227
0.01407 -0.01765 0.13617
0.07227 0.07836 -0.39225
-0.62286 0.20827 0.03028
-0.18537 0.48888 0.09692
-0.14796 -0.31351 0.06745
0.61309 0.01150 -0.49397
-0.45987 0.00337 -0.62120
-0.40404 0.47724 0.70129
-0.10007 -0.81420 0.04696
-0.55399 0.20554 -0.33484
0.03722 0.18618 0.50815
-0.52194 0.16484 0.52229
0.45046 0.02228 0.48224
0.08785 -0.49261 -0.19184
-0.23220 0.02721 -0.13246
-0.21681 0.35968 0.35120
-0.72078 0.22787 -0.02656
-0.27770 0.12264 0.12213
-0.00892 0.26985 -0.22658
0.20201 -0.06060 0.05528
0.17664 0.21683 -0.01023
0.00032 0.11160 0.28051
0.30540 0.13659 -0.67645
0.02125 0.42274 0.35656
0.72425 0.13241 0.17804
0.27468 0.35194 -0.31820
-0.11699 -0.51379 -0.20373
-0.38527 0.59823 0.19448
-0.02750 -0.19572 -0.13503
0.55489 -0.02831 -0.29235
-0.35310 0.14791 0.42505
0.50334 0.08078 -0.05127
0.46105 0.27889 -0.46458
0.09828 -0.43796 -0.05193
0.23727 0.53132 0.20362
0.69268 0.09523 0.43206
-0.57227 -0.09921 -0.45797
-0.02830 0.80152 0.39324
0.17125 -0.08222 -0.19022
0.12284 -0.08351 0.32339
-0.05860 0.10937 0.26141
0.39676 0.06893 -0.36744
0.33888 0.05991 0.29750
0.02047 0.26104 0.72597
0.12958 0.13884 -0.55986
-0.26277 0.25165 0.26145
-0.08319 -0.92398 -0.12220
-0.15700 -0.70442 -0.10239
0.03571 -0.49936 0.12126
0.11088 -0.90653 -0.12258
-0.01547 -0.23574 0.09804
-0.15983 0.44541 -0.41043
0.06445 -0.24456 -0.03185
-0.07461 0.03763 -0.43671
-0.73126 0.25144 -0.29702
-0.19535 -0.40709 -0.09091
-0.04137 -0.40959 0.03218
0.86105 0.13397 -0.00724
-0.38212 0.13190 -0.22776
-0.30153 -0.04482 -0.27874
-0.22783 0.67269 0.24843
-0.82383 0.21948 -0.10041
0.16006 -0.31351 -0.15568
0.01685 0.47209 0.13631
-0.05712 -0.66777 0.09625
-0.38247 0.42571 0.50062
-0.38054 0.22504 0.25058
-0.26829 0.35981 0.02518
-0.01936 0.19472 0.50724
0.49843 0.41693 -0.27328
0.11127 -0.77548 -0.10949
-0.47495 0.17590 0.06771
-0.31947 0.16839 0.58844
-0.46909 0.14183 -0.48596
-0.00984 -0.31351 0.14290
-0.68151 0.20540 0.44219
0.29039 0.25194 -0.18068
0.04233 0.68156 0.27885
-0.09051 0.56521 -0.54930
-0.57720 0.29804 0.59153
0.32218 0.35264 0.02044
0.31709 0.14733 0.40956
-0.11016 -0.06469 0.01556
0.10352 0.54783 -0.51724
0.35037 0.39550 0.06876
0.26413 0.06769 -0.37253
0.01033 -0.05433 -0.01607
0.15541 -0.49788 -0.03764
-0.21598 0.44119 0.46158
-0.40698 0.00147 -0.42716
-0.12781 -0.89033 -0.10502
0.15910 -0.18757 -0.00160
0.46771 0.47664 -0.00863
0.07309 -0.35093 -0.09640
0.70173 0.52713 -0.24076
-0.41247 -0.07876 -0.20634
0.07898 -0.75924 0.06865
-0.00187 0.00991 -0.39344
-0.15003 0.59831 -0.65607
0.35609 0.00010 0.09417
-0.50784 0.21763 0.35154
-0.02320 -0.24265 -0.16142
0.35576 0.29735 -0.30278
0.10857 -0.83845 0.02583
-0.20146 -0.01742 -0.33421
0.06363 0.56115 0.18681
0.63750 0.11399 0.03447
-0.13868 0.34672 0.31158
-0.70180 0.20494 -0.43926
0.51695 0.07173 0.13794
-0.25343 0.11773 0.27319
0.05235 0.32451 -0.29387
-0.50752 0.22631 -0.10735
0.08484 -0.10717 -0.10367
-0.04524 0.24459 0.87772
-0.15239 -0.44956 0.05829
0.08150 0.78366 0.43520
0.00847 -0.58156 -0.23496
0.24814 0.57123 -0.70184
-0.02331 -0.13681 0.01310
0.25162 0.29557 0.13692
-0.03732 -0.80131 0.08222
0.02360 -0.38503 -0.22922
0.13580 -0.61740 -0.10533
0.81065 0.09170 0.34246
0.19687 0.18993 0.51405
-0.15879 0.21687 0.60381
0.08526 0.46797 0.13850
0.50035 0.05866 -0.38241
-0.07299 -0.85506 -0.17907
0.13205 -0.03539 0.19773
-0.31514 0.50492 0.08847
-0.21560 0.07641 -0.30795
0.28494 0.01132 0.37922
0.06680 0.35726 0.28382
0.03312 -0.51717 0.04641
0.58223 0.34387 -0.44518
-0.65912 0.27902 0.13494
0.25390 0.44754 -0.43203
-0.61036 0.23424 -0.19173
-0.12586 0.75412 0.30944
0.60851 0.10624 -0.14519
-0.14078 0.32849 -0.27663
0.34945 0.05584 -0.00232
0.81895 0.12601 0.15531
-0.32967 0.14811 0.00963
0.58355 0.10797 0.33606
-0.35326 0.33762 0.37248
0.09341 0.15435 0.41699
-0.02059 -0.30997 -0.02101
-0.17377 0.17407 0.18920
0.82306 0.11507 0.29324
-0.15591 -0.54851 -0.07860
0.06012 -0.83073 -0.18667
0.63019 0.11092 0.23987
-0.06769 0.34690 0.04017
0.59844 0.04631 0.49734
0.15783 0.02226 -0.27381
0.49946 0.06958 0.09875
0.30309 0.04937 0.19168
-0.31890 0.70263 0.24454
0.51510 0.41365 -0.34540
-0.87608 0.26878 0.30142
-0.53413 0.23961 0.20566
-0.20005 0.51158 -0.50518
0.45417 0.10068 -0.45705
0.09026 -0.03076 -0.05957
-0.08801 0.14886 0.37819
0.72508 0.13311 0.05065
0.13944 -0.48168 0.06199
-0.74131 0.25089 -0.21176
0.24859 0.10458 -0.42729
-0.11329 0.43611 0.42236
-0.04848 -0.33945 -0.08020
0.08895 -0.38995 0.11362
-0.38183 0.16999 0.31141
-0.07441 0.24124 0.66928
-0.10494 -0.05766 -0.10579
0.28081 0.06024 0.08639
0.13446 -0.08968 0.06449
0.11209 0.42719 -0.38447
0.47587 0.10172 0.33923
-0.10561 -0.91295 0.01791
-0.15005 0.25998 -0.21217
-0.20485 -0.08301 -0.18870
-0.30736 0.21933 0.23007
-0.14501 -0.70327 0.01412
0.23340 0.62358 0.30279
0.24196 0.19743 0.80100
-0.53582 0.20376 0.41099
-0.47553 0.21644 -0.02782
-0.32860 0.03036 -0.58350
0.39346 0.00719 -0.26712
-0.01547 0.25958 0.03142
0.28785 0.29167 -0.04194
-0.07988 -0.64422 -0.17974
-0.18645 0.84331 0.43671
0.11265 0.24864 0.73845
0.18183 -0.44275 -0.10747
0.67700 0.55372 0.00921
0.40673 0.10565 0.24696
-0.49322 0.18504 -0.17468
-0.03825 0.37678 -0.34216
-0.39245 0.14218 0.13518
0.03176 -0.01315 -0.08769
0.12405 0.61675 -0.68494
-0.82266 0.25258 0.04652
-0.05135 -0.55691 0.11196
0.58064 0.47845 -0.24763
0.07844 -0.14298 0.06487
0.31113 0.13856 -0.52781
0.09112 -0.33187 0.00763
-0.26571 0.09880 0.39318
-0.50050 0.39431 0.64627
0.32947 0.28897 -0.16952
0.08433 0.23516 0.60522
-0.19515 0.03421 -0.44465
0.93977 0.06329 0.03145
-0.35061 0.12447 -0.32217
0.04998 0.11305 0.28643
0.08638 -0.68096 -0.19621
-0.05486 -0.51717 -0.03866
-0.12274 0.38324 0.04899
-0.13643 0.52665 0.56110
0.37530 0.28918 -0.38531
-0.24190 0.48733 -0.47940
0.07066 -0.28119 -0.13275
-0.06387 -0.41174 0.12467
0.23315 -0.00173 0.24809
-0.07757 0.53881 0.14849
-0.27463 0.47620 0.55719
-0.01142 -0.48360 -0.22088
-0.28079 0.10134 -0.17110
0.09684 -0.59080 0.08324
0.00539 -0.21145 0.01058
0.31941 0.18107 0.70557
0.45232 0.05713 0.09664
0.13145 0.56707 0.21331
-0.28045 0.49858 0.67911
0.20659 0.31618 -0.26042
-0.12731 -0.79924 -0.13735
-0.47395 0.37237 0.52016
0.45815 0.46386 0.10853
-0.53032 0.24207 -0.06154
-0.12874 -0.44956 -0.16702
0.46188 0.06864 0.23198
-0.05497 0.33005 0.27478
0.23939 0.18608 -0.11208
0.46506 0.44615 -0.15591
-0.00314 -0.08581 0.06729
-0.78620 0.23641 0.38989
-0.40168 -0.02364 -0.33145
0.07328 -0.32471 -0.21903
-0.43468 0.00699 -0.49693
0.19600 -0.36425 -0.05708
-0.79112 0.23487 -0.38091
0.14672 0.37855 0.09267
0.21567 0.55472 -0.53567
-0.09572 0.47959 -0.43031
0.09574 -0.67119 0.07169
-0.47956 0.18050 -0.34153
-0.15102 0.22432 0.18101
-0.09742 -0.02739 -0.29059
0.01014 -0.31046 0.05351
-0.42961 0.27906 0.33674
-0.09987 0.04569 -0.56493
-0.38953 0.13183 -0.15471
0.09558 -0.59985 -0.17046
0.56535 0.08655 0.15853
0.41046 0.42178 -0.03421
-0.23901 0.56156 0.14911
-0.73997 0.28417 0.15904
0.58571 0.51502 0.01529
-0.25248 0.39153 -0.35184
0.39540 0.04476 0.36793
-0.17980 -0.31367 -0.04455
0.32467 0.38009 0.14194
0.21211 0.14333 0.38470
-0.01345 -0.40414 -0.10532
-0.06559 -0.28167 -0.10845
-0.14441 -0.35444 -0.16099
-0.38384 0.15749 0.03553
-0.18299 -0.47719 -0.00814
0.02079 -0.92448 -0.17739
0.27744 0.00800 -0.28363
0.13424 -0.85875 -0.06726
0.52658 0.48551 -0.16861
0.17227 0.42546 -0.37339
-0.00166 -0.32353 -0.26245
0.06611 0.61312 -0.62208
0.16050 0.49022 -0.44786
-0.40458 0.15063 -0.10652
0.03974 -0.15008 -0.09559
0.18273 0.32970 0.06956
0.09824 -0.30909 -0.05202
0.15875 0.12451 -0.45268
0.71876 0.12029 0.28134
-0.01885 -0.22589 0.01268
-0.07868 -0.73854 -0.19563
-0.29354 0.00787 -0.37865
-0.01491 0.54460 -0.49729
0.04621 -0.83048 0.07364
0.42699 -0.06745 -0.16690
-0.15760 -0.10105 -0.22113
-0.14605 -0.36876 0.07713
0.02945 0.37989 0.08802
0.08476 -0.17944 -0.11199
0.11765 -0.73655 -0.01070
0.30428 0.00605 -0.26952
0.60769 0.11482 -0.03878
-0.24114 0.19886 0.67257
-0.12661 -0.77802 -0.04884
-0.58246 0.22501 -0.11252
-0.52719 0.20146 0.06265
-0.03067 0.66646 0.23262
0.76443 0.11335 -0.01101
0.22570 -0.05682 0.43029
-0.44818 0.19673 0.22118
-0.08313 -0.13471 -0.14184
-0.71313 0.15508 -0.51726
-0.11236 0.18910 0.49997
-0.25687 0.17410 0.14785
0.32210 0.43834 -0.39575
0.00672 -0.60771 0.08691
-0.12408 -0.72943 0.03991
0.19877 -0.02902 0.33804
0.38048 0.34314 -0.20720
0.35451 0.00337 0.45283
0.39556 0.05459 0.20582
0.13527 -0.67850 -0.05677
0.00207 -0.65123 -0.22684
-0.12126 -0.62958 0.06179
0.10378 -0.40161 -0.22297
0.01636 0.18628 -0.20220
-0.01237 0.22921 0.59158
-0.18472 0.61604 0.17731
0.28688 0.19457 0.50105
0.16712 0.23774 0.61857
-0.69928 0.25817 0.33934
0.12548 -0.47153 -0.15973
0.38516 0.14310 -0.57571
-0.29804 0.10552 -0.25434
0.01585 0.03258 0.24006
0.18745 0.24951 -0.20119
-0.35359 0.15242 0.19838
-0.67004 0.28622 0.04490
-0.45450 -0.05607 -0.31600
-0.07881 0.44375 0.10128
0.07884 0.25722 0.80035
-0.60261 0.23531 0.35521
0.20308 0.18054 -0.18686
-0.63612 0.23968 -0.30326
0.14506 -0.58638 -0.03545
-0.31861 0.41007 0.43350
0.03368 -0.14085 -0.14246
0.17869 -0.40763 0.01050
-0.05372 -0.41517 -0.24663
-0.44649 0.16509 0.42861
-0.03818 -0.48033 0.12431
-0.23311 0.31121 0.31967
0.11859 0.66938 0.27604
0.00220 0.13598 0.39318
0.10320 -0.36841 -0.02154
-0.03371 -0.08462 0.00292
-0.37503 0.13545 -0.40353
0.10881 -0.92438 0.00063
0.24684 0.51579 -0.52575
-0.33055 0.03525 -0.47625
-0.00839 -0.87660 0.07479
0.19548 0.19679 -0.09581
-0.14189 -0.51880 -0.13431
0.59932 0.51791 -0.16895
-0.49233 -0.05184 -0.40591
-0.07182 0.01067 0.03433
-0.28594 0.11187 -0.06841
0.09265 -0.74797 -0.18059
-0.04089 0.61793 -0.63109
-0.41077 0.36996 0.44369
0.69248 0.09633 0.34368
-0.78542 0.28237 0.26799
0.08543 -0.49420 0.02137
0.13548 -0.13714 -0.05111
-0.06266 -0.40232 -0.01562
-0.23907 0.03670 -0.51361
-0.16193 0.27438 0.24923
-0.03337 -0.19445 -0.06642
-0.58062 0.25214 0.01559
-0.17094 -0.60175 -0.01808
-0.36562 -0.06491 -0.22686
0.01058 0.74021 0.32980
0.88770 0.05699 0.38731
0.30670 0.22845 -0.34151
-0.69596 0.23907 -0.13492
-0.27073 0.61606 0.19715
-0.22258 -0.06204 -0.25884
0.46276 0.36370 -0.33635
0.03118 -0.11755 0.01999
-0.13149 0.39104 -0.34408
0.53896 0.08859 0.21876
0.23291 0.14415 -0.55045
-0.10642 -0.67316 -0.15243
-0.25081 0.58430 -0.59447
0.01147 0.03872 -0.01450
0.42237 0.36638 -0.27013
-0.34015 0.14798 0.33167
-0.06426 0.24824 0.74688
-0.16661 -0.40657 -0.01734
0.31386 0.03841 -0.33642
-0.54803 0.21339 -0.25152
-0.45742 0.20169 0.28418
-0.21938 0.18876 0.55199
-0.00618 -0.39338 0.13635
0.05622 -0.18583 -0.07883
0.15396 -0.54119 0.03015
0.14202 0.31239 -0.26439
-0.02327 -0.16200 0.05652
-0.14020 0.53261 -0.49233
-0.00348 -0.72604 0.09766
0.04049 -0.37989 0.04831
-0.12728 -0.87974 -0.00927
0.65263 0.11898 0.12346
0.45000 0.07222 0.00808
-0.03237 -0.87234 -0.19189
-0.86205 0.24635 -0.26878
0.17755 -0.52004 -0.09183
0.21166 -0.03598 -0.24700
0.02383 -0.28465 -0.06911
-0.42959 0.42900 0.57758
0.05455 -0.51717 -0.04595
-0.67074 0.22893 -0.36447
0.54456 0.04615 -0.44638
0.00852 -0.27479 -0.11442
-0.08693 -0.86779 0.04734
-0.16513 -0.62422 -0.11254
-0.09101 -0.49354 0.07407
-0.18640 0.13728 0.37687
0.06734 -0.61773 -0.18784
0.13163 0.13791 0.35583
0.41893 0.03941 -0.32926
0.06712 -0.33055 0.10177
0.24205 0.19852 -0.24807
0.56983 0.09686 0.07765
0.27547 -0.02007 0.06164
-0.57189 0.31722 0.47193
0.17590 0.07897 -0.37964
-0.62643 0.20316 -0.41591
-0.45630 0.19241 0.13630
0.14163 -0.69709 -0.13026
-0.07421 -0.27130 0.02441
0.67829 0.01372 0.51348
-0.32045 -0.10218 -0.16067
0.02759 -0.68718 0.07365
0.21092 -0.00937 0.21751
0.11389 -0.81638 -0.03811
-0.18920 0.08767 0.26649
0.14180 0.57832 -0.58753
0.07930 -0.13400 -0.02917
0.08616 0.65643 -0.74945
0.33135 0.08742 -0.40221
0.19064 -0.31351 -0.08836
-0.13842 -0.59527 -0.16940
-0.00383 -0.46315 0.04773
-0.07488 0.24909 -0.19313
0.07628 0.48400 -0.44000
-0.18332 0.40468 0.38913
0.04443 0.39390 -0.36160
0.13722 -0.54295 -0.17345
-0.33975 0.27568 0.30017
0.48333 -0.00679 -0.25131
-0.68496 0.25128 -0.21429
-0.14284 -0.65281 -0.03754
0.14484 -0.73557 -0.10920
-0.17454 0.03998 -0.50547
-0.58884 0.26545 0.17128
0.19369 0.14522 -0.27347
-0.05509 0.17143 0.44909
0.07331 -0.20080 0.00700
-0.74470 0.29831 0.01019
0.01175 0.33060 0.05227
-0.27759 0.32259 0.34283
-0.22012 0.42038 0.05753
-0.59053 0.26744 0.09161
0.19497 0.36504 -0.32162
0.42332 0.05919 0.31080
-0.04659 -0.53329 -0.20935
0.57814 0.07269 0.40947
-0.10681 0.00584 -0.36786
-0.05296 0.31621 -0.27935
-0.54108 0.21171 -0.17725
0.03543 -0.22001 0.07001
0.09379 -0.81865 -0.12759
0.24031 0.28233 0.03378
-0.11618 0.47361 0.49677
-0.41617 0.15589 -0.42509
-0.46552 -0.09450 -0.24481
-0.02721 0.60129 0.19455
-0.16940 0.24078 0.67082
0.53014 0.08209 0.29648
0.47651 0.33660 -0.40811
0.16882 -0.39120 -0.15491
0.66303 0.55265 -0.11215
-0.59179 0.23454 0.42789
0.38271 0.04664 0.13861
0.13548 0.06453 -0.34201
0.22235 0.66428 0.38328
0.10680 0.70665 0.35250
-0.01028 0.50062 0.15047
-0.22760 0.00674 -0.37725
-0.07219 0.42357 -0.38123
0.48710 0.02066 -0.32438
0.34937 0.12094 -0.45963
-0.14469 -0.82634 -0.07275
-0.06009 0.49641 0.58664
0.03961 -0.52545 -0.23682
0.13262 -0.33067 0.08944
-0.10493 0.69851 0.25421
0.02749 0.24257 0.91266
-0.18055 -0.55370 -0.03845
-0.43728 0.16367 -0.28027
-0.09483 -0.33021 0.11961
-0.06698 0.37937 0.32593
0.06869 -0.54456 -0.19682
-0.07133 -0.15697 -0.07309
0.48321 0.07390 0.40210
0.90969 0.09930 0.09593
0.58759 0.42581 -0.42142
0.37271 0.04954 0.07364
0.62233 0.46120 -0.30959
-0.58264 0.25158 0.28513
-0.26383 0.12393 0.18906
0.35667 0.36404 -0.03734
0.42627 0.07213 -0.06684
-0.04836 -0.03543 -0.26862
-0.41725 0.18583 -0.00104
0.38914 0.40603 0.03844
0.16201 -0.03559 0.26987
0.14454 0.19145 0.49979
-0.15663 -0.01096 0.03174
-0.05047 0.44148 0.42845
0.02209 -0.18747 -0.02961
0.04934 0.62746 0.23539
0.06780 -0.44815 0.03700
0.10829 0.03475 -0.07645
-0.00260 -0.80167 -0.18086
0.03866 -0.18273 0.11402
0.05208 -0.46439 -0.24033
-0.11401 -0.37718 -0.22276
-0.31986 0.14580 0.24778
-0.15789 -0.01367 -0.12195
0.01938 -0.11358 -0.06455
-0.17827 -0.31351 -0.11820
0.05777 -0.57045 0.10704
0.16156 -0.44829 -0.04807
-0.22875 0.50274 0.62303
0.47046 0.45886 -0.06098
0.10874 0.10846 0.26063
0.26543 0.58149 -0.58677
0.04466 -0.43487 0.12584
-0.30911 0.44337 0.48530
0.19947 0.22218 0.72472
-0.37320 0.63453 0.26029
0.44859 0.12908 -0.54111
0.02909 -0.44576 -0.11462
0.17351 0.44485 0.14212
0.31374 0.03922 0.26588
-0.01963 0.40260 0.11122
-0.54328 0.24124 0.13244
0.16063 0.17704 0.45180
-0.08236 -0.72098 0.07701
-0.06839 -0.60130 0.07273
-0.16819 -0.05042 -0.27203
0.22200 0.03620 -0.31939
0.16752 -0.04300 0.10334
0.10285 -0.50876 -0.04089
-0.19250 -0.34449 0.00618
-0.07605 0.23928 0.81006
-0.29186 -0.07055 -0.21959
-0.16431 -0.47732 -0.07304
0.11730 0.24456 0.67101
-0.33134 0.14175 0.08236
-0.38315 0.47053 0.63044
0.39428 0.10849 -0.43508
-0.12328 -0.55946 0.07180
-0.19572 0.71218 0.27704
0.18637 -0.31697 0.01357
0.09213 -0.24458 0.00519
0.29131 0.33361 0.08737
-0.52598 0.32755 0.52899
0.36935 0.10384 0.07609
-0.56157 0.20800 -0.40241
0.84925 0.10307 0.05876
-0.45059 0.15631 -0.20452
0.03493 0.29601 -0.26131
0.42502 0.41800 -0.09018
0.17786 0.23233 0.80160
0.33239 0.44854 -0.46726
-0.27516 0.10484 -0.35226
0.85395 0.12179 0.19384
0.68975 0.11551 -0.01630
-0.43730 0.15366 0.10268
0.16017 0.51527 0.17509
-0.12283 0.12596 0.31871
-0.04523 -0.13085 -0.03107
-0.06010 -0.46338 -0.00943
0.07302 -0.87728 -0.13806
0.21984 0.48322 -0.45720
-0.09470 0.22861 0.58855
0.63812 0.12064 -0.08100
-0.07618 -0.58995 -0.19019
0.29082 0.26631 -0.10238
-0.40562 0.18146 0.37061
0.03212 0.04264 -0.12362
0.02636 0.25151 0.64261
-0.09813 -0.38466 0.08249
0.16507 -0.50638 -0.13515
0.02054 0.09865 0.36417
0.43674 0.07446 -0.39993
0.09329 -0.12635 0.00316
0.16289 -0.10548 0.02984
-0.12355 0.31182 0.27473
0.22211 0.17569 0.45161
-0.20908 0.22762 0.22377
0.14028 0.61814 0.25866
-0.09725 -0.85752 -0.12063
-0.07005 -0.49237 -0.23332
0.06868 -0.20657 0.03916
-0.19391 0.48507 0.56240
-0.15968 0.13456 0.13567
-0.67024 0.20673 0.08262
0.12933 -0.61141 0.05099
-0.16901 -0.40000 -0.16268
-0.46259 0.17622 -0.10632
0.54065 0.04524 0.45687
0.06386 0.13024 0.35815
0.16016 0.53199 -0.48975
-0.16301 0.80620 0.38170
0.05600 -0.87464 0.03260
0.08208 0.29847 -0.25233
0.20383 0.61765 -0.73026
-0.89073 0.27894 0.22319
-0.03661 -0.51717 0.02878
0.02310 0.14913 0.45128
-0.38373 0.16687 0.23121
-0.81031 0.24096 -0.20826
-0.07751 -0.11439 -0.07552
-0.24694 0.02849 -0.60948
-0.26559 0.38550 0.39618
-0.04379 -0.69195 -0.18979
0.08592 0.21100 0.53787
0.78614 0.12925 0.23610
0.14919 -0.39616 0.06363
-0.49256 0.17519 -0.40940
-0.10820 0.61967 -0.70724
0.26628 0.20678 0.65870
0.45743 0.06044 0.16432
0.05797 -0.29040 0.04108
0.42401 0.39518 -0.17832
-0.32195 0.72355 0.35287
-0.29673 0.18790 0.18301
0.04240 -0.72625 -0.18373
0.11188 0.35210 -0.31380
-0.78844 0.27868 0.11029
-0.09403 -0.77558 -0.17896
0.27698 0.57162 0.29111
-0.28206 0.03820 -0.56532
0.05664 -0.08152 -0.04230
0.00852 0.20034 0.01149
0.25450 0.13400 -0.48620
0.37549 0.33934 -0.17010
0.37416 0.05451 0.26092
0.77998 0.04332 0.44213
-0.04430 -0.32523 0.02872
0.34576 0.30176 -0.24120
0.52197 0.08830 0.01103
0.53540 0.45947 -0.23784
-0.02280 0.12479 0.33892
-0.05419 -0.35075 -0.25271
0.26980 -0.01735 -0.21754
0.00985 -0.11807 -0.01216
-0.12790 -0.92448 -0.05449
-0.16051 0.53842 0.13602
0.90557 0.10415 0.25805
0.13864 -0.12132 -0.15447
-0.72067 0.28595 0.24719
-0.03735 -0.01280 -0.34123
-0.02903 0.58653 -0.56308
-0.13630 -0.71376 -0.05557
-0.79802 0.20060 -0.43807
0.86329 0.04476 0.44841
0.10597 -0.53815 0.05079
-0.26915 0.02865 -0.44163
0.08728 0.40620 0.10196
-0.15006 -0.67148 -0.13299
0.28480 0.21983 -0.28970
0.46781 0.46530 0.04269
-0.09432 0.80935 0.38995
-0.32400 0.58535 0.17183
0.01206 0.33991 -0.32928
-0.14213 0.22494 0.82627
-0.20179 -0.35100 -0.07709
0.13554 -0.37684 -0.20023
-0.06831 0.29676 0.00522
0.03829 -0.30588 -0.01335
-0.21760 0.51950 0.69490
-0.32917 0.11820 -0.13557
0.51952 0.49224 -0.10332
-0.04837 -0.77144 -0.20340
0.23158 0.22838 -0.07982
0.10824 -0.92448 -0.06943
0.55189 0.09148 -0.11492
-0.32109 0.47545 0.57498
-0.05364 -0.23557 -0.06052
-0.00815 0.41769 -0.38515
-0.13624 0.31007 0.00416
0.74854 0.12992 0.12213
-0.08592 0.28763 0.22722
0.06298 0.75106 0.37273
-0.58113 0.26082 0.23240
-0.27259 0.45722 0.07025
-0.14051 -0.75873 0.00551
0.20142 0.13236 -0.09908
-0.64462 0.28254 0.19835
-0.47459 0.12202 -0.54765
-0.09912 0.34982 -0.31052
0.07503 -0.48528 0.08155
0.25276 0.26655 -0.03283
0.06637 -0.23461 -0.08060
-0.50962 0.23083 0.27856
-0.04083 -0.50460 -0.09398
-0.49095 -0.00882 -0.56586
-0.27168 0.08894 0.07752
-0.18287 0.47973 -0.44973
-0.12003 0.40005 0.37742
0.60881 0.10977 0.28045
-0.13727 -0.81856 -0.00827
0.23691 0.39190 -0.34851
-0.50009 0.19098 -0.28742
-0.10463 -0.74185 -0.13999
0.07319 -0.80858 0.03294
0.28586 0.02578 0.30798
-0.03928 -0.61427 -0.22765
0.39122 0.13522 -0.50387
0.01125 -0.23308 -0.05363
-0.23345 -0.10457 -0.13904
-0.47581 0.29005 0.38391
-0.04193 -0.92448 -0.16934
-0.13615 -0.41041 0.04412
-0.54061 0.21299 0.00339
0.14904 -0.41765 -0.17984
0.38304 0.08133 0.31489
0.00592 -0.43544 -0.25131
-0.35701 0.13127 -0.08321
0.70711 0.55406 -0.04648
0.02696 -0.18073 -0.08874
-0.10060 0.28519 -0.24220
0.24621 0.01168 0.17270
-0.00708 -0.52214 0.09749
0.16598 -0.63603 -0.06566
-0.17888 -0.47088 -0.12723
0.65895 0.05281 0.46351
-0.02383 0.25898 0.78173
0.40655 0.01707 0.10837
-0.24462 0.44581 -0.43620
0.02355 0.60252 0.20644
-0.36829 -0.00423 -0.37767
-0.22217 0.79051 0.39308
-0.42396 0.15821 -0.05098
0.57801 0.10728 0.02037
-0.10068 0.21865 0.88815
0.24388 0.00379 0.31104
0.02009 0.23036 -0.24971
-0.05038 -0.36434 0.10667
0.26134 0.03361 0.13868
-0.04095 0.37392 0.07219
0.43072 0.10136 0.29855
0.25243 0.21977 -0.15099
0.17451 -0.54509 -0.02748
-0.10540 -0.68007 0.03257
0.01942 -0.69815 -0.19366
0.96012 0.07954 0.14971
0.03757 -0.36677 0.10828
0.13136 -0.57487 -0.12896
0.33972 0.24183 -0.40061
0.00353 0.01215 0.17686
0.05803 0.58642 -0.56766
0.27532 0.48677 -0.48255
0.03114 -0.06819 -0.07261
-0.32244 0.63321 0.22476
-0.28232 0.13514 0.05855
0.60710 0.10267 0.18226
-0.06052 -0.92448 0.02472
-0.39829 0.14889 -0.33191
0.45779 0.12105 0.21946
-0.32536 -0.01848 -0.32494
0.12045 -0.43132 0.05246
-0.20292 0.29203 0.28924
0.17136 -0.33200 -0.03391
-0.35362 -0.12972 -0.11819
0.35903 0.03601 0.40762
-0.17597 -0.59678 -0.07472
-0.00170 -0.51717 -0.05731
0.41430 0.33685 -0.31231
0.39234 -0.03660 -0.20551
0.11877 -0.26021 -0.02324
-0.13628 0.54569 -0.54264
-0.06064 -0.16664 -0.09848
0.16295 -0.63143 -0.02448
0.47087 0.41957 -0.22797
-0.46028 0.17541 0.00517
0.13882 0.21563 0.55285
0.03551 0.51487 -0.46823
0.17666 0.60124 -0.66451
-0.66189 0.23002 -0.00978
0.58158 0.05714 -0.51681
0.75690 0.09699 0.35141
-0.50079 -0.03380 -0.46246
0.04352 -0.24464 0.01067
-0.76683 0.23220 -0.11352
-0.28735 0.19213 0.63533
-0.19334 0.39952 -0.35326
-0.10929 -0.05330 -0.23617
-0.06875 -0.33381 -0.03126
0.24955 0.15553 0.41340
-0.13092 -0.60144 0.01503
-0.05000 -0.15406 -0.02155
-0.33302 0.09320 -0.16153
-0.00914 0.32824 0.23677
0.03095 0.25506 0.83559
-0.70120 0.25935 -0.09176
0.35233 0.33891 -0.09587
-0.50232 0.21762 0.16421
-0.08479 -0.18072 0.04211
0.61833 0.08544 0.37738
0.56923 0.42483 -0.32385
0.10355 -0.67435 -0.14918
-0.04491 -0.86180 0.04366
-0.35307 0.12821 -0.26651
0.09937 -0.71054 0.06268
-0.11628 0.50216 0.12422
-0.11788 -0.11317 -0.18203
0.12241 0.33278 0.06574
0.49849 0.09415 -0.49492
-0.67967 0.18051 -0.47634
-0.42555 0.18686 0.06929
0.10092 0.18353 0.48273
0.35978 0.09544 0.14239
0.50747 0.48400 0.08444
-0.14684 0.03084 -0.59643
-0.84402 0.23657 -0.15246
0.21629 0.39083 0.12866
0.74853 0.11028 -0.07099
-0.09320 0.03114 -0.49150
0.79812 0.07505 0.39690
-0.15382 -0.75103 -0.08924
-0.26614 0.06363 -0.15901
-0.71051 0.23665 0.40277
-0.05952 0.48958 0.13425
-0.11171 -0.87791 -0.05274
0.00315 -0.33220 -0.11220
0.52244 0.36658 -0.38983
0.09126 -0.87616 -0.00387
0.14965 -0.55203 -0.07809
0.03161 -0.23930 -0.13964
0.04759 -0.77398 -0.20164
-0.44689 0.33404 0.40034
0.06165 0.25590 0.68619
0.07973 -0.15741 -0.05903
0.90610 0.10073 0.15309
-0.23507 0.20182 0.60546
-0.17064 0.47253 0.47674
0.06536 -0.41667 -0.21341
-0.36835 0.45214 0.55287
-0.16114 -0.49210 0.03799
-0.27919 0.52518 0.13120
0.04704 -0.61159 0.07850
0.27678 0.01251 0.22329
-0.08655 -0.69216 -0.19837
-0.04170 -0.19764 -0.01192
0.13450 -0.62634 -0.15994
-0.33036 0.49139 0.63495
-0.63874 0.21885 0.40717
-0.72044 0.23877 -0.35136
0.28698 0.34003 0.15599
-0.03014 -0.72092 0.06984
-0.03534 0.49376 -0.44770
-0.07849 -0.81540 -0.15169
0.02985 -0.87504 -0.16428
-0.05483 -0.41563 -0.06488
0.53645 0.49807 -0.00673
-0.02675 -0.44182 0.12979
-0.14596 -0.57021 -0.00808
0.13757 0.39453 -0.34710
-0.23596 0.46837 0.52186
0.68859 0.49106 -0.28199
0.29331 0.24462 -0.22947
0.03072 -0.38276 -0.11395
-0.05236 -0.02846 0.01576
-0.27390 0.42272 0.44151
-0.10277 0.65466 0.21625
-0.01365 -0.38074 -0.25647
-0.48940 0.16951 0.23189
0.04961 -0.34185 -0.25316
-0.31015 0.36723 0.38760
0.41711 0.13210 0.07909
0.64863 0.53996 -0.06003
0.30427 0.14373 -0.58259
-0.02657 -0.92331 0.06536
-0.28070 0.28727 0.30365
0.05081 0.45156 -0.40545
0.02548 -0.22003 -0.09535
0.65186 0.53469 -0.17326
0.80750 0.13493 0.01615
-0.50939 -0.08889 -0.27800
0.03441 -0.62110 -0.22650
0.16645 -0.46888 0.02220
-0.20690 0.24948 0.25355
0.66648 0.11311 0.27544
-0.02436 -0.69602 0.09992
0.01682 0.05922 0.28460
-0.91611 0.23756 -0.27315
-0.09594 0.60721 -0.65467
0.29147 0.39229 -0.35378
-0.28985 0.40642 0.04417
0.65050 0.12309 0.17505
-0.16902 0.37074 0.02864
0.42801 0.29760 -0.39707
-0.07345 -0.36418 -0.21787
0.00063 -0.57678 0.11666
0.08883 0.25110 0.85360
0.01762 -0.05347 0.09795
0.61754 0.11285 0.08229
-0.12458 -0.31351 -0.18971
0.23121 0.56675 0.26210
0.18622 -0.38452 -0.11306
0.03502 -0.89658 0.06598
0.03539 0.52346 0.16191
-0.49251 0.22711 0.01989
-0.13634 -0.58344 -0.12847
0.33910 0.26145 -0.35011
-0.49669 0.18526 0.44347
-0.01967 -0.26038 -0.08931
0.11968 -0.31351 -0.20813
-0.02888 0.70645 0.26899
0.85935 0.11376 0.10901
0.16535 -0.40016 -0.03665
-0.75036 0.21522 -0.41023
0.00533 0.56002 0.17878
0.43852 0.06213 0.42976
-0.31429 0.09547 0.10140
-0.74369 0.27493 0.31406
0.62642 0.52089 0.04962
0.04923 -0.16531 0.01125
-0.10473 0.03368 0.06174
-0.12069 -0.39116 -0.18320
-0.05177 -0.45690 -0.21652
-0.15707 0.19392 0.52742
-0.59358 0.23335 -0.25477
0.10787 -0.46262 0.09312
-0.12082 0.57119 0.15702
-0.47705 -0.03068 -0.35668
-0.03005 -0.13076 -0.06413
-0.00884 -0.20517 0.04972
0.06442 -0.90971 0.01968
-0.12509 0.02503 -0.44641
-0.51779 0.27974 0.41351
-0.14019 0.10698 0.27015
-0.31576 0.11093 -0.20553
-0.33086 0.13803 0.15473
-0.15846 -0.44550 -0.11716
-0.24520 0.21703 0.21351
-0.05246 -0.48263 -0.07059
-0.19445 -0.42961 -0.04387
0.20682 0.43960 -0.41011
-0.17537 -0.42583 0.02605
-0.36524 0.38381 0.42908
-0.42146 -0.10465 -0.16358
0.12342 -0.57823 0.02223
-0.10778 0.25224 0.19033
-0.27219 -0.08447 -0.17771
-0.42763 0.23914 0.27614
0.15780 -0.47526 -0.08261
0.03350 0.21247 0.55259
-0.63940 0.24357 -0.23863
-0.15868 -0.31943 0.02508
-0.01216 0.45885 0.45938
0.07685 -0.78385 -0.15434
-0.07023 -0.17244 -0.02487
0.12819 0.23850 0.81603
0.69869 0.10168 -0.08328
0.10615 -0.69831 0.02028
0.10509 -0.43415 -0.18698
0.07083 -0.51922 0.10744
-0.11371 0.23684 0.77452
0.18021 0.14982 -0.56082
0.30117 0.17015 0.45320
-0.17460 0.49703 0.61586
-0.02720 0.24703 0.64936
-0.35495 0.01924 -0.42094
0.66296 0.10070 0.39030
0.02173 0.77387 0.39356
-0.27369 0.51295 -0.57064
0.06518 -0.26532 -0.08140
-0.23818 -0.04205 -0.30779
0.02378 -0.42099 0.05524
0.20865 0.21616 0.59830
-0.01257 0.29209 0.06786
-0.20371 0.24204 0.70884
0.41798 0.39783 -0.13977
0.06798 -0.41171 -0.09851
0.18927 -0.36878 -0.01214
-0.64393 0.23740 -0.12206
0.65286 0.51507 -0.23246
0.60185 0.10320 0.13210
0.10968 -0.18108 -0.05166
-0.17531 -0.37678 0.03729
0.25185 -0.05566 0.47365
0.04916 -0.73464 0.08742
0.13594 0.47742 0.15157
0.07141 -0.20670 -0.02411
-0.41433 0.18464 0.24834
-0.01884 0.31238 0.03108
-0.08221 -0.10118 -0.00419
-0.02908 -0.62683 0.10855
0.08403 -0.38433 0.02474
0.01467 0.08734 0.32401
-0.19825 -0.37992 -0.03237
0.17729 0.12825 -0.49918
0.01044 -0.64571 0.10725
-0.39750 0.17242 0.43620
0.15911 -0.66106 -0.09481
0.55958 0.04946 -0.39869
-0.02777 0.45319 0.12486
0.15473 -0.68022 -0.01813
0.48018 0.07717 0.03904
-0.02230 0.36824 0.30650
-0.15633 -0.52201 -0.02539
0.02752 -0.25741 0.04471
-0.12645 0.45301 0.09192
0.31896 0.32544 -0.04783
0.61863 0.53503 -0.01641
-0.18470 -0.50824 -0.09210
0.14703 0.45720 -0.41415
0.26911 0.18709 0.54691
0.12432 -0.75119 -0.14536
0.42038 0.05700 0.24883
-0.06305 -0.44179 0.09487
-0.00989 -0.15310 -0.06806
0.12310 -0.76333 -0.05191
0.43332 -0.01016 -0.24349
-0.49369 0.21740 0.21951
0.79499 0.12328 0.10893
0.34945 0.05822 0.34464
-0.00494 -0.17490 -0.00875
-0.06575 -0.28147 -0.02307
0.17057 -0.50856 0.00315
-0.16528 0.15996 0.41635
-0.56065 0.23798 0.38081
0.11258 0.51585 -0.48095
-0.18007 -0.34853 -0.15272
0.44870 0.06450 0.35632
0.53372 0.00501 -0.32399
-0.23500 0.51891 -0.53888
0.31815 0.29993 -0.09467
0.19598 0.55098 0.23197
-0.01561 0.33924 0.08670
0.02150 0.43140 0.11768
-0.31114 0.14412 -0.04163
-0.25546 0.35412 -0.32053
0.24258 -0.01419 -0.27714
0.11619 -0.11787 0.03402
-0.42744 0.18144 -0.13653
0.10345 -0.17943 0.01934
0.01059 -0.51717 0.00432
-0.75567 0.24583 -0.16564
0.12395 -0.05643 0.28313
0.22237 -0.02303 0.16073
0.85836 0.11491 0.25531
-0.11765 -0.79929 -0.09920
-0.74068 0.24950 0.36290
0.10498 0.12668 0.31704
-0.00165 -0.18342 -0.03511
-0.15365 -0.01165 -0.33545
-0.48192 0.17335 -0.23581
-0.25321 0.65950 0.20923
0.07233 -0.59283 -0.21683
-0.56928 0.22238 0.05199
0.16360 -0.58417 -0.11511
0.63168 0.10633 0.33738
0.11324 -0.75622 0.03987
0.12311 -0.57141 -0.18367
-0.11570 -0.02916 0.03215
0.63708 0.07099 0.41889
0.52092 0.10972 0.32494
0.12336 -0.86561 -0.11133
-0.17430 -0.35272 -0.02670
-0.09368 0.52177 -0.48976
0.20399 0.13765 0.33998
0.27841 0.31484 -0.28826
0.06698 0.36107 0.07813
-0.40598 -0.07152 -0.25315
0.11638 -0.15100 -0.12306
-0.01223 -0.46825 -0.10583
0.10256 -0.35850 -0.22876
0.42599 0.38191 -0.21721
-0.39603 0.26292 0.30689
-0.28039 0.49696 -0.50591
-0.27590 0.17588 0.57053
-0.23787 0.12922 0.36930
0.06048 -0.39683 -0.24503
0.00512 0.08544 -0.02302
0.75942 0.11258 0.30476
0.49788 0.11367 0.28133
0.36158 0.08376 0.22164
0.00639 -0.01300 -0.03682
0.14066 0.69702 0.30764
-0.41054 0.13723 -0.19066
0.59397 0.10572 -0.09844
0.69507 0.12402 0.10574
0.43212 0.44449 0.06585
0.04548 -0.20242 -0.00196
-0.03597 0.21484 0.56004
-0.68583 0.27312 0.08744
0.17050 -0.05412 0.36631
-0.37845 0.17658 -0.01459
-0.53534 0.24249 0.08998
-0.39634 0.02395 -0.51843
0.09441 -0.44730 -0.22401
-0.17086 0.02336 0.04878
-0.05094 -0.80457 -0.17005
-0.12293 -0.64286 -0.17729
0.41568 0.05713 0.06594
-0.03157 -0.25551 0.03624
0.26769 0.03744 -0.33685
0.26995 0.01784 0.26421
-0.78578 0.28136 0.16872
0.21971 0.23410 -0.02574
0.27051 0.38004 0.13803
-0.18632 -0.09606 -0.14777
-0.14830 0.70922 0.26819
0.10844 -0.78220 -0.00636
-0.24774 -0.06989 -0.22135
0.08730 0.59211 0.21257
0.24247 -0.05305 0.05811
-0.41980 0.14946 -0.24776
-0.11265 -0.53205 0.05099
-0.09757 -0.77521 0.02175
-0.11218 -0.33693 0.07793
0.55643 0.42164 -0.38723
0.13322 0.08771 -0.39575
0.16459 -0.41287 -0.07776
0.09762 -0.41295 -0.00806
0.18810 0.10692 -0.42147
0.45698 0.39778 -0.28101
0.30828 0.21137 -0.38569
-0.08903 0.21260 0.54555
0.35317 0.05624 -0.35027
0.02170 0.25910 0.78906
0.46386 0.04810 -0.35291
0.62387 0.48430 -0.26244
0.09859 -0.63687 0.04138
-0.18345 0.01173 -0.38918
0.56530 0.10180 -0.02347
-0.10275 -0.67359 0.07052
0.26196 0.22262 -0.20408
0.17338 0.29002 -0.24054
0.00192 -0.09184 -0.03956
0.12682 -0.90490 -0.05183
-0.41547 0.16827 0.16218
-0.14205 0.61963 0.19374
-0.13524 0.49221 -0.44978
0.19003 0.16174 0.42022
-0.09920 0.23950 0.71866
-0.16154 -0.37821 -0.12606
0.24913 -0.00898 0.35459
0.42831 0.04932 0.12968
0.04513 -0.13450 -0.05952
-0.03041 0.40112 0.34233
-0.08404 -0.54290 -0.19181
-0.19514 0.19629 0.16183
-0.53684 0.23847 0.32349
-0.17124 0.57776 0.15695
0.09278 -0.28668 0.00362
0.31129 0.00754 0.43959
0.21123 0.01395 -0.28169
0.08807 0.39473 -0.35229
0.88967 0.08740 0.04593
0.25745 -0.01770 0.40034
0.56307 0.49091 -0.20795
-0.04554 0.56057 0.17161
-0.21737 0.42750 -0.37919
0.34109 0.04641 0.15562
0.14164 0.14982 0.39813
0.11490 0.60515 -0.64238
0.50342 -0.00915 -0.29150
0.19675 -0.03798 0.13618
-0.48575 0.21555 0.08593
-0.05287 0.27832 -0.23038
0.00827 0.38501 -0.36235
0.04601 -0.16156 -0.03739
-0.43859 0.01163 -0.58255
0.20815 0.25254 0.04337
0.37480 0.03660 -0.32179
-0.04431 0.13959 0.37488
-0.47598 0.18476 -0.05946
-0.24323 -0.12114 -0.09861
-0.34156 0.13093 0.12373
-0.06222 -0.76421 0.07973
0.22462 0.21104 0.75995
0.08434 -0.16958 -0.01302
-0.09639 0.34437 0.29751
-0.10264 0.16073 0.41864
-0.35498 0.15557 0.27887
0.20410 0.20605 0.55497
0.06826 -0.51717 -0.08831
0.15594 0.23918 0.74259
-0.12052 -0.44392 -0.21027
-0.04573 -0.63810 -0.19655
-0.35595 0.19189 0.21242
0.00081 -0.17108 0.02179
-0.54210 0.24224 0.24228
0.05005 -0.65698 -0.21756
0.15901 0.23114 0.66426
-0.17782 0.33695 -0.29935
-0.14090 -0.65380 -0.09037
0.37669 0.31899 -0.26760
-0.14438 -0.35580 -0.20001
0.04788 -0.32364 0.13571
-0.03679 0.15564 0.42070
0.01080 -0.19071 -0.11523
-0.47252 0.26484 0.34800
0.58010 0.10280 0.21697
-0.79871 0.24203 -0.15776
-0.44724 -0.01575 -0.42462
0.27581 -0.03194 -0.17663
0.47466 0.04978 0.13322
0.19348 0.05526 -0.34664
0.13070 -0.81449 -0.11416
-0.04878 -0.36742 0.01791
-0.45994 0.39929 0.56703
-0.36803 0.03375 -0.56487
-0.11351 -0.44943 0.06271
0.10496 -0.54095 -0.17091
0.62210 0.53464 -0.11203
-0.05335 -0.26943 -0.06845
0.01837 0.29256 -0.29868
0.05086 0.14566 0.41550
0.13039 -0.85422 -0.02416
-0.15932 0.24610 0.21774
-0.20932 0.20640 0.64393
-0.01661 -0.70539 -0.21890
0.30294 0.10275 -0.43063
0.64956 0.10632 -0.02978
0.44864 0.01641 -0.30499
-0.19940 -0.07381 -0.22977
-0.09904 -0.91138 -0.02080
-0.21541 0.64402 0.19548
-0.20573 0.36802 -0.32664
-0.05501 -0.88540 -0.15440
-0.47135 -0.01721 -0.48910
-0.63658 0.25219 0.33489
-0.39909 0.16798 0.10242
0.05089 -0.91270 -0.14825
-0.07238 0.71855 0.27387
-0.15879 0.04033 -0.55624
0.55346 0.09379 0.25889
0.12434 0.28189 -0.23982
-0.02666 0.77624 0.35858
-0.00621 -0.45400 0.10489
-0.37196 0.14363 -0.04493
-0.59893 0.20894 -0.38158
-0.09099 -0.21946 -0.05250
-0.21114 0.15179 0.40855
-0.27642 0.57835 0.16112
0.05359 -0.21666 -0.05943
-0.12312 -0.62189 -0.14139
0.09404 0.01333 -0.06216
0.18735 -0.05411 -0.21788
-0.23962 0.03469 -0.56286
0.53977 0.12920 0.20576
-0.45093 0.36817 0.48457
-0.15520 0.21915 0.73879
-0.00158 -0.37351 0.04866
-0.14432 -0.04658 -0.10340
0.28533 0.23742 -0.12661
-0.57133 0.21998 -0.28801
-0.19175 -0.44887 -0.08421
-0.20030 0.44964 -0.42538
-0.46037 0.19450 0.18353
-0.13421 0.45353 0.45491
-0.34001 0.11641 -0.41801
-0.04089 -0.84323 0.07470
0.54202 0.09377 -0.06262
0.68954 0.12904 0.15400
0.13555 -0.49776 0.02084
-0.52259 0.19529 -0.21156
0.51335 0.46155 -0.20082
-0.32266 0.25405 0.26821
0.12624 -0.61782 0.00806
-0.05813 -0.31351 -0.24158
-0.16287 0.31374 0.28982
-0.19725 0.01868 -0.11494
0.10147 -0.88913 -0.08409
0.50094 0.07868 -0.45587
0.03908 0.11958 0.33102
0.49079 0.49494 0.02141
0.32467 0.37089 0.09119
0.50009 0.47887 -0.03887
0.21211 0.33468 -0.29834
0.30708 0.00227 0.07617
0.31736 0.27519 -0.13125
-0.08706 0.22990 0.85023
0.25456 -0.00477 -0.25440
0.54819 0.35333 -0.42294
-0.15504 -0.74082 -0.02928
0.01473 -0.15300 0.02931
-0.35795 0.11141 -0.18747
-0.45319 -0.07003 -0.27670
-0.00081 -0.53476 -0.24124
-0.51159 0.17895 0.48442
-0.61538 0.26899 0.13930
-0.67552 0.24540 0.37115
0.56618 0.09135 0.37421
-0.50854 0.18984 -0.36991
0.46350 0.07153 0.31343
-0.17637 -0.51385 0.00129
-0.11848 -0.82766 -0.04060
0.10417 -0.46793 -0.02387
-0.40708 0.42350 0.53393
0.05617 -0.34253 -0.01879
0.14725 0.54114 -0.52805
-0.13202 0.11676 0.11047
-0.27601 0.03752 -0.49488
0.46159 0.08061 -0.04692
-0.03500 0.25369 0.83868
-0.13387 0.03820 -0.48895
-0.25846 0.01552 -0.40390
0.12408 -0.16810 -0.01183
-0.12389 0.34709 0.02907
0.01656 -0.33532 0.11479
-0.38223 0.13837 -0.29538
0.76179 0.12232 0.08380
-0.44094 0.39660 0.52525
0.53085 0.08743 0.06799
0.51554 0.07621 0.17834
-0.66974 0.21713 -0.40399
0.17066 0.59257 0.24756
0.00841 -0.19063 0.08722
0.09744 -0.18406 -0.08661
-0.59942 0.26537 0.05146
0.33386 0.04099 0.21768
-0.31498 0.31254 0.32890
0.02418 0.65972 0.24905
-0.08847 0.23032 0.63219
0.30797 -0.01220 -0.23190
-0.03482 -0.18659 0.02876
-0.24217 0.06561 0.06737
0.00864 -0.84059 -0.17397
-0.20357 0.05733 -0.52876
0.01926 -0.27559 -0.03252
-0.36609 0.40559 0.46250
-0.01519 -0.51717 -0.02223
0.41207 0.06444 -0.02919
0.08902 -0.27598 -0.07428
0.12204 -0.36581 0.05977
0.02281 0.14182 -0.16089
-0.23703 0.27800 0.28775
0.08236 -0.51552 -0.22208
-0.26436 0.09305 -0.27376
0.43767 0.45005 -0.00116
-0.02886 -0.34932 0.13845
0.03088 -0.23454 -0.02561
0.12853 -0.23668 -0.09943
-0.08050 0.39673 -0.35220
0.12884 -0.72493 -0.06433
0.04306 -0.15875 0.05228
0.84329 0.07781 0.36246
-0.50313 0.16123 -0.47490
-0.20142 0.46159 0.50096
-0.36692 0.31317 0.34305
0.29275 -0.04455 0.47895
-0.43940 0.19784 0.03171
-0.01859 -0.21748 -0.04180
0.16886 -0.43425 -0.14490
0.04503 0.36129 -0.33384
-0.29544 0.71331 0.32406
-0.23185 0.48838 0.57593
0.13708 -0.36685 -0.16111
-0.05977 -0.22876 -0.00265
-0.02957 0.44424 -0.40145
-0.29226 0.39421 -0.35777
0.31717 0.27513 -0.20528
-0.18976 -0.47951 -0.04920
-0.19492 0.20129 0.22423
-0.40689 0.18402 0.28327
-0.16760 0.28762 -0.23551
0.04783 -0.24738 -0.10612
-0.14871 -0.03184 -0.30171
0.02324 -0.73323 0.06832
0.17766 0.39289 -0.34609
0.29647 0.44682 -0.44952
-0.27291 0.10074 -0.31215
-0.06269 0.39712 0.07929
0.08114 -0.61909 0.05909
0.05923 -0.51717 -0.01525
0.02456 -0.14726 -0.02613
0.21797 0.50400 -0.49106
0.09190 -0.72025 -0.15209
-0.06631 0.60799 0.19219
0.02136 -0.54298 0.11879
0.01892 -0.28400 0.02530
-0.08521 0.41968 0.39973
-0.46124 0.16972 -0.15701
0.55028 0.08656 0.11052
-0.09818 -0.08468 -0.08221
-0.14223 -0.72536 -0.13254
-0.30881 0.07277 -0.15672
0.72173 0.12086 0.01323
0.29761 0.32291 0.01186
0.12890 -0.51778 -0.14615
-0.17893 -0.31351 -0.00239
0.26350 0.30311 0.10007
-0.07863 -0.91814 -0.16284
-0.52526 0.20895 -0.04082
0.16763 -0.03071 0.21392
0.00358 -0.19721 -0.06766
-0.46671 0.17452 -0.30057
0.38574 0.04486 0.30045
-0.08577 0.57916 0.17292
0.12820 -0.69776 -0.09334
-0.04093 -0.19854 -0.09807
-0.66952 0.25032 -0.28566
-0.08832 -0.42673 -0.23231
-0.56489 0.25813 0.44386
-0.22895 0.10394 0.24594
-0.04552 0.31387 0.23822
0.06560 -0.21076 -0.11605
-0.08454 -0.57135 0.09719
0.03656 -0.80227 -0.17401
-0.29006 0.12772 0.15883
-0.35855 -0.03001 -0.30789
-0.11602 -0.78542 -0.01111
0.10052 -0.34812 0.11173
-0.27926 0.10322 -0.21616
0.22475 0.28127 0.06953
-0.66456 0.25945 -0.06602
0.09368 0.45365 -0.40638
-0.02829 -0.45799 -0.24758
-0.08404 0.12343 0.32090
0.09510 -0.21176 -0.04527
-0.19764 0.65776 0.22892
0.12563 0.06338 -0.08520
0.08526 0.32923 0.05177
0.54872 0.50339 -0.12632
0.26753 0.16115 -0.55459
0.05472 -0.11475 -0.05077
0.33189 0.26763 -0.30974
0.26765 0.26334 -0.06839
0.39459 0.40873 -0.00143
-0.08000 -0.74133 0.04419
0.02882 0.35024 0.28198
-0.31750 -0.08297 -0.19406
-0.02414 -0.75877 0.06575
0.07476 0.42014 -0.37807
-0.04316 -0.43918 -0.09302
-0.18248 -0.03441 -0.30321
-0.08452 -0.88594 0.01091
-0.37272 0.25325 0.27545
-0.48854 0.19307 0.40676
-0.07069 0.50255 -0.45981
-0.09747 0.31320 -0.26815
-0.45943 -0.03554 -0.39032
0.65965 0.12289 0.06435
0.47258 0.07488 0.26813
0.49952 0.06083 -0.42056
-0.04677 -0.11799 -0.00091
-0.60858 0.25612 -0.01011
-0.07372 0.45673 -0.40909
0.16984 0.14183 0.35649
0.09649 0.31989 -0.27966
0.13404 0.24352 0.70530
0.16149 -0.56990 0.00620
-0.67623 0.26427 -0.00105
-0.38859 0.14367 -0.36889
0.07517 0.57047 -0.53760
0.08440 -0.85937 0.04657
0.42829 0.12696 -0.50675
-0.20890 0.38665 0.04392
-0.10223 -0.84240 -0.15828
0.03808 -0.46065 0.09865
-0.18252 0.41981 0.06326
0.16308 -0.47083 -0.14849
0.03629 0.12782 0.37922
-0.55446 0.24942 0.16976
-0.12524 -0.40952 0.09160
0.36865 0.13979 -0.53392
-0.00263 -0.51066 0.04822
0.21828 0.16759 -0.29141
0.15180 -0.43286 0.00225
-0.07227 0.58331 -0.57700
-0.14493 0.13969 0.34604
0.04205 0.33151 0.05630
-0.09955 -0.52368 0.09502
-0.08086 -0.36508 0.12274
0.40093 0.08585 -0.40289
-0.19760 0.54450 0.13850
0.09422 -0.22254 -0.08831
-0.18316 0.21953 0.20578
0.30706 0.24881 -0.28074
0.03099 0.21987 -0.21804
0.73864 0.13432 0.21271
0.44753 0.08128 0.39286
0.06343 -0.67831 0.08949
-0.30951 0.33632 0.35746
-0.04347 -0.23452 -0.10250
0.08875 0.14151 0.38206
-0.31825 0.13960 0.21085
-0.18532 -0.51526 -0.04268
-0.68218 0.24072 -0.33080
0.16573 -0.33100 -0.11021
0.01057 -0.82296 0.08243
0.47965 0.11438 -0.52020
0.35215 0.31215 -0.18816
0.02100 -0.46575 0.12734
0.09275 0.58794 -0.58141
-0.58218 0.22483 -0.21440
0.09996 -0.89612 -0.03422
0.02085 0.15472 -0.18890
-0.00301 0.16922 -0.00217
-0.16242 -0.68241 -0.02598
0.04499 -0.13194 -0.01156
0.06069 -0.72771 0.05540
0.08094 -0.44454 0.11145
-0.49241 0.21600 0.31766
0.18345 0.19014 0.47931
0.36713 0.33605 -0.12991
0.75605 0.12931 0.25798
-0.13890 -0.06639 -0.21784
-0.44727 -0.00928 -0.46122
-0.10686 -0.57574 -0.16922
-0.34496 0.43004 0.48074
-0.33712 0.16252 -0.08121
-0.28645 0.13000 0.24461
-0.17416 -0.56178 -0.10799
0.38296 0.11088 0.11284
0.02144 -0.54664 -0.21247
0.07857 -0.41452 0.08792
-0.38183 0.34569 0.39462
0.17621 0.23125 0.69738
-0.01577 -0.31810 -0.23646
-0.05487 0.57027 -0.54091
0.14206 -0.06311 0.08656
-0.60852 0.23764 -0.13534
0.31885 0.03923 0.33678
0.08223 -0.06101 -0.05537
0.11086 -0.78647 -0.15564
0.13010 -0.56493 0.05819
0.14105 -0.07399 0.35391
0.08572 -0.13803 -0.08368
-0.28392 0.46465 0.52355
-0.49992 0.19756 -0.08421
-0.14621 0.23760 0.64251
-0.70292 0.24830 -0.18245
0.08748 -0.64296 -0.17049
0.14330 -0.79704 -0.04827
-0.42725 0.15671 0.01876
0.39882 0.07994 0.35849
0.00957 0.27376 -0.26375
-0.03643 0.52415 0.16017
0.09407 -0.48090 -0.06210
0.06952 0.51055 0.16324
-0.16825 0.42657 0.41414
0.12347 0.47950 -0.43072
-0.02100 -0.58970 -0.20794
0.03130 -0.49674 -0.21605
0.03094 0.47769 -0.43128
0.07926 -0.92448 -0.12251
-0.57053 0.22614 -0.16164
0.27384 0.29837 0.02405
0.07739 0.24892 0.65429
-0.00842 0.32795 -0.30187
0.14021 -0.41110 0.02978
0.00121 0.16998 0.47126
0.08551 0.62864 0.23353
-0.24504 0.03438 -0.47640
0.13065 -0.05142 0.24791
0.02577 0.25942 0.68829
0.28297 0.20250 -0.33328
-0.02739 0.28904 -0.25351
0.03135 -0.31351 -0.24052
-0.15004 -0.57979 0.03651
-0.12077 0.41068 0.07220
0.11699 0.60648 0.23387
-0.02461 -0.89407 0.04452
-0.07812 0.01409 -0.38791
0.12109 -0.64300 -0.13108
0.02493 -0.10537 0.06631
-0.02683 -0.65898 0.07917
0.45744 0.11181 -0.49220
0.02561 -0.51717 -0.02753
0.02896 0.07747 -0.12576
0.05037 -0.70009 -0.21157
-0.20343 0.20608 0.58928
0.02597 -0.07478 -0.03364
-0.01012 -0.51717 -0.08577
-0.10536 -0.71707 -0.18100
-0.08810 -0.64094 0.05493
-0.39909 0.01396 -0.45965
0.36199 0.09884 -0.41652
-0.05924 0.53098 -0.49010
-0.09205 -0.42564 0.08194
0.08624 -0.15315 0.00975
0.09890 0.37474 0.08593
-0.01068 -0.76086 -0.18620
0.19724 -0.01190 0.18479
-0.17551 0.32308 0.00015
-0.01072 -0.21444 -0.10992
0.00788 -0.36001 0.13882
0.40187 0.36999 -0.15481
-0.08154 -0.48284 -0.20112
0.17920 -0.06895 0.03405
-0.27792 -0.05742 -0.24945
0.04402 -0.58141 -0.22892
0.04715 -0.48534 0.04556
0.14277 -0.53091 -0.11649
0.32292 0.06376 -0.37722
0.20767 0.42620 -0.37498
0.08365 -0.84993 -0.16845
0.06178 0.65621 0.26369
-0.07800 -0.01896 0.03569
-0.37198 -0.05977 -0.26126
-0.02903 -0.16220 -0.04048
0.39250 0.39997 -0.05546
-0.30168 0.11428 -0.33089
0.03412 -0.04039 -0.09549
-0.41979 0.30542 0.35810
-0.13616 -0.84170 -0.10338
-0.34854 0.12102 -0.22818
-0.12041 -0.36204 0.10043
-0.43058 0.24949 0.30972
-0.52164 0.15549 0.22945
-0.02552 -0.29323 -0.10065
0.19046 0.49916 -0.46961
0.29362 0.19852 0.67925
-0.27975 0.13353 0.02350
-0.65393 0.18896 -0.45394
0.20768 0.61375 0.28097
0.15321 -0.31525 0.02503
0.00575 0.03381 0.20432
-0.14926 -0.31983 -0.15937
-0.54114 0.20405 -0.37430
0.75651 0.08929 -0.15430
-0.38554 0.16640 0.19604
0.18830 -0.43720 -0.06973
0.17440 -0.56775 -0.05402
-0.44451 -0.08689 -0.19522
0.02281 -0.81891 -0.20140
-0.50637 0.19580 0.01338
-0.43699 0.34756 0.43877
-0.13403 -0.69460 -0.15353
0.26216 0.24393 -0.09679
0.01989 -0.16940 -0.05388
0.77733 0.10744 -0.09031
0.14205 -0.69614 0.01009
-0.68632 0.23005 0.01499
0.53214 0.07747 0.33157
-0.08740 -0.61666 -0.20936
0.13148 -0.32265 0.05571
0.15931 -0.36430 0.05442
0.07480 -0.38592 -0.21223
0.20229 0.00142 -0.25065
0.47968 0.40585 -0.30591
0.28695 0.33406 0.12172
0.10767 -0.40376 0.06907
-0.16501 -0.67936 -0.07991
0.66642 0.11868 0.01609
0.20833 0.11090 -0.44918
-0.05063 0.20201 0.51993
0.34501 0.37553 0.00834
0.00400 0.69875 0.27600
0.23537 0.08191 -0.38511
0.43910 0.06347 0.04150
-0.02569 -0.41096 -0.22709
0.11108 -0.52584 0.08252
0.03340 0.01068 -0.11100
0.18845 -0.02059 0.25381
-0.72869 0.23855 -0.12443
0.14809 0.53475 0.20068
0.14991 -0.75067 -0.07282
0.17908 -0.45736 -0.00754
0.17842 0.34019 -0.30164
-0.64636 0.20641 0.05801
-0.11968 -0.01310 -0.33114
-0.61149 0.27348 0.22283
0.08185 0.52951 -0.48748
-0.27141 0.43997 0.47100
-0.34098 0.17299 0.17412
-0.20296 -0.33996 -0.04472
-0.19029 -0.31351 -0.07710
-0.12119 0.41608 -0.36494
0.13983 -0.49582 -0.17888
-0.02239 -0.66286 -0.19863
0.14511 -0.59849 -0.06672
-0.14867 -0.78470 -0.08976
-0.35952 0.02771 -0.45999
-0.31242 0.12140 0.02171
-0.17180 -0.46260 0.02490
-0.15548 -0.56678 -0.15103
0.27623 0.15169 -0.52319
-0.17206 0.15925 0.15533
0.15421 -0.32352 -0.18752
-0.14954 -0.61383 -0.06212
0.07206 0.12118 0.32400
-0.43052 0.15418 0.06194
0.16107 0.20285 0.53081
-0.46495 0.15008 -0.45349
-0.02087 0.32557 0.06229
-0.05446 -0.36936 -0.06578
-0.00179 0.15078 0.42863
0.13548 -0.80141 -0.01212
-0.05734 0.00149 -0.36462
-0.51999 0.19370 -0.24507
0.13509 0.04508 -0.31457
0.24449 0.13952 -0.51783
-0.12397 -0.84258 0.01114
0.01073 -0.21005 -0.01694
0.11677 -0.70274 -0.16641
0.44500 0.42699 -0.13693
-0.06307 -0.44138 -0.04499
-0.25613 0.11289 0.21981
-0.53272 0.20610 0.33221
-0.61475 0.26072 0.28833
0.10616 0.64636 0.25506
-0.16988 -0.65391 -0.05732
-0.18644 -0.39259 0.00991
-0.10725 -0.89789 -0.07904
0.14752 -0.52818 -0.01725
-0.27322 0.12844 0.29793
0.00968 0.65640 -0.74079
-0.13381 -0.05110 -0.25871
0.02494 -0.73170 -0.21391
-0.31967 -0.00674 -0.35565
-0.07425 0.49377 0.55654
0.20649 0.21181 -0.06543
-0.12920 -0.71016 -0.01440
-0.01721 -0.35750 -0.23285
0.08696 -0.36875 0.08801
0.21812 0.19406 0.48875
-0.47659 0.21288 0.24766
0.22384 0.25687 0.01438
-0.11723 -0.47915 0.08855
0.34278 0.03362 -0.31341
-0.15044 -0.35522 0.03268
-0.05758 0.47932 -0.42736
0.18425 -0.48153 -0.06350
-0.06294 -0.36911 -0.01628
0.04294 -0.54812 0.08742
-0.01372 0.37405 0.09532
0.06956 0.19282 0.50460
-0.35166 0.12566 -0.38208
0.47912 0.06872 0.18803
0.37019 0.05086 0.22690
0.15895 -0.55733 -0.13465
-0.00596 -0.01069 -0.35178
-0.62093 0.27508 0.17143
-0.09184 0.17380 0.44715
-0.14677 -0.78610 -0.02350
-0.54492 0.24413 0.05746
0.00740 -0.14194 0.05497
0.12948 -0.67929 0.03563
0.11786 0.50361 0.16062
-0.03888 -0.49978 -0.24151
0.02011 -0.14300 -0.06077
-0.37084 0.15238 0.10965
-0.01728 -0.55327 0.09302
-0.54736 0.21334 -0.14185
-0.01593 -0.13227 -0.01809
-0.33832 0.37426 0.40330
0.52243 0.08278 0.25697
-0.17336 0.82398 0.40744
0.09187 -0.78620 0.05486
0.04352 0.42412 -0.38762
-0.06427 -0.88922 0.05781
0.01850 -0.21146 0.04315
-0.08016 -0.75108 -0.16197
0.24063 0.18621 -0.31747
0.37097 0.04618 0.18570
-0.13116 0.34353 -0.30423
0.24487 0.21090 0.63412
-0.19296 -0.07721 -0.26177
0.23985 0.05186 -0.34655
-0.21425 0.40937 0.39902
0.15777 0.37336 -0.32880
-0.15933 -0.41042 -0.12361
0.19182 0.54530 -0.51527
0.14375 -0.41324 -0.14374
-0.10426 0.23135 0.16534
0.16587 -0.61615 -0.09168
0.09377 -0.31351 0.11016
-0.08652 -0.49034 0.10632
-0.10392 -0.70634 -0.14861
-0.06557 -0.20227 -0.04124
0.10978 -0.84237 -0.08145
0.09539 0.12911 0.34961
-0.10562 0.30210 0.24889
0.00393 0.36303 0.07655
0.07065 -0.19614 -0.04713
0.03683 -0.42791 -0.22199
0.14181 0.51306 -0.46676
0.41900 0.06226 0.00624
-0.16578 0.39334 0.05417
-0.01375 -0.54644 -0.21368
-0.40450 0.18242 0.33127
0.12877 0.33331 -0.28558
-0.14705 0.41214 0.39404
0.40205 0.33931 -0.28224
-0.06221 -0.54812 0.08257
-0.50121 0.22331 0.05840
-0.32577 0.19546 0.19554
-0.35701 0.12901 -0.12270
-0.36010 0.15412 0.07364
0.14869 -0.06116 0.30366
0.13640 -0.11193 0.01447
-0.12502 -0.68853 -0.12123
0.14048 -0.78987 -0.09536
-0.31918 0.11682 -0.10469
0.53164 0.44244 -0.26521
-0.59754 0.22899 -0.30486
-0.32708 -0.06830 -0.22134
0.15432 -0.52353 -0.05743
0.04212 -0.67397 -0.19116
0.17647 0.02938 -0.29932
-0.03923 -0.41733 0.10446
-0.29366 0.39560 0.40867
0.05805 -0.35383 0.13024
-0.09865 -0.61983 -0.16986
-0.67692 0.25193 -0.24558
-0.06161 -0.61230 0.10234
-0.41836 0.17967 -0.10329
-0.52561 0.23062 0.02589
0.00883 -0.86351 0.05083
-0.42312 0.17328 0.13124
-0.42482 0.18333 0.20346
-0.52930 0.20179 -0.09679
0.04777 -0.22639 0.03832
-0.57959 0.23964 -0.04118
-0.31076 0.52730 0.13698
-0.09100 -0.33783 -0.21224
0.10962 0.19758 0.51031
0.15294 -0.37108 -0.13347
-0.36790 0.12965 -0.43433
-0.45129 0.15850 -0.23458
0.00752 -0.89523 0.04587
0.24076 0.21163 -0.18260
-0.05798 -0.77199 -0.17208
0.11189 -0.71773 -0.12709
0.24473 0.00460 0.27896
0.03156 -0.38432 0.13443
0.10892 0.22276 0.56189
-0.05436 -0.50696 0.11700
0.13203 -0.75214 0.01326
-0.19199 -0.37333 -0.11760
0.44299 0.06520 0.27527
0.64135 0.11519 0.20463
0.52956 0.11279 0.28766
0.03714 -0.51717 -0.08122
0.04666 -0.80348 0.04991
-0.09307 -0.41377 0.11197
0.06933 -0.29030 -0.09795
-0.15438 0.78809 0.35693
-0.02306 0.39617 -0.36239
-0.17526 -0.37325 -0.05340
0.05056 0.22553 0.57610
-0.10002 0.37852 -0.33492
-0.04888 -0.51717 -0.00745
0.39338 0.31307 -0.31482
0.09418 -0.51717 -0.01151
-0.41170 0.15249 -0.29540
-0.38612 0.10779 -0.18554
-0.06912 0.22555 0.57007
0.15595 -0.61928 0.00393
-0.60836 0.24940 0.32082
0.46641 0.06664 -0.37840
-0.12809 -0.40718 -0.20944
0.08672 -0.54441 0.09684
-0.01794 -0.62496 -0.20388
0.10952 -0.50989 -0.17131
0.37027 0.03719 0.33367
-0.01169 0.23131 0.01913
0.31833 0.19282 0.50269
-0.03592 -0.74424 0.09114
-0.25116 0.19261 0.17271
0.09709 -0.22930 -0.02058
0.20323 0.43512 0.14584
0.65988 0.12017 0.23492
0.57218 0.10221 -0.05936
0.07013 0.27664 -0.23309
-0.12756 -0.72246 -0.10488
0.40001 0.13784 -0.53430
0.10280 -0.36035 -0.19743
0.02881 -0.36908 -0.25573
-0.14303 -0.43393 -0.19084
-0.07768 -0.15524 -0.11878
-0.07239 -0.53652 -0.22684
0.17670 0.20264 -0.03817
-0.08627 -0.19888 0.01662
-0.42126 0.18494 -0.06703
0.36280 0.05695 0.04496
-0.11123 0.18545 0.46899
0.11682 0.50224 -0.45100
-0.36060 0.12028 -0.15297
-0.03093 0.47674 0.14270
0.38260 0.02376 -0.29117
0.05585 0.24388 0.63235
-0.66638 0.23855 -0.14464
0.50852 0.08229 0.22030
-0.12397 -0.76232 0.03197
-0.07981 -0.07146 0.01520
-0.14498 -0.48155 0.06237
-0.31189 0.01754 -0.40126
-0.12942 -0.65021 -0.12369
-0.30068 0.03584 -0.46775
-0.09188 0.26814 -0.21081
0.08757 -0.78216 0.02440
0.71128 0.12904 0.13170
0.45980 0.09461 0.36772
0.30552 0.23815 -0.31211
0.26918 0.22770 -0.23900
0.23061 0.21569 -0.10804
0.44103 0.07242 -0.02155
0.37840 0.02689 0.10005
-0.13259 0.43756 -0.39802
0.09173 0.11510 0.29159
0.40852 0.42465 0.02310
-0.11599 0.05738 0.07988
0.60811 0.10632 0.02863
0.16160 0.26848 -0.22175
-0.13814 -0.87149 -0.06743
-0.35017 0.29719 0.32257
-0.44849 0.19898 0.08608
0.05899 -0.39344 0.09925
0.15042 0.16395 0.42574
0.59057 0.10465 0.10338
-0.69876 0.25070 -0.29562
-0.04716 0.41583 0.09833
0.71031 0.08920 0.36791
0.36296 0.31961 -0.21684
0.01393 0.22526 0.57277
0.01960 -0.88568 -0.19139
0.82542 0.12159 0.11378
-0.39434 0.19485 0.22367
0.02623 -0.46055 0.05422
-0.07648 -0.79707 0.03684
-0.14985 -0.40028 -0.18869
-0.16882 -0.55010 0.00853
-0.17462 -0.36422 -0.08329
0.00261 0.01763 -0.02285
-0.08146 -0.70889 0.04866
0.23270 0.56812 -0.55759
0.38216 0.33429 -0.24144
-0.04877 -0.47656 0.09563
-0.09673 -0.45693 -0.19436
-0.33125 0.14045 0.36017
-0.05474 -0.67993 0.06807
-0.41357 0.18256 0.03853
-0.01078 -0.66884 0.10476
0.08565 -0.91825 -0.15193
0.31722 0.06574 0.15662
-0.10708 -0.81667 -0.00287
0.13823 -0.64407 -0.08009
0.48725 0.12601 0.21264
0.22607 0.15980 -0.10367
-0.04094 -0.51717 -0.06594
-0.24290 0.36408 0.36659
-0.07526 -0.81583 -0.18483
-0.07281 0.65040 0.21170
-0.15080 0.37314 -0.32849
-0.04708 -0.16437 -0.06417
0.08291 -0.46334 -0.19912
-0.07950 -0.65736 -0.20733
-0.11979 0.54375 0.14368
