-0.19836 0.16567 -0.57237
-0.08914 0.93896 0.33228
0.18110 -0.23371 0.62024
0.20196 -0.21518 -0.21857
-0.12519 0.35714 0.17354
-0.19836 -0.21946 0.20619
0.23544 0.12171 0.06037
-0.19836 0.21142 0.61129
-0.19836 -0.17620 -0.32765
0.18120 0.17241 -0.46629
0.18120 0.17627 0.40615
0.03091 -0.22457 -0.61705
-0.10044 0.44574 0.33548
0.18120 -0.23481 0.19453
-0.19836 0.21602 -0.13320
-0.19836 -0.25190 0.58156
-0.07411 -0.27271 -0.00156
-0.19836 0.12066 0.30721
0.22203 0.19930 -0.21630
0.12997 0.10290 0.62024
-0.19836 -0.06086 -0.08462
0.11483 0.23240 0.12933
0.01153 -0.27271 0.39568
-0.01045 0.04781 -0.61705
-0.05730 0.23240 -0.38352
0.18201 -0.16325 -0.47642
-0.00352 -0.27271 -0.40490
0.18120 -0.05603 0.40486
-0.03856 0.23240 0.41606
-0.13091 0.35072 -0.17467
-0.19836 -0.11236 -0.57115
-0.12544 -0.03420 0.62024
-0.19836 -0.09804 0.45504
0.18120 -0.07399 -0.09728
-0.19836 0.07703 -0.34369
-0.00236 0.23240 -0.52670
0.18120 0.03888 0.19794
0.03175 0.20482 -0.08242
-0.19836 -0.25738 0.27189
-0.19836 0.13226 0.07589
0.18120 -0.00281 -0.32070
0.18120 0.03855 0.56980
0.18120 -0.01435 -0.61684
-0.09890 0.70087 0.33560
-0.01146 -0.27271 0.61586
0.04341 -0.27271 -0.18908
-0.16382 -0.27271 -0.58317
0.13545 0.23240 0.24541
0.00720 -0.27271 0.20126
0.18120 -0.25577 0.00521
-0.19836 0.03989 -0.26256
-0.06625 0.23240 0.03388
-0.06917 0.29631 -0.01586
0.09000 0.23240 0.08685
0.11046 0.23240 0.55044
-0.19836 -0.05554 0.10875
0.08392 0.23240 -0.30999
-0.19836 -0.23264 -0.17064
0.18585 -0.22483 0.39270
-0.12885 0.23240 0.21161
0.18107 0.10253 -0.09836
0.06413 -0.07057 0.62024
0.12862 0.18472 -0.61705
-0.19836 0.13477 0.47064
0.18120 -0.12860 0.07000
0.12276 -0.29506 -0.54318
0.04243 0.23240 -0.24892
-0.08361 0.23240 0.24221
-0.19836 -0.09571 0.52480
-0.19836 -0.02359 -0.52721
0.04655 -0.27271 0.11025
-0.01258 0.18839 0.62024
-0.19836 0.19797 -0.40830
-0.11773 -0.27271 -0.32164
0.23635 0.19418 0.08234
-0.06617 -0.06568 -0.61705
0.18120 0.13549 0.56910
0.14224 -0.27271 -0.32407
-0.19836 -0.26821 -0.48624
-0.19836 -0.19957 0.01820
-0.19836 -0.06223 0.28795
-0.15024 -0.27271 0.45092
0.18120 0.07050 -0.24438
0.13018 -0.29320 0.48898
0.11442 -0.27271 0.30027
-0.19786 0.23240 0.38034
0.18120 0.00465 -0.50872
-0.06280 0.23240 -0.21634
-0.15359 -0.27271 0.15911
0.19965 0.21777 -0.05692
0.04669 -0.27271 -0.08523
-0.19836 0.09926 -0.08599
-0.06935 0.17152 -0.61705
0.12514 0.23240 0.47363
0.18120 0.06443 0.38272
0.18120 0.12180 -0.35854
-0.19836 -0.16228 -0.41854
0.18120 -0.10116 0.25802
0.18120 0.02150 0.03179
0.01706 0.20482 0.12557
0.05306 0.23240 -0.46834
0.23635 0.14726 0.19855
0.12252 -0.01999 -0.61705
-0.07308 0.07799 0.62024
0.18120 -0.15673 -0.35057
0.16706 -0.15771 -0.61705
0.06344 0.23240 0.32541
-0.19836 0.02823 0.59457
0.18120 -0.11730 0.58549
-0.01302 -0.27271 -0.56592
-0.19836 -0.18858 0.37005
-0.19836 0.20194 -0.28251
-0.10287 0.29498 0.32671
-0.11764 -0.14909 0.62024
-0.06798 0.32900 0.07839
-0.19836 -0.14714 0.48217
-0.19836 -0.05898 -0.40219
-0.19836 -0.01512 -0.14536
-0.19836 -0.01845 0.33085
-0.08404 -0.27271 -0.13449
-0.17193 0.03984 -0.61705
-0.11115 0.23240 0.54831
-0.19836 0.11108 -0.21683
-0.13366 0.23240 -0.06525
0.17814 -0.27271 -0.14212
-0.11253 -0.27271 0.25241
0.18120 0.10554 -0.16170
-0.19836 -0.04453 -0.01348
-0.14487 0.23240 -0.52922
0.18120 -0.22981 0.51644
-0.01072 0.22900 0.00463
-0.19836 0.03942 0.42721
0.17696 0.23240 -0.26208
-0.11083 -0.20902 -0.61705
-0.19836 0.07457 0.20551
-0.19836 0.08467 -0.44745
0.18120 -0.08497 -0.22985
-0.12373 0.36021 -0.01818
0.11927 0.23240 -0.15175
0.06633 0.08879 -0.61705
0.07648 -0.10857 -0.61705
0.12874 -0.27271 0.22877
-0.15562 0.08791 -0.61705
0.18120 0.14036 0.27505
0.18120 -0.05904 -0.41663
0.18120 -0.15538 0.25349
-0.07628 -0.28066 -0.45433
0.18120 -0.04195 0.14266
0.11394 -0.27271 0.36464
-0.19836 -0.07803 -0.25696
0.14835 -0.27271 -0.43609
-0.12832 -0.27271 0.61055
0.12373 -0.27271 -0.26882
0.18120 0.00765 0.27098
-0.19836 0.21082 0.13422
0.18120 0.20066 -0.02665
0.10309 -0.27271 0.61701
-0.07816 -0.29574 0.52079
0.18120 0.10475 0.06684
-0.19836 -0.02645 0.20657
-0.00338 -0.27271 -0.08191
-0.19836 0.19226 -0.03057
0.18120 -0.21567 0.00299
-0.19836 -0.18658 -0.58247
-0.11082 -0.27271 -0.22842
0.02870 0.23240 0.21636
-0.19836 0.21332 0.22969
0.03759 0.20451 -0.61705
0.04330 0.02322 0.62024
-0.06798 0.30171 -0.12703
0.00164 -0.27271 0.33965
-0.04211 0.20482 -0.12262
-0.19836 0.05537 0.10444
-0.17111 -0.08391 -0.61705
0.18120 -0.23312 -0.56369
-0.19836 -0.14611 0.15739
0.18120 -0.08035 -0.53615
-0.08312 -0.27271 0.07228
0.18120 -0.10712 0.37415
-0.00815 -0.27271 -0.29098
0.02844 -0.27271 0.51090
0.18120 -0.16824 -0.10227
0.20120 0.12498 0.15279
-0.12854 0.28579 0.17354
0.18839 0.00880 -0.15030
0.17393 -0.26766 -0.61705
-0.19836 -0.00471 0.52873
0.18120 0.16213 -0.55864
0.00417 0.23240 0.53286
-0.09338 0.55789 0.33370
0.14793 0.23240 -0.39528
-0.19836 -0.14498 0.59330
-0.17279 -0.27271 -0.06978
0.09897 0.23240 -0.55024
0.19882 0.01933 0.46256
-0.06798 0.24475 0.12759
-0.09284 0.81631 0.33177
0.14571 -0.02928 0.62024
0.13087 0.23240 -0.50217
-0.08890 0.23240 -0.42207
0.20106 -0.07911 0.49433
-0.11589 -0.27271 0.35437
-0.01131 -0.03303 -0.61705
0.20196 -0.22611 -0.36772
0.18120 0.10810 0.48997
-0.19836 -0.24736 -0.23800
-0.13091 0.23953 -0.17583
0.17360 -0.27271 0.36865
-0.19836 0.14213 -0.02603
0.08576 0.20602 0.62024
0.18120 -0.27202 0.09634
0.18120 0.09708 -0.55686
-0.01647 -0.15468 0.62024
0.18120 -0.18477 0.15795
0.04173 0.23240 -0.36443
0.07088 0.23240 -0.01504
-0.19836 -0.20212 -0.41326
0.18120 0.20590 0.49390
0.23635 0.16944 -0.11289
0.20235 0.21409 0.13914
0.05738 -0.27271 -0.48492
0.17206 0.23240 0.35044
-0.19836 -0.21450 0.10387
0.14950 0.15742 0.62024
0.18120 -0.25799 -0.47541
-0.19836 -0.24941 0.45471
-0.18193 -0.27271 -0.35034
-0.17984 -0.27271 0.06000
-0.19836 -0.14682 -0.12437
0.18120 -0.03136 0.31183
0.09304 -0.27271 0.14719
0.20196 0.11013 -0.25358
0.18120 -0.18106 -0.25930
0.07497 -0.27271 0.00725
0.18120 0.04737 -0.42643
-0.15441 0.23240 -0.47916
0.11033 0.23240 -0.05328
-0.19836 0.12962 0.56868
0.18120 -0.05424 -0.00399
-0.16156 -0.29574 -0.50484
-0.06241 0.23240 0.34079
-0.19836 0.03250 0.35409
-0.19836 -0.23356 -0.07811
-0.15771 0.23240 0.46752
-0.19836 0.12290 0.38832
0.20195 -0.23107 0.29492
0.20196 -0.15437 0.45681
0.07248 -0.27271 -0.60568
-0.19836 0.02187 -0.34344
-0.16595 0.22146 -0.61705
-0.19836 0.05200 0.00077
-0.19836 0.13285 -0.36096
0.23635 0.13767 -0.04536
-0.11822 0.18237 0.62024
0.07404 -0.18212 0.62024
-0.13091 0.32027 0.08540
-0.19836 -0.10830 -0.47094
0.04997 0.20482 -0.16850
-0.09039 -0.27271 0.20274
-0.09872 0.03447 -0.61705
-0.14166 0.23240 -0.28731
-0.13091 0.31718 -0.12541
-0.19836 -0.02644 0.59550
0.17565 0.23240 0.58261
0.18120 0.01224 -0.05313
-0.01550 -0.05329 0.62024
-0.18330 0.12559 0.62024
-0.19836 0.08376 -0.53394
0.08572 -0.27271 -0.39029
-0.19836 -0.14500 0.28690
-0.05376 0.12992 -0.61705
-0.09028 -0.27271 -0.57081
0.18120 0.16447 -0.31749
-0.19836 -0.15524 -0.20807
-0.14071 0.23240 -0.34606
-0.16405 0.23240 0.03565
0.15875 0.07218 -0.61705
0.18120 0.00979 0.11098
0.02053 0.10379 0.62024
-0.19836 -0.12875 0.07894
0.18120 0.16935 -0.38572
-0.19836 -0.10643 0.36217
-0.02009 0.23240 0.19639
-0.19836 0.10929 -0.14938
-0.03197 -0.16247 -0.61705
0.08743 -0.27271 -0.12046
-0.15107 0.23240 0.08536
-0.01464 0.23240 -0.28914
-0.02020 -0.27271 -0.19632
-0.05136 0.03601 0.62024
-0.14337 -0.29574 0.56408
-0.15630 0.10042 0.62024
0.17390 0.23240 0.07019
0.18120 -0.10063 0.41486
0.05781 -0.27271 -0.30806
-0.10479 -0.11696 -0.61705
0.18120 -0.13178 -0.02423
0.05368 0.23240 0.48287
0.00773 -0.27271 0.03750
0.18120 -0.26200 0.54577
-0.18891 0.10509 -0.61705
-0.15510 0.23240 0.29226
-0.03268 0.23240 0.52110
0.12663 -0.08509 -0.61705
-0.14735 -0.27271 -0.42134
0.18120 -0.04330 -0.15775
0.18120 0.01965 0.38682
0.18346 0.21238 -0.15718
-0.19836 -0.03070 0.39254
-0.14527 0.17294 -0.61705
0.18120 0.09150 -0.02166
-0.19836 -0.02021 -0.58010
-0.19836 0.20395 0.46222
0.05057 -0.27271 0.26761
0.04265 0.23240 0.43769
-0.09633 0.23240 -0.59622
-0.19836 -0.13188 -0.04150
-0.19836 -0.09324 -0.30486
0.23127 0.14527 0.00395
-0.08654 -0.27271 -0.09773
-0.08619 -0.27271 0.44231
0.15183 -0.27271 -0.04748
-0.19836 -0.18751 -0.50024
0.18120 0.13117 0.42591
0.18120 -0.17493 0.54022
-0.19836 0.16671 -0.45044
0.18120 -0.19793 0.34285
-0.05029 -0.09374 0.62024
0.14004 -0.15773 0.62024
0.18120 0.12697 0.22423
-0.19836 0.14795 0.18864
0.20196 0.10815 0.34502
-0.19836 0.19663 0.31411
-0.07254 0.30867 0.17354
0.09404 -0.18038 -0.61705
0.20196 -0.23682 -0.29544
-0.19836 0.22753 -0.52050
0.18132 -0.11709 0.14881
0.04386 0.20482 0.04292
-0.08225 0.36021 -0.08633
-0.06984 0.23240 -0.30412
0.23635 0.13618 -0.19490
0.18120 -0.18556 -0.41486
0.08552 -0.13138 0.62024
0.18120 0.09309 -0.45941
-0.02007 -0.26457 -0.61705
-0.19836 0.20666 -0.32323
-0.19836 0.06400 0.52642
0.18120 -0.26702 0.45996
0.18120 -0.08320 -0.33902
0.11809 -0.27271 -0.06112
0.12392 -0.27271 -0.18420
-0.10262 0.36021 0.01196
0.18120 -0.21015 -0.15171
-0.16035 -0.20892 0.62024
0.18120 -0.20044 -0.03795
-0.19836 -0.15390 0.41285
0.18120 -0.00221 -0.44062
-0.18453 0.23240 -0.21820
-0.19836 0.01037 0.25283
-0.19836 -0.25193 0.34854
-0.06031 -0.27271 -0.26621
-0.10417 -0.27271 0.12455
0.10969 0.23240 -0.23475
-0.08595 0.23240 -0.52000
0.13139 0.04695 0.62024
0.18120 -0.01656 0.61741
-0.16412 -0.27271 0.00393
-0.19221 -0.23341 -0.61705
0.18053 0.23240 -0.60246
0.18120 -0.01402 0.23744
-0.02479 0.23240 0.34546
0.00680 0.12825 -0.61705
0.18120 0.07267 -0.30440
-0.16070 -0.15178 -0.61705
0.18120 -0.15244 -0.19660
0.18120 -0.04903 0.06702
-0.07453 -0.20834 0.62024
-0.19836 -0.25056 0.12002
-0.19836 -0.01292 0.05362
-0.09596 0.36021 0.10280
-0.14850 -0.27271 -0.16346
0.08806 0.04553 -0.61705
-0.02171 -0.27271 0.27157
0.18120 0.18177 0.33428
-0.02879 0.23240 0.59217
-0.09257 0.28393 -0.17709
0.08508 -0.29086 0.57404
-0.07724 0.23240 -0.01881
-0.07503 -0.27271 -0.38581
-0.02469 0.23240 -0.60333
0.18120 -0.21954 0.07581
-0.19836 0.13537 -0.29381
0.18120 0.07692 0.30340
0.04879 -0.23864 0.62024
-0.19836 0.04007 -0.19361
-0.05304 -0.27271 0.41568
-0.12443 0.29631 -0.05543
-0.19836 -0.05691 -0.47426
-0.16547 -0.27271 0.20070
0.11002 -0.27271 0.06316
-0.17215 -0.07983 0.62024
0.17633 -0.27271 -0.51491
0.14150 0.23240 0.00649
-0.19836 0.03307 -0.41152
-0.19836 -0.08476 -0.18836
0.05694 0.23240 0.11666
0.18120 0.04987 0.48595
-0.18778 -0.27271 0.51913
0.10236 0.23240 -0.11456
0.18120 0.01586 -0.25000
-0.19836 0.19069 0.03595
-0.18235 0.23240 0.53453
0.18120 0.22346 -0.52620
-0.09241 0.37676 0.33335
0.18606 -0.14521 -0.56604
0.05542 -0.04338 -0.61705
-0.19836 0.17404 -0.21272
0.07960 0.23240 0.23045
0.18120 -0.02004 0.53205
0.08428 -0.27271 0.42527
0.14105 -0.08633 0.62024
-0.10158 0.62869 0.33077
0.18120 0.08884 0.61678
0.05013 0.23240 0.37660
-0.13211 0.03993 0.62024
0.14955 -0.27271 0.16532
-0.19836 0.21525 -0.08621
-0.01670 -0.27271 0.46736
-0.19836 0.00993 -0.08458
0.16330 -0.27271 0.60587
-0.13091 0.30098 0.00600
0.18120 0.18123 -0.24913
0.18120 -0.27073 0.26471
-0.01614 0.23240 0.27717
0.18948 -0.09821 -0.48762
-0.19836 0.14926 0.24325
0.03183 0.23240 0.60950
0.10099 0.23240 0.02136
0.18366 0.01478 0.15635
-0.19836 -0.00229 0.46111
-0.12678 0.23240 0.36822
-0.03342 0.15846 0.62024
-0.19836 -0.02609 -0.30556
0.18120 0.20209 0.23246
-0.02308 -0.27271 0.11258
-0.19836 -0.12289 -0.36625
-0.15645 0.23240 0.15386
0.18120 -0.02101 -0.54534
0.17649 0.23240 -0.45754
0.18547 0.09452 0.23685
-0.01561 -0.27271 0.53460
0.18120 0.16716 0.09724
-0.06875 -0.27271 0.33534
-0.19836 0.09482 0.16001
0.13071 -0.29574 0.55592
0.18120 -0.03403 -0.10124
0.00559 0.23240 -0.19231
-0.19836 0.01673 0.16083
-0.19836 -0.10550 0.01339
0.08884 0.23240 -0.41564
-0.06012 -0.01808 -0.61705
-0.11573 0.23240 0.41813
-0.19836 0.17887 -0.51880
-0.02819 0.23240 0.09350
0.23537 0.21118 0.01975
-0.00661 -0.27271 -0.47347
-0.01362 0.23240 -0.06057
0.07856 -0.27271 0.21240
0.15207 -0.21424 -0.61705
0.09562 0.22827 -0.61705
-0.19836 -0.00111 -0.44299
0.05419 -0.27271 0.32670
0.15589 0.23240 -0.31843
-0.19836 -0.02750 -0.22960
-0.18074 -0.27271 -0.29036
0.18120 -0.12267 -0.41949
0.18120 -0.08830 0.53675
-0.19836 0.08313 0.25575
0.18120 -0.09740 -0.16640
-0.19836 -0.26052 -0.55188
-0.09509 0.23240 0.17639
0.09358 -0.29574 -0.47859
0.17473 0.23240 -0.22330
-0.06798 0.35082 -0.16753
0.15507 0.23240 0.41555
0.18120 -0.12863 0.31438
0.06474 0.16886 -0.61705
-0.18567 -0.27271 0.40136
-0.15397 -0.02422 -0.61705
-0.10857 0.26009 -0.11416
0.22764 0.21153 0.18801
-0.19836 -0.19637 0.54861
0.18120 0.08148 0.12673
0.18120 0.13956 -0.00360
-0.07453 -0.29574 -0.51318
0.18120 -0.12133 -0.28868
-0.06816 -0.27271 0.57605
-0.13780 -0.29574 -0.47183
-0.03882 0.23240 -0.45413
0.18979 0.19605 -0.10724
-0.19836 0.06517 0.48570
0.01142 -0.27271 -0.14122
0.18120 -0.02339 -0.21757
0.05655 -0.27271 -0.42093
0.11492 0.23240 0.37886
-0.19836 -0.15435 0.22276
-0.06798 0.35719 -0.01757
0.09243 0.23240 0.41124
-0.06443 0.20482 0.16807
0.10252 -0.14249 -0.61705
-0.07447 0.22306 0.62024
-0.11017 -0.29574 0.49167
0.17121 -0.27271 -0.38530
-0.19836 -0.19431 0.29400
0.18120 -0.16773 0.38036
-0.12391 0.26215 0.11060
0.18120 0.03913 -0.56464
0.11192 0.12578 -0.61705
0.07418 0.10606 0.62024
0.18120 -0.22375 -0.46314
-0.09979 0.23240 0.48794
-0.05935 -0.21677 -0.61705
-0.19836 0.07575 0.43026
0.02965 -0.27271 0.45897
-0.19836 0.04678 -0.48294
-0.11140 0.23240 0.30604
0.18120 -0.04840 -0.28454
0.09680 0.23240 -0.36354
-0.05564 0.20482 -0.16864
-0.04096 -0.27271 0.16127
0.06754 0.23240 0.55779
0.17990 0.07202 -0.05024
-0.01391 -0.10061 -0.61705
0.18120 0.05527 -0.12829
0.00177 0.23240 -0.43949
0.06677 -0.29574 0.52900
0.18120 -0.08486 -0.59441
0.06782 -0.02968 0.62024
0.19903 0.08567 -0.40112
-0.01337 -0.21476 0.62024
0.05465 0.20955 0.17237
-0.19836 -0.13008 0.54839
-0.19836 0.16343 0.13473
0.18120 0.09278 0.54665
0.03524 -0.17851 -0.61705
0.23635 0.16151 0.14717
0.18120 -0.05100 -0.46923
-0.01837 -0.27271 -0.02662
-0.19836 -0.06528 0.57198
0.18120 0.15410 0.52717
0.18120 -0.20419 0.44887
-0.19836 0.08619 0.04883
-0.19836 -0.03498 0.16351
0.03846 0.23240 -0.55767
-0.19079 -0.26702 0.62024
0.18120 0.17287 0.46693
0.23635 0.17785 -0.05792
-0.19836 -0.24557 -0.01559
-0.19836 -0.01431 -0.03288
-0.19836 -0.18120 0.17585
-0.06798 0.24854 -0.13672
-0.19836 -0.15817 0.09522
0.18120 0.02788 -0.37067
0.18120 -0.19415 -0.53381
0.00129 0.23240 -0.39921
0.01526 -0.27271 -0.23799
-0.19836 -0.07729 0.05329
0.18120 -0.10003 0.10273
-0.19836 -0.07529 0.24135
0.18120 -0.21446 0.25870
-0.12997 -0.06446 -0.61705
0.13885 0.20555 0.62024
0.18120 0.01259 0.34002
-0.19836 -0.20132 -0.24642
-0.13091 0.35475 -0.07154
-0.02203 0.23240 0.46685
-0.06687 0.13336 0.62024
-0.10902 -0.09087 0.62024
0.18570 -0.25920 0.06286
-0.19836 0.05733 -0.58535
-0.08736 -0.16005 -0.61705
0.11723 0.23240 0.18823
0.18120 -0.27237 -0.19433
0.18120 -0.13278 0.19008
-0.19836 -0.06577 -0.35137
0.18120 -0.26402 -0.27049
0.18120 -0.13342 0.50247
0.18120 0.13506 -0.51126
0.02414 0.23240 0.28243
0.18120 -0.15331 0.41517
0.18120 0.11901 -0.61009
0.15787 0.23240 -0.10025
0.18120 -0.05988 0.58231
-0.06172 0.23240 -0.08140
0.14776 -0.27271 -0.56851
-0.16506 -0.27271 -0.20443
-0.19836 -0.26395 -0.11478
0.14141 -0.29574 -0.48590
-0.09928 0.29631 0.04483
0.05091 0.13756 0.62024
-0.07622 0.07642 -0.61705
0.02592 -0.11219 0.62024
-0.09353 -0.26932 -0.61705
-0.19836 0.08987 0.36149
-0.03593 -0.27271 -0.36153
0.20033 0.07629 0.18778
-0.03877 -0.27271 -0.51872
-0.06890 -0.03427 0.62024
0.18120 0.21214 0.29479
-0.06798 0.34093 0.13443
0.19964 -0.03038 0.49284
-0.19836 -0.26489 -0.42389
0.03382 -0.27271 -0.53706
-0.19836 -0.08480 -0.13137
0.02519 -0.27271 -0.35772
0.07857 -0.27271 -0.24431
-0.19836 -0.18855 -0.04496
-0.13587 -0.27271 0.30762
-0.18202 0.23240 0.18628
0.08838 0.23240 -0.46766
-0.19836 -0.06041 0.41125
0.16758 0.23240 0.16990
0.23570 0.21607 -0.16734
-0.13994 0.23240 -0.41204
-0.09980 0.87138 0.33511
0.08004 0.23240 -0.17231
-0.19836 0.21967 -0.57199
0.14553 -0.27271 0.41128
-0.19836 0.14769 -0.16544
0.20196 -0.13949 -0.15105
-0.18020 0.23240 -0.01997
0.15045 -0.27271 -0.10111
0.14748 -0.27271 0.02835
0.02535 0.20482 -0.00457
-0.19836 -0.14922 -0.59535
0.20196 -0.22971 0.34111
-0.03568 -0.27271 0.03739
0.23076 0.12973 -0.14727
-0.10441 0.23240 -0.24009
0.10477 0.23240 0.28998
0.18120 0.05378 -0.19124
-0.09578 0.03257 0.62024
0.18606 -0.24835 -0.09699
0.18606 -0.13589 -0.51502
-0.19836 0.12502 -0.48411
-0.19836 0.17129 0.36988
0.05613 0.23240 -0.05886
-0.19062 0.23240 -0.37838
0.18120 -0.19422 -0.32480
-0.19836 0.05667 -0.05415
0.18120 -0.07193 0.34897
0.23635 0.16934 0.05243
0.18606 -0.19118 -0.58610
0.20196 -0.16763 -0.17298
0.18120 -0.07867 0.18396
-0.19836 0.05891 -0.12813
0.18120 -0.15662 0.01044
0.08090 0.04486 0.62024
0.18120 0.04411 0.25720
0.05465 0.22761 -0.12278
0.18606 -0.23837 0.13548
0.18120 0.08909 0.43112
-0.17224 -0.00014 0.62024
0.10045 0.23240 0.58478
0.15056 0.03733 -0.61705
-0.13091 0.30045 0.13013
-0.16287 0.23240 -0.16202
-0.19836 -0.13257 -0.52159
-0.14310 -0.27271 -0.27586
-0.00179 0.20482 -0.17168
0.18120 0.18662 0.59029
0.18120 -0.11568 -0.10235
-0.12472 0.23240 0.00047
-0.10150 0.50483 0.33033
0.18120 -0.15455 0.14422
0.10524 -0.27271 -0.33317
-0.06798 0.29044 0.13147
0.16329 -0.27271 0.31281
-0.19836 -0.19474 0.50641
-0.19836 0.02941 -0.54131
0.16967 0.17819 -0.61705
-0.14748 -0.18540 -0.61705
-0.19836 0.07692 0.61840
-0.19836 -0.20666 0.59011
0.06685 0.23240 -0.51428
-0.19836 -0.05547 0.48560
-0.19836 0.18398 0.08852
-0.19836 -0.15114 0.33206
0.09804 0.14868 0.62024
-0.00094 -0.00217 0.62024
0.18120 -0.21510 0.57269
0.18120 -0.08383 0.04357
0.13787 0.23240 0.50943
-0.19836 -0.21519 -0.45990
0.07293 -0.22297 -0.61705
-0.10696 0.23240 0.06942
-0.19836 -0.13075 -0.26867
0.00967 -0.27271 0.15749
0.03705 -0.14799 0.62024
-0.07070 -0.27271 0.28694
-0.13176 0.23240 0.59642
0.03006 0.23240 -0.30491
-0.19836 0.17055 0.50545
-0.12334 -0.27271 0.07619
0.04040 -0.27271 0.22694
0.18120 0.21458 -0.36282
-0.19836 0.00254 0.09473
0.18120 -0.00710 0.43117
-0.19836 0.13306 -0.42117
-0.16880 -0.27271 0.09377
-0.11110 0.19234 -0.61705
0.18120 -0.05221 0.27145
-0.10118 0.23240 -0.47177
0.15030 0.23240 -0.19277
0.09160 -0.28561 0.48582
-0.19836 0.15727 0.31725
-0.19836 0.22894 -0.44962
0.01985 0.00551 -0.61705
-0.19836 -0.19623 -0.13882
0.23127 0.19170 -0.02357
-0.06121 -0.16951 0.62024
-0.07900 -0.27271 0.61652
0.17990 0.09799 0.01679
0.15417 0.23240 -0.54614
0.18120 -0.17926 0.60604
0.18120 0.04018 -0.47257
-0.02942 -0.27271 -0.14949
-0.19836 0.23157 0.06560
-0.07283 -0.27271 -0.19571
0.18120 0.13580 -0.43493
0.18120 -0.17812 0.20764
-0.19836 0.18100 -0.36139
0.18120 0.19991 0.53687
0.18120 0.01295 -0.00219
0.08482 -0.27271 -0.55788
-0.19836 -0.09855 0.59673
0.02547 -0.26830 -0.61705
-0.00090 0.20482 0.06008
0.16002 0.23240 -0.06266
0.12381 -0.25132 -0.61705
-0.10296 0.36021 -0.12021
-0.11922 -0.27271 0.40479
-0.00283 0.05059 0.62024
0.19762 0.15818 -0.13001
0.18120 -0.18267 0.29323
0.04065 -0.27271 0.58375
0.21954 0.12785 -0.08500
0.15203 -0.27271 0.50774
0.18120 -0.03644 -0.35778
-0.04776 -0.27271 0.22879
0.05734 0.23240 0.25770
-0.02120 0.23240 -0.33880
-0.19836 -0.21856 -0.29350
-0.13680 -0.27271 -0.37229
-0.04675 0.01844 -0.61705
-0.19836 -0.23924 -0.38136
0.18120 0.05749 0.05037
0.18120 -0.21608 -0.50207
0.18120 -0.21846 -0.08046
-0.01850 0.23240 -0.23967
-0.19836 -0.08355 0.15249
-0.19466 -0.27271 -0.15809
-0.11025 -0.02242 -0.61705
-0.12139 0.13332 0.62024
-0.19836 0.12328 0.12492
0.18120 0.04131 -0.53158
0.18120 0.08897 -0.33456
-0.03970 -0.27271 0.36763
-0.19836 0.18522 -0.17821
0.06207 -0.27271 0.05482
-0.11167 -0.29574 -0.53776
0.18120 -0.04717 -0.05366
-0.13091 0.34821 0.03952
0.18120 0.12567 0.60890
-0.06101 -0.27271 -0.59233
-0.19836 0.16459 0.60123
-0.19836 0.05035 -0.31102
0.14454 -0.12736 -0.61705
0.01368 0.23204 0.17483
-0.14518 -0.24620 -0.61705
-0.19836 0.09764 -0.26597
0.19604 0.17053 0.25810
0.07452 -0.27271 -0.03962
0.19956 0.13011 -0.20998
0.18120 -0.12167 -0.36618
-0.13286 -0.27271 -0.05032
0.18120 0.02901 0.61719
0.11500 -0.20673 0.62024
-0.19836 -0.10806 -0.22008
-0.07478 -0.27271 -0.31215
-0.16059 0.12885 -0.61705
-0.07000 -0.10717 -0.61705
-0.08637 0.29631 -0.07951
-0.19836 0.15674 -0.24408
-0.19836 -0.01120 -0.48622
0.12581 0.23240 0.33310
-0.17527 0.23240 -0.29869
-0.00628 0.20482 -0.13666
-0.19836 -0.09153 0.32462
-0.19836 0.11888 -0.56922
0.18120 -0.05298 0.21784
-0.19836 -0.24775 0.02471
0.07019 -0.27271 0.37970
-0.19836 0.13832 -0.09563
-0.19836 -0.21493 0.42363
-0.06410 0.20482 0.12082
-0.13091 0.27615 -0.14166
-0.19836 -0.19410 0.24800
0.15668 0.23240 0.13655
-0.18018 0.23240 0.42446
-0.19836 0.12658 0.51659
-0.00418 0.09448 -0.61705
0.10609 -0.28075 -0.44825
0.11399 -0.27271 -0.01812
-0.16201 0.18733 0.62024
-0.13091 0.23771 -0.13078
0.16620 0.23240 0.46698
0.19885 0.12419 0.02836
0.18120 -0.03103 0.11765
-0.19836 0.16928 0.27769
-0.16213 0.23240 0.34234
-0.05658 -0.27271 -0.41851
0.02912 -0.08538 -0.61705
-0.19836 0.00754 -0.60944
0.21961 0.17905 0.11448
-0.19836 -0.01943 -0.35339
0.18120 -0.22962 -0.40630
0.06328 -0.00559 -0.61705
0.18757 0.04915 0.16225
-0.06668 0.23240 0.47998
-0.19836 0.04968 0.18002
0.13254 0.23240 0.06186
-0.19836 0.04770 -0.37727
-0.19836 -0.24164 0.53163
0.03583 -0.12146 -0.61705
0.18120 0.08999 -0.51110
0.19300 0.21832 0.03542
-0.19836 -0.22319 0.04598
0.18120 0.11229 -0.05572
0.18325 -0.18372 0.49502
-0.19836 -0.01156 -0.26360
0.23635 0.17804 -0.18252
0.20196 -0.22198 0.23492
0.19795 0.10530 0.39204
0.18120 -0.02956 0.35833
-0.09987 0.23240 -0.33676
-0.19836 -0.20637 -0.54162
-0.19836 0.21712 0.27299
-0.00300 0.23240 0.24006
-0.09291 0.74615 0.33234
0.18120 -0.09473 0.46275
-0.19836 0.07896 0.57495
-0.13091 0.35469 0.07474
-0.07216 0.36021 0.04589
-0.11162 0.23240 -0.38535
-0.19836 0.11250 0.01162
-0.01120 -0.27271 0.42799
0.02341 -0.27271 -0.03655
-0.16961 -0.27271 -0.45734
0.18259 0.09512 -0.20799
-0.04327 -0.22709 0.62024
-0.08535 0.36021 0.17103
-0.14865 -0.27271 0.48484
-0.07922 0.23240 0.59226
-0.02292 0.20482 0.15094
-0.19836 -0.18183 -0.28270
0.19809 -0.22473 -0.25926
0.18120 -0.25217 -0.33804
-0.19836 -0.21685 -0.10966
-0.19836 -0.04937 0.34877
0.10891 0.23240 -0.27750
-0.17521 -0.27271 0.56390
0.18120 -0.02856 0.03297
0.18120 -0.08924 -0.05504
-0.10177 0.25089 0.33738
0.20196 0.11210 0.27750
0.13159 0.23240 -0.45829
0.20196 -0.00831 -0.48281
0.18660 0.12359 -0.28889
-0.14256 0.23240 -0.58928
0.20196 -0.06568 -0.13051
0.09989 0.00113 0.62024
-0.17033 0.04382 0.62024
-0.19836 -0.16171 -0.38017
0.01349 0.23240 0.57274
0.18120 -0.08922 0.30085
0.18120 0.22164 0.39261
0.18120 -0.13037 -0.24849
-0.00108 0.14224 0.62024
-0.15528 -0.27271 -0.11444
-0.19836 -0.00224 -0.38669
-0.08242 -0.27271 -0.05999
0.18120 0.02160 -0.09540
0.18120 -0.04494 0.44615
0.14606 0.14416 -0.61705
-0.19836 -0.18487 0.45905
0.02801 -0.04560 0.62024
0.18120 0.05421 0.43112
0.01489 -0.27271 -0.31962
-0.19836 -0.14723 -0.00100
-0.13712 0.23240 0.25469
0.18120 0.02221 0.53129
0.18120 -0.18342 -0.21703
0.02460 0.07447 -0.61705
-0.19836 -0.04909 -0.17482
-0.19646 -0.27271 0.17010
-0.19836 -0.08712 -0.50762
-0.19836 -0.25042 0.23188
-0.19836 -0.12419 -0.17005
-0.19836 -0.15129 -0.45713
0.18120 -0.12164 0.54090
-0.11463 -0.19269 0.62024
0.02183 -0.19098 0.62024
-0.08572 -0.27271 0.15922
-0.19836 -0.26562 -0.04740
0.18120 0.08642 0.34474
-0.19836 -0.21463 -0.34823
-0.19836 0.01310 0.21807
0.03816 -0.27271 0.36349
-0.19836 -0.11412 0.26891
0.18120 -0.25755 -0.42228
-0.19836 -0.06973 -0.56506
-0.19836 -0.01494 0.12706
-0.18216 0.17579 -0.61705
0.04976 -0.27271 0.41503
-0.13775 -0.27271 -0.54893
-0.19185 0.23240 0.58172
-0.03775 0.20110 -0.61705
0.18448 -0.24994 -0.05131
0.14173 0.23240 -0.60922
0.18120 0.21079 -0.56734
-0.10503 -0.27271 -0.42324
-0.04296 0.23240 -0.54053
-0.11772 -0.27271 -0.19321
0.01263 0.23240 0.35572
-0.19836 -0.12141 0.19209
-0.10268 0.29631 0.09278
-0.19836 0.04384 0.05567
-0.00938 -0.21293 -0.61705
-0.10033 0.23240 -0.05421
0.18120 -0.25129 0.42180
-0.00169 0.23240 0.40093
-0.05846 -0.27271 0.47476
0.20196 -0.02018 -0.13542
-0.19836 -0.23095 -0.50595
0.20625 0.14798 0.11991
-0.05850 0.23240 -0.25855
-0.12971 -0.27271 -0.59204
-0.10117 0.31935 -0.17709
-0.06548 0.23240 0.28038
0.18120 0.03453 -0.59691
0.00944 0.23240 0.31747
0.10439 -0.27271 0.11128
-0.19836 0.02237 0.29225
-0.08827 0.11361 -0.61705
-0.13091 0.34864 0.13333
0.11984 0.07807 -0.61705
0.08588 0.23240 0.45255
-0.19836 0.12550 -0.53040
-0.03946 0.23240 0.23706
0.05876 0.23240 -0.60243
-0.19836 -0.10141 -0.03333
-0.19836 0.00253 0.00527
-0.15676 -0.27271 0.34578
-0.13091 0.25623 0.14420
0.13832 -0.27271 -0.14815
0.04258 0.23240 -0.20728
0.18120 0.12891 -0.47018
0.04395 -0.27271 -0.26067
0.05528 0.23240 0.51888
0.18120 0.19544 -0.41815
-0.06578 -0.27271 0.10807
0.18120 0.10552 0.18474
-0.19836 0.07692 -0.17614
-0.19713 -0.11654 -0.61705
-0.14918 0.23240 0.51860
-0.19836 -0.03013 0.43896
0.22413 0.21127 -0.09219
0.03850 -0.27271 0.18524
-0.15328 -0.24936 0.62024
0.19792 -0.07335 0.12708
-0.19836 -0.16438 -0.52689
0.03440 0.14985 -0.61705
0.18120 -0.08790 0.61403
0.23405 0.16173 -0.22719
0.19236 0.17280 0.20943
0.20196 -0.19653 0.19194
0.12489 -0.27271 -0.22797
0.05213 0.23240 -0.41219
-0.04634 -0.27271 0.50785
0.18120 0.23113 0.26109
-0.10185 0.29631 -0.02102
0.18120 0.14408 0.34098
-0.19836 0.17311 -0.06601
0.18606 -0.14145 0.10793
-0.19836 -0.20377 0.32961
0.16408 -0.13941 0.62024
-0.19836 0.02554 0.48840
-0.08527 0.27095 0.11060
-0.18945 -0.03911 -0.61705
0.18120 -0.00481 -0.38454
-0.18918 0.23240 -0.25066
0.18120 0.02577 0.07052
0.07300 -0.29574 -0.50816
0.18120 0.19365 -0.50191
0.18120 -0.20233 0.12402
-0.08591 0.23240 0.09974
0.18120 -0.21900 0.47947
-0.10185 0.33767 0.33512
-0.19836 -0.02339 0.27739
-0.19836 -0.16005 0.05541
-0.19836 -0.23200 0.61945
0.17025 -0.05295 -0.61705
0.12322 -0.18577 -0.61705
-0.19836 -0.25675 -0.19636
0.18120 0.20728 -0.29252
0.18120 -0.24951 -0.22680
0.18120 -0.01815 0.19901
-0.09703 -0.28351 0.58262
-0.19836 -0.22463 0.14642
-0.04352 -0.13300 0.62024
-0.19836 -0.14894 -0.06654
0.19969 -0.16699 -0.44146
0.18120 0.13483 -0.10072
0.18120 -0.00560 -0.18198
0.18120 -0.18004 -0.06968
-0.04079 -0.27271 -0.09481
-0.09799 -0.29574 -0.48878
-0.19836 -0.17647 0.61722
-0.16872 0.23240 -0.12425
-0.01942 -0.27271 -0.25029
0.01250 -0.27271 0.29121
0.18006 0.23240 0.52324
-0.02861 0.16280 -0.61705
0.18120 0.20481 0.10717
0.19654 -0.12943 0.46884
0.03378 0.20482 0.08996
0.17362 -0.05243 0.62024
-0.19836 0.14960 0.02455
0.18120 -0.08521 -0.44593
-0.06798 0.31658 0.10920
-0.19836 -0.21713 0.49057
-0.19836 -0.18028 0.12730
-0.06798 0.32627 -0.07909
0.08261 -0.27271 -0.18975
0.09855 -0.05814 -0.61705
0.18120 -0.10441 0.20339
-0.00713 0.20482 -0.08654
-0.01250 -0.27271 0.07528
-0.03468 0.08515 0.62024
0.03631 0.19641 0.62024
-0.10133 0.29631 -0.11357
0.14626 -0.27271 0.07483
-0.14785 0.23240 -0.03093
-0.19836 0.13141 0.34642
-0.15290 -0.16557 0.62024
-0.04732 -0.00239 0.62024
-0.19836 0.17420 0.21568
-0.19836 0.20686 0.50799
-0.19836 0.03728 -0.44948
0.18120 -0.12218 -0.06530
0.00758 -0.27271 0.25097
-0.19836 -0.04879 -0.43729
0.18848 0.13674 0.08433
-0.07122 0.23240 0.52355
-0.02899 0.23240 -0.17845
-0.09524 -0.27271 -0.35367
-0.19836 -0.25027 0.31053
0.13805 0.23240 0.59273
0.18120 -0.01856 0.39452
0.00166 -0.27271 0.01354
0.18120 -0.24537 -0.16776
0.18120 -0.25033 0.22972
0.10144 -0.27563 0.25520
-0.14406 -0.27271 0.12215
-0.03857 0.08317 -0.61705
0.10165 -0.07811 0.62024
-0.07856 0.23240 0.40911
0.18120 0.06501 -0.38664
-0.19836 -0.26769 -0.39142
0.19777 -0.01774 0.14506
-0.19836 -0.03326 0.55282
-0.00546 -0.11022 0.62024
-0.19836 0.01418 -0.30071
-0.04615 0.23240 0.37502
0.18120 0.15774 -0.28012
-0.19836 0.15014 0.41258
-0.06798 0.29652 0.02665
0.18120 0.05383 0.33298
-0.19836 0.07341 -0.21306
0.18120 0.13146 -0.39738
0.18120 -0.05590 0.52002
-0.07198 0.23240 0.56115
-0.08235 0.26768 0.17354
0.18120 -0.01759 0.57993
-0.03957 -0.27271 -0.45135
-0.13091 0.31446 -0.03626
-0.19836 0.15384 -0.39120
0.12487 0.23240 0.43036
-0.19836 0.15525 0.54114
0.04979 -0.27271 -0.12098
0.18120 -0.07106 -0.38105
0.09234 -0.23338 0.62024
-0.19836 0.05626 0.32503
-0.19836 -0.01762 0.49523
-0.04968 0.19111 0.62024
0.18120 0.05648 0.01550
-0.09130 -0.27271 0.38027
-0.14652 -0.27271 0.23279
0.06783 0.13188 -0.61705
0.06229 0.23240 0.05909
-0.14847 -0.27271 0.03537
-0.19836 0.11308 0.23519
-0.19836 0.09581 0.46472
-0.05599 -0.27528 -0.48648
0.14461 0.23240 -0.24590
0.00404 -0.15833 -0.61705
-0.19836 0.11670 -0.33161
-0.19836 -0.19654 -0.07649
0.19905 0.18933 -0.13398
-0.19836 -0.09785 -0.08375
-0.12405 -0.15686 -0.61705
0.00626 0.22293 -0.61705
0.18120 -0.27094 0.14895
-0.16852 -0.27271 -0.31655
0.18120 -0.07862 -0.19517
0.14044 0.01119 0.62024
-0.19836 -0.11973 -0.33025
-0.03329 -0.27271 0.33088
0.18842 0.18409 -0.00039
-0.19836 -0.09697 0.09595
-0.08217 -0.13954 0.62024
0.14642 -0.27271 0.26042
0.18606 -0.16856 -0.14253
0.18120 0.07290 0.08422
-0.00602 0.23240 0.49493
-0.07822 -0.07030 0.62024
0.11203 0.23240 -0.18979
-0.11051 -0.27271 -0.00319
0.14076 0.23240 -0.02875
0.07772 0.23240 -0.25200
-0.13091 0.29807 0.05346
0.20791 0.15685 -0.02129
-0.01139 0.22053 0.62024
-0.11965 0.09247 -0.61705
0.14384 -0.21544 0.62024
-0.12785 0.23240 0.04113
0.18120 -0.11098 -0.55537
0.18606 -0.15674 0.04976
0.18120 0.02209 -0.28556
0.18120 -0.26067 0.49513
-0.19836 0.11789 -0.05285
0.00145 -0.27271 -0.52115
-0.19836 0.19272 -0.24292
0.18120 -0.07611 0.07638
0.05417 0.20482 -0.03630
0.18120 0.09069 -0.12823
-0.19836 -0.02644 -0.07471
0.07432 -0.27271 0.29288
0.18120 -0.15537 -0.28204
0.18120 -0.13116 -0.60323
0.18120 0.23108 -0.00799
-0.11803 0.00482 0.62024
0.09651 0.01119 -0.61705
-0.02893 0.23240 0.30976
0.18120 -0.15229 -0.38531
-0.19836 0.16692 -0.32950
-0.12899 0.07498 0.62024
-0.03241 -0.27271 0.58764
0.18120 -0.07999 -0.26861
0.18120 -0.01331 -0.28058
-0.19836 0.02279 -0.05171
-0.09585 0.36021 -0.05408
0.18120 -0.05186 -0.31962
-0.12518 0.29631 -0.08873
-0.05217 0.23240 0.19388
-0.19836 -0.26613 -0.60591
-0.19836 0.21114 -0.47981
-0.19836 0.13271 0.27405
-0.19836 0.18131 -0.13290
0.18120 -0.11312 -0.20928
0.09248 0.23240 0.15609
0.19716 0.11100 0.31192
-0.06798 0.23679 -0.17432
0.19903 -0.06528 -0.49255
-0.05664 -0.18685 -0.61705
0.18120 0.22663 0.43626
-0.06798 0.33426 -0.13710
-0.15571 0.23240 0.39995
-0.19836 -0.04622 0.06859
-0.06822 0.30852 -0.17709
0.07191 -0.27271 0.60215
-0.13277 0.23240 -0.09672
-0.18345 0.23240 0.49020
0.15438 -0.27271 0.56588
0.18120 0.14824 0.49320
0.04223 -0.27271 -0.00308
0.18120 -0.07684 0.43979
0.17990 0.06325 -0.01861
-0.10229 0.41167 0.33094
-0.19836 0.23017 -0.60462
0.20475 0.21701 -0.18227
-0.19836 -0.12169 0.42484
-0.19836 0.06440 0.39783
0.20979 0.11863 -0.17550
-0.12325 0.23240 -0.44546
-0.13893 -0.07134 0.62024
0.16447 0.23240 -0.49721
-0.07401 0.16701 0.62024
0.18120 -0.26798 -0.57356
-0.18114 -0.27271 0.47962
-0.10018 0.23240 -0.09621
-0.00432 -0.27271 0.50173
-0.19836 0.21908 0.10126
-0.15623 0.23240 -0.44528
-0.16500 0.23240 -0.55652
-0.13091 0.30102 -0.16472
0.18120 0.11651 0.36868
-0.07183 0.29631 0.07455
-0.10328 0.21373 0.62024
0.15026 -0.27271 -0.20540
-0.11892 -0.27271 -0.08804
0.00789 -0.24837 0.62024
0.07092 -0.15436 -0.61705
0.18120 0.14773 -0.58917
0.15899 -0.09246 -0.61705
-0.19836 0.20335 0.19113
-0.19836 -0.16241 0.55775
0.12641 -0.27271 0.18972
0.18120 0.05421 -0.27649
0.18120 -0.20404 0.04605
0.20145 0.12568 -0.31884
-0.19836 0.11639 0.19984
-0.11505 -0.29574 -0.44725
-0.19836 0.08344 -0.48091
0.18120 -0.19548 -0.28952
0.18120 0.12939 -0.54424
0.12075 0.17741 0.62024
-0.19836 0.00113 0.42926
0.18120 0.22998 -0.39299
-0.19836 0.09093 0.32249
0.18120 0.17836 0.28700
-0.11563 -0.27271 -0.14532
-0.16887 -0.27271 0.30285
-0.19836 -0.23606 -0.57453
-0.19836 -0.23993 -0.41249
0.00793 0.20482 -0.05850
0.04674 -0.27271 0.54219
0.15500 -0.29574 0.53325
0.01758 0.23240 0.45950
0.15256 0.23240 0.37732
-0.03129 0.20482 0.11586
0.18120 -0.25118 0.29152
0.18120 0.06672 0.52612
-0.18753 0.23240 -0.41848
0.08824 -0.27271 0.18071
-0.01694 0.23240 -0.57335
0.06064 0.07096 0.62024
0.18120 0.05122 -0.08079
-0.14589 0.23240 0.12257
-0.09908 0.77843 0.33553
-0.03319 -0.06403 -0.61705
0.23635 0.20988 0.15627
0.06403 -0.27271 -0.45265
0.18120 -0.05017 -0.23676
-0.18408 0.23240 -0.05266
0.15836 0.23240 -0.57875
-0.00268 0.20482 -0.02173
0.12319 0.23240 0.09336
-0.19836 -0.13225 -0.40529
-0.19836 0.09051 0.50710
0.23635 0.16458 -0.14475
0.18120 -0.13818 0.36357
-0.14953 -0.27271 0.41815
-0.17116 0.23240 0.26302
-0.19836 -0.24399 0.38031
0.05767 -0.11420 0.62024
0.15566 0.23240 0.31970
-0.13091 0.33935 -0.10035
0.18120 -0.07503 -0.03554
0.09023 -0.02464 -0.61705
-0.19836 -0.18723 -0.61508
-0.19836 0.01244 -0.17630
0.12238 -0.27271 0.57736
0.18120 0.08919 -0.42712
-0.19836 -0.06534 0.60449
-0.19836 0.04138 0.24310
0.11485 -0.21700 -0.61705
-0.14239 -0.27271 -0.23599
-0.04186 0.23240 -0.42181
0.18120 -0.09910 0.50618
0.05580 0.23240 0.20026
-0.16065 -0.28866 0.53883
0.18120 0.03936 0.12407
-0.10162 0.90342 0.33112
-0.07134 -0.29574 0.55222
0.00076 -0.27271 0.58600
0.17730 -0.18835 -0.61705
0.18404 -0.00695 0.47399
-0.17455 0.23240 -0.18885
-0.19836 -0.17897 -0.00655
-0.11064 0.10298 0.62024
-0.19836 0.10236 0.59867
0.18120 -0.12979 -0.17374
-0.11794 0.32582 0.17354
-0.19836 0.13105 0.16129
-0.19836 -0.20049 -0.17093
0.09488 0.23240 0.25871
-0.03222 -0.18335 0.62024
-0.05237 -0.27271 -0.56145
-0.19836 -0.16960 -0.10182
-0.06601 -0.27271 -0.22702
0.18120 -0.16752 -0.51396
0.12284 -0.24314 0.62024
-0.04775 -0.27271 0.55156
-0.19836 -0.06346 0.44312
0.18120 0.16073 0.61726
0.18120 -0.10984 0.34029
-0.01072 0.23065 0.04394
-0.19836 -0.07643 -0.01104
-0.19836 0.10114 0.53724
-0.19836 -0.02051 -0.41762
-0.19836 -0.06954 -0.21643
0.18120 0.08472 -0.59812
0.18120 -0.00234 0.05538
0.09675 0.18345 -0.61705
-0.09581 -0.05083 -0.61705
0.13171 0.23240 0.15633
-0.06798 0.34583 -0.04731
0.18120 -0.09847 0.01531
0.18120 0.06020 0.60291
-0.19836 0.04306 0.56642
-0.19836 -0.10277 0.39377
0.18120 0.04616 0.29540
0.18120 0.10504 0.11625
0.20277 0.16725 -0.22792
0.11787 0.23240 -0.30798
-0.19836 0.02574 -0.23422
0.20599 0.19322 0.09133
0.18120 -0.26963 -0.30165
-0.07616 -0.27271 0.24276
-0.19836 0.04590 0.45817
0.08568 0.23240 0.53082
0.06676 0.23240 -0.08859
0.12771 0.01588 -0.61705
-0.12522 0.23240 0.33427
-0.06798 0.34667 0.01216
-0.02056 -0.27271 -0.33400
0.18120 -0.04321 -0.19306
0.18120 -0.25528 0.58666
-0.12699 0.21956 -0.61705
-0.19836 -0.26821 0.20121
0.07761 0.17560 0.62024
0.18120 -0.13329 -0.44912
0.20196 -0.18878 0.43093
0.03104 -0.27271 -0.40251
0.07565 0.23240 -0.38258
0.18120 0.20290 0.61716
0.00862 0.20482 0.16005
-0.19836 -0.15125 -0.49699
-0.16006 0.23240 -0.38806
0.11208 -0.10762 0.62024
0.18120 0.16606 0.43637
0.16669 0.23240 -0.12879
0.18120 0.16668 -0.43057
0.19843 0.07886 -0.18426
-0.19836 0.04844 0.27350
0.18120 -0.20472 -0.18244
0.18120 0.08613 0.15727
0.18120 -0.17188 0.45836
0.01296 0.23240 -0.35334
0.18120 -0.20929 -0.43423
-0.19836 -0.24648 0.06667
-0.00153 0.20482 0.02198
-0.19836 0.05507 -0.09724
0.11103 -0.27271 0.40940
-0.09463 0.15339 -0.61705
0.16539 -0.27271 -0.35474
-0.19836 -0.14662 0.12631
-0.19836 -0.10208 0.56587
-0.19836 -0.03425 0.03105
-0.10545 -0.27271 0.30144
0.00681 -0.27271 -0.44548
-0.19022 -0.27271 0.43590
0.11659 -0.27271 0.02535
0.17561 -0.27271 0.40007
0.05465 0.21358 0.14163
0.20196 0.04605 -0.16956
0.17835 -0.27271 0.03107
0.18432 -0.24649 -0.52934
0.06978 0.23240 -0.28194
0.10732 -0.27271 -0.36809
-0.06234 0.04519 -0.61705
0.18120 -0.19496 0.39501
-0.09261 0.36021 0.07203
0.19486 0.05331 -0.45353
0.18120 -0.13777 0.22057
-0.16220 0.23240 -0.26424
0.00177 0.23240 0.43161
0.00446 -0.05955 -0.61705
0.12357 -0.27271 -0.12109
0.18120 -0.04154 -0.39126
0.13628 -0.15743 -0.61705
-0.19836 0.08432 -0.00070
0.12021 0.23240 -0.57252
0.09433 0.15101 -0.61705
0.16832 0.23240 0.55126
-0.19836 0.21729 -0.17779
0.15844 -0.27271 -0.17138
-0.19836 -0.06950 0.54084
0.18120 -0.27094 -0.03247
-0.06798 0.21060 -0.13811
-0.19836 -0.23502 -0.26611
-0.01712 -0.27271 0.23021
0.06613 -0.27271 -0.53357
-0.19836 -0.27131 -0.32343
-0.19836 0.13132 -0.26342
-0.19836 -0.06264 -0.30575
0.06697 0.23240 -0.54652
-0.19836 0.15016 -0.50151
0.18120 0.11676 -0.02548
0.03266 -0.26626 0.62024
0.18120 0.16453 0.37797
0.04294 -0.27271 -0.15072
0.18344 -0.05392 0.48216
0.12743 -0.27271 0.43584
-0.19836 -0.27120 0.08640
-0.19836 -0.14785 0.25251
0.16288 -0.27271 -0.24777
0.18973 -0.15795 0.16954
0.18120 0.06809 -0.54766
-0.07607 0.00782 -0.61705
0.06626 -0.18736 -0.61705
-0.03308 0.23240 -0.01569
0.16507 0.23240 -0.42036
0.18120 -0.21602 0.31847
-0.06978 0.23240 -0.61092
0.18476 0.21021 -0.20406
0.23635 0.15241 -0.07922
-0.19836 -0.06006 -0.59379
-0.16702 -0.11993 -0.61705
0.10314 -0.29574 -0.51124
0.18120 0.07237 -0.09562
-0.19836 -0.17168 -0.24030
-0.19836 0.02068 -0.49825
0.18120 -0.10295 -0.31611
0.18120 0.18483 -0.53084
0.13040 -0.27271 -0.59323
-0.17459 0.23240 -0.58559
-0.12912 0.23240 0.49510
0.09817 -0.27271 -0.28487
0.18120 -0.16849 0.33623
0.08897 -0.27271 0.08477
0.18120 0.20692 0.46104
-0.12526 -0.27271 0.16941
0.20196 -0.09237 0.14201
-0.07164 0.23240 -0.35701
0.19666 -0.20530 -0.39817
0.02787 0.23240 0.25159
0.20196 -0.10271 0.47976
0.18120 -0.12610 0.28445
-0.15707 0.21695 0.62024
0.17204 0.18821 0.26173
0.18120 0.00172 0.55694
-0.19836 0.01374 0.12258
0.10325 0.08924 0.62024
0.05404 -0.27271 -0.34948
0.18120 0.07349 0.26308
-0.02078 0.23240 -0.37898
0.18120 -0.12971 -0.13263
-0.19836 0.22849 0.00347
0.18120 -0.08692 0.56951
0.17726 -0.27271 -0.08209
-0.04185 0.23240 -0.05327
0.02401 0.20482 -0.15375
0.07839 0.23240 0.35123
-0.08234 0.20029 -0.61705
-0.13091 0.31768 0.03099
0.03116 0.23240 -0.43338
0.08335 0.23240 0.48566
-0.19836 0.17996 0.33880
0.10658 -0.27271 -0.41152
0.18120 -0.18569 0.56826
-0.03729 -0.11897 -0.61705
-0.04261 0.23240 0.55657
-0.09399 -0.23079 0.62024
0.11883 -0.27271 -0.09081
0.14085 -0.12093 0.62024
0.18606 -0.19262 -0.47564
0.18120 -0.12590 -0.48519
-0.16469 -0.27271 0.38047
0.18120 0.16280 0.55774
0.18120 -0.06093 0.31231
0.18120 0.21841 0.32480
0.10002 0.23240 -0.49483
-0.19836 -0.21574 0.17458
0.19369 0.21900 0.16809
-0.17162 -0.27271 -0.61613
0.12146 0.04877 -0.61705
0.07411 0.23240 0.61485
-0.07476 0.23240 0.21253
0.14306 -0.27271 -0.00059
0.03578 -0.27271 0.02547
0.03118 -0.27271 -0.47187
0.11179 0.21937 0.62024
-0.05234 -0.27271 0.08210
0.18120 -0.02305 -0.49940
-0.13760 -0.27271 -0.02149
0.18120 0.18638 -0.57778
-0.19836 0.03144 0.51697
-0.07188 0.23240 -0.11273
-0.13469 0.23240 -0.55656
-0.19836 -0.00669 0.56485
-0.19836 -0.01668 -0.17779
-0.19836 0.15871 0.57040
0.11089 -0.27271 0.46820
-0.10238 0.24522 -0.17709
0.05446 0.20482 -0.00564
0.18120 -0.01062 0.50365
-0.06869 0.29631 -0.09813
0.08614 -0.24968 -0.61705
-0.01749 -0.27271 0.39386
-0.13787 -0.27271 0.26666
-0.15309 0.23240 0.18360
0.18120 -0.05230 0.17175
-0.19836 -0.18659 0.08921
0.04337 0.23240 -0.49572
-0.15389 -0.21371 -0.61705
-0.19836 0.07736 0.13685
-0.11777 0.23240 -0.49555
0.05484 0.23240 0.58386
-0.13091 0.26943 -0.16983
-0.19836 -0.17711 0.31729
-0.19836 -0.11146 -0.10929
-0.19836 0.19423 0.15790
-0.12676 0.36021 -0.14773
-0.19836 -0.10146 0.29753
-0.19836 0.14982 -0.19705
0.04725 0.23240 -0.17649
0.01060 -0.13653 0.62024
0.18120 0.06852 0.22517
-0.05554 -0.27271 -0.16163
0.18120 0.01370 -0.57818
-0.19836 -0.16006 0.36606
-0.19836 -0.11160 -0.14191
-0.19836 0.19958 -0.61661
-0.19836 0.14696 0.10064
-0.19832 -0.27271 0.13837
-0.19836 0.15597 -0.60402
-0.19836 0.15232 -0.54696
-0.03079 -0.27271 0.29880
0.03045 0.23240 0.50455
-0.19836 -0.16033 -0.03809
0.03436 0.23240 -0.58603
0.18120 0.12470 -0.23129
0.15340 -0.28965 -0.51219
-0.18467 -0.27271 0.02785
0.18120 -0.19745 -0.09992
-0.19836 0.17762 0.25030
0.14415 -0.18604 0.62024
0.17990 0.08641 0.04227
-0.06798 0.27673 -0.14148
0.22804 0.21838 -0.06007
0.06923 -0.27271 0.49803
-0.16642 -0.27271 -0.25938
0.18120 0.06668 -0.49460
0.20172 -0.22206 0.36861
-0.09630 0.29631 -0.05152
0.13203 0.23240 -0.11239
-0.19836 0.12060 0.03891
-0.12270 0.36021 0.11254
0.11912 -0.27271 -0.56039
-0.05876 0.23240 -0.51171
0.03107 -0.27271 -0.58960
-0.19836 0.01496 0.05879
0.18120 0.00975 0.20407
-0.13091 0.33974 0.00007
-0.16154 -0.27420 -0.48643
-0.19836 -0.24357 0.50074
0.18014 -0.27271 -0.11027
0.14578 0.23240 -0.36704
0.18120 -0.11268 0.44046
-0.02601 0.20482 -0.15692
-0.19836 0.02951 0.01791
0.18120 0.10343 -0.48572
-0.08775 0.36021 0.14040
0.15840 -0.27271 0.19215
-0.19836 -0.02914 -0.46443
0.00602 -0.18927 -0.61705
0.18120 0.21673 -0.09603
0.18120 -0.17772 -0.55674
0.23635 0.18695 -0.08482
0.19846 -0.18913 -0.19552
0.18192 -0.24403 0.32745
0.03663 0.12179 -0.61705
0.05106 -0.25664 -0.61705
-0.12343 0.00241 -0.61705
-0.18283 -0.02617 0.62024
0.20196 -0.14500 -0.46874
-0.19836 -0.08677 0.42094
-0.19836 0.08393 -0.04739
-0.19836 0.08126 -0.14808
0.10771 0.11996 0.62024
-0.07328 -0.28867 0.49242
-0.19836 -0.09583 -0.35894
0.20013 0.10865 -0.34106
-0.15109 0.02115 -0.61705
-0.05032 -0.27271 -0.29857
0.19168 0.01906 -0.46151
0.23417 0.14750 0.12022
0.18120 0.03967 -0.04795
-0.14700 0.23240 0.44178
-0.01236 -0.27271 0.13831
-0.06798 0.31754 0.00837
0.18120 -0.06043 -0.55560
0.21600 0.15521 0.09487
0.15676 -0.27271 -0.54222
0.07128 0.23240 0.03280
-0.19836 -0.04348 -0.20198
-0.19836 -0.13431 -0.24116
0.03951 -0.27271 -0.21651
0.18120 -0.12964 0.39028
0.18120 -0.08166 -0.29626
0.18120 -0.24471 -0.02360
0.18120 -0.06911 0.37652
0.23635 0.17877 0.02640
-0.10067 0.23240 0.35794
0.15123 -0.27271 0.28766
0.18120 0.09154 0.51395
-0.19184 0.23240 -0.54836
0.17423 0.23240 -0.17899
-0.08999 -0.11306 0.62024
-0.19836 0.22207 -0.35398
0.01370 0.23240 -0.46436
-0.09913 0.23240 -0.56878
-0.10377 -0.27271 0.05401
-0.11912 -0.25912 -0.61705
0.14618 -0.27513 -0.46827
0.01967 0.23240 0.38234
-0.03943 0.21416 0.17483
0.19324 -0.21188 0.41583
-0.08562 -0.29170 -0.54565
0.18120 0.03001 -0.49804
0.04442 -0.27271 0.29441
-0.19836 -0.23781 -0.44428
-0.10662 0.06828 -0.61705
0.18120 -0.01370 -0.41049
0.18120 0.02049 -0.12276
-0.12861 -0.27271 -0.40140
0.11362 0.23240 -0.02539
-0.19836 -0.22031 -0.32149
-0.02906 -0.00239 -0.61705
0.07767 -0.27271 -0.21701
-0.13152 0.23240 -0.24349
-0.19836 -0.05325 0.22524
0.18120 0.22872 0.12512
-0.07201 0.26598 -0.17709
0.18065 0.23240 -0.30318
0.18120 0.02753 0.31533
-0.19836 0.22328 0.31996
-0.19836 -0.12425 -0.30335
-0.18279 -0.27271 0.23403
-0.19836 -0.00297 0.19276
0.16695 0.23240 -0.03626
-0.06798 0.26348 0.14736
-0.07766 -0.23692 -0.61705
-0.19836 -0.21720 0.23360
-0.19836 -0.26834 0.55029
0.10775 0.23240 0.05066
0.18120 -0.17287 0.12427
0.03596 -0.21415 0.62024
0.07277 0.00140 0.62024
-0.07432 0.36021 -0.14172
0.23635 0.19651 0.12672
0.14715 -0.27184 -0.61705
0.18120 0.02139 -0.18448
0.23635 0.16442 0.07955
-0.09150 0.23240 0.02408
0.18120 -0.09144 -0.39888
-0.19836 0.05485 -0.55988
0.13500 0.23240 0.56179
0.01711 -0.27271 -0.28133
0.16813 0.23240 0.01562
-0.19836 0.06126 -0.02460
0.17612 -0.20721 0.62024
0.07632 -0.27271 0.34209
-0.19836 0.03554 -0.61400
0.07002 -0.08242 -0.61705
-0.19836 0.05632 -0.42511
0.18120 0.19823 -0.47393
-0.10803 -0.27271 0.47790
-0.19836 0.22669 0.44345
-0.11350 0.23240 0.46480
-0.18556 0.23240 -0.10251
-0.19836 0.22447 0.16645
0.18120 -0.05584 0.04101
0.04525 -0.27271 -0.50888
-0.12451 -0.27271 0.43110
0.06820 -0.27605 0.55934
-0.19836 -0.20958 -0.38751
-0.00621 0.10555 0.62024
-0.00679 -0.27271 -0.10849
0.18953 -0.23063 -0.31835
-0.19836 -0.11901 -0.54470
0.18120 0.15473 -0.24523
-0.19836 0.11648 -0.44220
-0.12285 -0.29574 0.54714
0.18120 -0.05388 0.10375
0.20196 -0.12210 0.14237
-0.07372 0.01747 0.62024
0.18120 -0.20879 -0.12503
-0.19836 -0.21721 0.56560
0.01015 0.07389 0.62024
-0.11585 0.24888 0.17354
0.23635 0.17583 0.16965
-0.19836 -0.04490 0.51005
-0.06798 0.33505 -0.11048
0.01500 0.04001 -0.61705
0.17245 -0.27271 0.43547
0.23635 0.14628 -0.16733
-0.17804 0.23240 -0.46693
-0.19836 -0.20970 0.06889
-0.19836 -0.12702 0.32088
0.18120 -0.10822 0.22969
-0.07284 0.23240 -0.54310
-0.16137 0.23240 -0.06640
0.18120 0.10158 0.45451
-0.06465 0.10025 -0.61705
0.02253 0.20482 -0.10724
0.18120 -0.03829 -0.44601
-0.07549 -0.27271 0.13268
-0.04781 -0.09278 -0.61705
-0.12864 -0.12834 -0.61705
-0.19836 0.19461 -0.56367
0.01748 0.02876 0.62024
0.15350 0.23240 0.04586
0.18120 -0.23146 0.43917
-0.08093 0.23240 0.32205
-0.03372 0.11284 -0.61705
-0.14252 -0.27271 0.09587
-0.16682 0.23240 -0.34939
0.00872 -0.27271 -0.05838
-0.16388 -0.27271 -0.02282
0.12716 -0.27271 0.38861
-0.19836 0.19693 -0.38232
0.03549 0.23240 0.34273
0.18120 -0.16530 -0.32572
0.18120 0.14901 0.20892
0.18120 -0.15395 -0.07283
-0.04621 -0.27271 0.26211
0.18120 -0.12931 0.00191
-0.11497 0.36021 -0.09166
-0.12561 0.23240 0.09169
0.18198 -0.14552 0.52572
-0.19836 0.08948 0.39022
-0.19836 -0.11289 0.16731
-0.03244 -0.22535 -0.61705
0.01310 -0.27271 -0.56411
-0.19836 -0.25313 -0.35600
-0.19836 0.21861 0.04287
-0.04898 0.22887 0.62024
0.22326 0.18090 -0.00116
0.11066 0.23240 0.52311
0.00322 0.23240 -0.25421
0.23423 0.17091 0.20943
0.12218 -0.06195 0.62024
0.19469 -0.23673 0.26050
0.15503 -0.27271 0.13980
-0.07990 -0.27271 0.31135
0.18826 -0.08725 -0.12524
0.18120 0.01749 -0.33706
0.18120 -0.01282 -0.00611
0.18120 0.06827 -0.57371
0.11176 0.23240 -0.42803
-0.19836 -0.18307 -0.54500
-0.00323 -0.18400 0.62024
0.18120 -0.15994 -0.41030
0.18541 -0.21922 0.59803
-0.19836 0.16726 -0.30350
-0.19836 -0.08251 -0.15727
0.15756 0.03934 0.62024
-0.04177 -0.27271 -0.23707
0.14920 0.09631 -0.61705
-0.09599 0.12798 0.62024
-0.00375 -0.03016 0.62024
-0.13091 0.31976 -0.06442
0.04552 -0.14907 -0.61705
-0.08036 0.23240 -0.27250
-0.09676 0.23240 0.51368
0.20196 0.06318 0.44375
0.15890 0.23240 -0.34471
-0.19836 -0.05387 0.38098
-0.17631 -0.27271 0.32880
-0.19836 -0.04389 -0.56467
-0.19836 0.12724 -0.18450
0.18120 0.14257 0.11673
0.18120 0.00958 0.41056
-0.11927 0.23240 0.57277
0.02659 0.23240 -0.40404
0.22090 0.14080 -0.21961
-0.19836 0.04146 0.15373
0.19162 -0.10927 -0.14354
-0.19836 0.07275 -0.37148
0.18120 0.08152 -0.28027
-0.19836 -0.27056 -0.00959
0.05234 0.23240 0.30224
0.18120 -0.02316 -0.47373
-0.02338 -0.27271 0.17997
0.20393 0.18218 -0.02029
0.10630 -0.29574 0.50424
-0.13091 0.34238 -0.03513
-0.19836 0.16400 0.00333
0.15029 0.19840 -0.61705
-0.10928 0.36021 0.04615
0.20196 0.08918 0.21799
0.13633 -0.27271 0.59883
-0.19836 -0.00029 -0.51663
-0.19836 0.00641 0.31224
0.03976 -0.01563 -0.61705
0.20196 0.11408 0.25201
0.10636 -0.27271 -0.20277
-0.07335 0.29631 -0.04103
-0.19836 -0.11804 0.10856
0.18606 -0.14618 -0.11414
-0.07048 -0.27271 -0.02678
-0.19836 0.08514 -0.60434
-0.06798 0.31146 0.14585
-0.19836 0.00516 -0.57849
0.18120 0.10975 -0.52707
0.20196 -0.23442 -0.34371
-0.19836 -0.26544 -0.51148
-0.19836 0.05154 0.61795
-0.14123 -0.27271 -0.31204
-0.19836 -0.25450 -0.29163
-0.19836 -0.16563 -0.18495
0.07651 -0.27271 0.03400
-0.19836 0.12196 -0.12748
0.17631 -0.27271 0.12420
-0.06798 0.35681 0.07663
0.02247 0.13306 0.62024
-0.10083 0.24966 0.11060
0.02589 -0.27271 0.42320
0.18120 0.03370 -0.01652
0.08300 0.23240 -0.06928
-0.17427 0.23240 0.07551
-0.19836 -0.08102 0.47362
-0.01072 0.20887 0.10189
-0.12795 0.21876 0.62024
-0.19836 0.03658 -0.02952
0.05909 0.23240 -0.57729
0.18120 -0.14219 0.43773
-0.14879 -0.29453 0.49733
0.13902 0.23240 0.53455
0.05465 0.20853 -0.09208
-0.19836 -0.18322 0.58111
0.22043 0.12455 -0.06014
-0.19836 -0.20916 -0.57155
0.17142 -0.27271 0.52358
-0.19092 0.18926 0.62024
0.05465 0.21840 0.09604
-0.13148 0.23240 0.15226
-0.04619 0.23240 -0.33939
0.17990 0.06225 0.13696
-0.01213 -0.27271 0.31758
0.18120 0.07450 0.10464
0.00184 -0.27271 -0.58641
-0.19836 -0.10171 -0.24900
0.18120 0.15310 0.59348
0.07683 0.23240 -0.44555
-0.18245 -0.05430 0.62024
0.12394 -0.01713 0.62024
-0.19836 0.04164 0.08050
0.23635 0.19417 0.05044
0.14833 -0.27271 -0.27265
-0.19836 -0.05985 0.16007
-0.01139 0.23240 0.57298
0.18618 0.20539 0.01221
0.18120 0.09879 -0.36790
-0.19836 -0.02678 -0.38293
0.15600 0.23240 -0.29360
0.03744 -0.27271 0.05794
-0.19836 -0.17806 0.52474
0.18120 0.01072 -0.02691
-0.19836 -0.14839 -0.54585
-0.13091 0.33229 0.11469
0.18120 -0.09044 -0.36559
0.18120 -0.25089 0.16352
0.18120 -0.18129 -0.39046
0.23635 0.16915 -0.03245
-0.19686 0.00236 0.62024
0.18120 0.14886 0.46095
-0.07955 0.36021 -0.11230
-0.15621 -0.27271 -0.39830
0.16510 -0.16706 0.62024
-0.19836 -0.01183 0.15154
-0.04799 -0.20233 0.62024
0.14320 0.23240 0.44687
0.04935 0.23240 0.22982
0.18195 -0.13493 0.56832
0.23435 0.21465 0.06882
0.18120 -0.12307 0.61350
0.07587 -0.27271 0.47198
0.06445 -0.27271 0.08675
-0.11594 0.15730 0.62024
-0.19836 0.05842 -0.15716
-0.17180 -0.18874 -0.61705
-0.19836 0.18322 0.06399
0.18120 -0.10407 0.06921
-0.17856 -0.27271 -0.41168
0.05287 -0.20787 -0.61705
0.18606 -0.14523 -0.54155
-0.04291 -0.27271 -0.61365
0.15064 -0.27271 -0.12558
0.18120 0.06666 -0.21205
-0.01138 -0.27271 -0.16603
0.18120 -0.12390 -0.57705
-0.19103 0.23240 -0.16000
0.18606 -0.25045 0.10680
-0.06004 0.09868 0.62024
-0.13091 0.32862 0.06241
-0.13389 -0.27271 0.21186
-0.19836 0.02712 0.18950
0.11759 0.23240 -0.35070
-0.19836 0.07371 0.34213
0.18120 0.15452 -0.48293
0.18752 -0.03924 -0.12425
0.17883 0.20083 -0.61705
0.18120 0.06164 0.57855
-0.07369 0.19549 0.62024
-0.17492 -0.05980 -0.61705
0.03141 0.18090 -0.61705
0.03584 -0.06192 -0.61705
0.18120 0.15231 -0.41085
0.03838 0.08717 0.62024
-0.19836 -0.18290 0.04700
0.07519 0.23240 0.37537
0.06658 -0.27271 -0.06262
-0.19836 0.19734 0.43881
-0.19836 -0.24395 -0.48774
-0.19836 -0.12599 -0.20369
-0.14640 -0.27271 0.05957
0.18120 -0.17933 -0.35944
0.18120 0.04366 -0.29834
-0.11577 -0.29574 -0.50530
0.18120 -0.05926 -0.21432
-0.19836 0.05466 0.22286
0.18120 -0.20943 0.29518
0.18120 -0.01884 0.07307
0.08865 -0.05772 0.62024
0.18120 0.07886 -0.00022
0.01055 -0.02271 -0.61705
-0.19836 -0.12068 -0.06292
-0.01043 0.22729 0.17483
-0.19836 0.10799 -0.50126
0.11600 0.23240 -0.37822
0.18606 -0.23750 -0.48723
-0.17559 -0.27271 0.60236
0.16875 0.23240 0.29891
-0.19836 0.14193 0.49367
0.08398 -0.27271 0.23884
-0.08426 0.23240 0.29548
-0.19836 0.20484 -0.22210
-0.19836 -0.22641 0.30729
0.09179 -0.03196 0.62024
0.18120 0.18610 -0.22558
0.12344 -0.11583 -0.61705
-0.19836 -0.22976 -0.19451
0.14092 0.23240 0.61659
-0.08055 0.23240 -0.24279
-0.03374 -0.27271 -0.42596
0.18120 -0.21949 -0.28915
-0.19836 0.12985 -0.39051
-0.17896 0.15053 -0.61705
-0.19836 0.23122 0.51672
-0.06747 -0.28205 -0.53151
0.01828 0.18066 0.62024
0.00308 -0.27271 0.54955
-0.19836 0.10886 -0.41951
-0.15911 -0.27271 -0.05014
0.18141 0.08085 0.40866
0.09338 0.23240 0.18649
0.18120 0.05650 0.45492
0.18120 -0.22584 -0.10826
0.18120 -0.00065 0.18255
-0.16375 -0.27271 0.50332
-0.19836 -0.08837 -0.57995
-0.19836 0.14223 -0.14223
-0.19836 0.09946 0.12599
-0.14470 -0.27271 0.39345
-0.19836 0.11124 -0.37100
0.23558 0.18472 -0.13207
0.18120 -0.07919 -0.49995
0.18120 -0.19071 0.26021
0.18120 -0.13999 0.59261
-0.19836 -0.11791 -0.49268
0.18120 -0.06382 0.54242
-0.01072 0.22610 -0.09612
0.18120 -0.07410 -0.17091
0.18120 -0.10372 -0.26868
-0.03253 0.23240 -0.25881
0.17096 0.23240 -0.15473
-0.03652 0.23240 0.26059
-0.19836 -0.19304 0.15532
-0.10221 -0.27271 -0.37632
-0.19836 0.14764 0.36849
-0.19836 -0.19791 -0.43657
0.02188 0.23240 -0.21876
-0.19836 0.08266 -0.32070
-0.07949 -0.27271 -0.41261
-0.19836 -0.02022 0.41375
-0.07407 -0.24987 0.62024
0.14489 -0.24060 -0.61705
-0.11140 -0.27271 -0.06561
0.18120 -0.21783 0.21099
0.14154 -0.27271 -0.41346
0.13906 0.23240 -0.17197
-0.19836 0.02137 -0.38775
0.18120 -0.24582 -0.30224
-0.14455 0.23240 -0.36938
0.18120 0.07073 -0.46695
0.04602 0.20482 0.01639
0.16730 -0.11804 -0.61705
0.18120 0.16836 0.35470
-0.10909 -0.27271 -0.02670
-0.15023 -0.27271 -0.13745
-0.19836 -0.24908 0.14353
-0.09415 0.29631 0.00124
-0.14911 -0.27271 -0.44482
0.18120 0.18921 0.51592
0.18120 0.20161 0.38028
-0.19836 0.17714 -0.39502
-0.13091 0.27148 -0.11862
0.19757 -0.19250 -0.43589
0.18120 -0.05716 0.24095
-0.14331 0.14471 -0.61705
-0.19836 0.07690 0.54601
0.06864 0.23240 0.14105
-0.03857 -0.27271 -0.58555
-0.12546 0.36021 0.01719
0.18120 -0.00196 0.35839
0.18120 0.18649 -0.36975
-0.12810 -0.27271 0.01230
-0.14702 -0.27286 0.56755
-0.03893 -0.20217 -0.61705
0.18120 -0.10881 -0.02873
-0.08625 -0.07770 -0.61705
0.20090 0.03020 0.16553
