0.67440 -0.13921 0.14013
-0.30292 -0.46344 -0.40077
0.10318 -0.13722 -0.41406
0.08870 -0.09362 -0.35033
0.75304 -0.13722 0.11891
-0.42152 -0.13909 -0.41473
0.04143 -0.05845 -0.33044
0.06488 -0.48296 -0.41135
-0.38271 0.51558 0.33237
0.42964 0.68524 0.07926
-0.65054 -0.41935 0.33234
-0.05928 0.51970 -0.04912
-0.21880 0.85229 0.08652
0.08733 -0.05898 0.33237
-0.47293 0.23609 -0.16387
0.73312 -0.10426 -0.26898
0.23612 -0.08531 0.33237
0.22688 0.00537 0.33237
-0.78273 -0.45700 -0.17102
0.61638 0.10472 0.17963
-0.65860 0.05596 0.08996
0.06731 0.82173 0.33237
0.22395 0.20405 -0.18199
0.63581 -0.48296 -0.40113
-0.36893 -0.13726 0.12161
0.21751 0.43885 0.33237
0.58932 -0.41726 0.33237
0.14009 0.85229 0.00661
-0.37282 0.10787 0.33237
0.78749 -0.47583 0.14316
-0.44462 0.58688 -0.01864
0.47379 -0.06481 -0.33403
-0.21129 -0.36383 0.33036
-0.80316 -0.14378 -0.28404
-0.57461 0.20630 0.19298
-0.80056 -0.48296 -0.32665
-0.14817 0.02730 -0.28194
0.30244 -0.13719 -0.00980
-0.50420 -0.10045 -0.35419
0.29607 0.46934 -0.02528
0.32604 0.46213 -0.09152
-0.80541 -0.47766 0.02268
0.20102 -0.14314 -0.41261
-0.64420 -0.10084 0.33237
-0.04160 -0.13722 -0.04199
0.46243 0.38030 0.19211
0.31410 0.77465 0.33237
0.19032 -0.41476 0.33036
0.43793 -0.48239 -0.41473
-0.05232 0.51700 0.33237
0.54565 0.23133 -0.13530
0.77669 -0.46288 -0.17527
0.68014 -0.00943 0.32673
-0.06186 0.20235 0.33237
-0.60202 -0.48296 -0.41216
-0.75856 -0.19342 0.00412
-0.34483 0.83358 0.33237
0.39465 0.68946 -0.04912
-0.09577 0.85229 0.09191
-0.53573 0.27591 0.21423
0.67345 0.00255 -0.09625
0.45355 0.14259 0.33237
-0.56182 -0.00279 -0.29896
0.40580 0.44421 0.27422
-0.52019 -0.13722 -0.07814
-0.23800 -0.09221 0.33237
-0.15600 -0.24446 -0.34319
-0.30850 0.44898 -0.02528
0.28312 -0.30182 -0.36704
0.63998 -0.26481 -0.36704
-0.39244 0.28036 0.33237
-0.14797 0.27919 -0.13949
-0.80384 -0.14331 0.13150
0.20631 0.53782 -0.04912
-0.28269 -0.13921 -0.17749
0.18602 -0.04194 -0.32110
-0.14395 0.73100 -0.04912
0.54729 -0.13722 -0.10914
0.14622 0.68871 0.33237
-0.67147 0.03291 -0.15546
-0.43840 -0.27675 0.33234
0.74358 -0.25992 -0.11654
-0.17186 -0.05194 0.33237
0.45658 -0.14674 0.33234
0.74358 -0.35130 0.20641
0.42964 0.61961 0.19295
-0.65982 0.01298 0.33237
0.10589 -0.13719 0.16370
-0.45996 0.47098 0.12947
0.30195 -0.47784 -0.41434
-0.42430 0.79752 -0.04912
0.08158 0.38673 -0.07868
-0.73273 -0.31621 0.19212
-0.13851 0.79062 0.33237
-0.44462 0.51985 0.20625
-0.45981 -0.33612 -0.36704
-0.05953 -0.02511 -0.31158
0.35946 0.85229 0.05942
-0.33100 -0.09209 0.33237
-0.46685 0.39920 -0.03392
-0.68031 -0.27172 -0.36704
0.66536 -0.14628 -0.40930
0.36742 -0.13726 -0.21228
-0.10815 -0.48296 -0.36358
-0.75856 -0.25798 -0.17930
-0.14039 -0.13726 0.15691
0.00551 -0.27382 0.33237
0.39729 -0.24417 -0.34121
0.45055 0.28532 0.33237
0.45724 0.38960 -0.00175
0.46265 -0.13722 0.10111
0.79073 -0.13722 0.31616
-0.44462 0.84414 0.15116
-0.60249 0.15639 -0.00285
0.48694 -0.04930 0.33237
0.19090 0.22972 0.33237
-0.33495 -0.13722 -0.40586
0.41674 0.12590 -0.22618
0.78099 -0.13722 0.06435
-0.60017 -0.13722 0.12495
-0.23903 0.64988 0.33237
0.01338 -0.30880 -0.36704
0.77765 -0.15643 -0.09252
0.71775 -0.35887 0.02016
0.13870 -0.13722 -0.14033
0.02919 0.16339 -0.20498
-0.17044 0.50793 -0.04912
0.30976 0.56210 0.33237
0.30397 -0.13726 0.18457
0.39094 -0.31551 0.33234
-0.08770 -0.13722 -0.25041
-0.35407 0.06594 -0.26009
-0.18170 0.36722 0.33237
0.21908 0.85229 0.18863
-0.23001 0.44953 0.33237
0.06362 0.71942 -0.04912
0.73257 -0.10329 0.07644
0.68714 -0.02196 0.21058
-0.44462 0.79023 0.18338
-0.73472 -0.46317 0.23396
-0.09716 -0.48240 -0.41473
-0.53443 -0.13726 0.27978
0.60149 0.05251 -0.26769
0.74358 -0.33092 -0.28857
-0.79079 -0.15802 -0.14900
-0.31721 -0.07325 -0.33881
-0.29254 0.18134 -0.19483
-0.44462 0.60863 0.11375
0.26760 0.32230 -0.11512
0.00075 0.37606 0.33237
-0.73472 -0.37432 -0.00183
-0.75856 -0.21939 0.32012
0.75952 -0.48296 0.28551
-0.31175 -0.13726 -0.03495
-0.02477 -0.41709 0.33036
0.61518 -0.25115 0.33237
0.61841 -0.13719 0.26504
-0.63092 -0.13921 -0.21797
-0.03911 -0.13722 0.26604
-0.46463 0.00094 0.33237
-0.72711 -0.06669 0.03531
0.79065 -0.48296 -0.34546
0.42964 0.78415 0.23235
-0.29858 -0.30710 -0.36704
-0.68022 -0.13722 -0.39832
-0.44462 0.68411 0.32184
0.29121 0.22721 0.33237
0.53453 0.25124 0.10011
0.06709 0.85229 0.16462
0.07547 0.09613 0.33237
0.52231 -0.36482 -0.36704
0.23090 -0.27371 0.33234
0.58173 -0.13722 -0.25238
-0.22306 0.12743 0.33237
0.14955 -0.35165 -0.36704
-0.49143 0.24223 0.33237
-0.45008 -0.13719 -0.23164
-0.25315 0.38311 -0.08073
-0.74007 -0.08989 0.28693
-0.58344 -0.25955 0.33234
-0.25211 0.79519 -0.04912
-0.05681 0.84247 -0.04912
-0.31313 0.65037 -0.04912
0.71775 -0.22907 0.12057
0.74358 -0.32744 0.31771
0.33109 -0.10608 -0.35737
-0.19485 -0.18665 0.33234
0.23260 0.72321 -0.04912
-0.03016 0.01240 0.33237
-0.71672 -0.04810 -0.24137
-0.55468 -0.23342 -0.34121
0.16915 -0.13921 0.01757
-0.21204 0.24377 0.33237
0.42964 0.47098 0.07865
-0.36718 -0.41167 0.33237
-0.57891 0.12288 -0.22789
0.20804 -0.13726 -0.26325
-0.23974 -0.08509 -0.34550
0.32707 -0.10510 0.33237
0.71974 -0.24025 -0.17445
-0.26167 -0.13722 0.22693
-0.75856 -0.35997 -0.30481
0.44892 -0.14111 -0.41473
-0.04425 -0.13719 0.13245
0.59688 0.13962 0.00519
0.61904 -0.05308 -0.32740
-0.04510 -0.15340 -0.40413
0.54923 0.22492 0.27027
-0.14303 -0.13722 -0.08126
-0.65770 -0.13726 -0.03864
-0.52689 0.29173 0.09629
0.42964 0.50660 0.30489
0.61363 0.10963 -0.14125
0.42964 0.52357 0.08403
0.60448 0.08876 0.33237
-0.46941 -0.46299 -0.40028
0.13734 -0.20328 0.33234
-0.12163 -0.35001 -0.34319
-0.40917 -0.13719 0.25410
0.78517 -0.14737 -0.24619
0.33125 -0.01345 -0.30499
-0.27539 0.85229 0.23569
0.14536 0.09786 -0.24204
-0.00779 0.66348 0.33237
0.47451 0.46478 -0.09422
0.71974 -0.37295 -0.09317
0.74358 -0.21510 0.24496
0.78379 -0.47070 -0.05756
-0.45925 -0.22178 -0.36704
-0.40486 0.85229 0.05694
-0.52321 0.10310 0.33237
0.41645 0.85229 0.17102
-0.73472 -0.36742 0.05737
-0.73273 -0.36312 -0.11685
-0.45659 0.41758 0.27842
0.39980 0.26722 -0.14627
0.52715 0.26445 0.00629
0.08629 0.28921 -0.13383
-0.39940 0.32102 -0.11584
0.16862 -0.48296 -0.35999
0.78050 -0.13722 -0.36302
0.48349 0.33747 -0.10654
0.26723 -0.21683 -0.34319
0.12889 -0.22491 -0.36704
0.06660 0.58887 -0.04912
-0.68424 -0.41248 -0.34319
-0.73472 -0.20376 0.13584
-0.77490 -0.13722 -0.41225
0.42964 0.79547 -0.04271
-0.58928 -0.36792 -0.34121
-0.47023 -0.13719 0.04184
0.21328 0.85229 0.32289
0.23797 0.66247 0.33237
-0.75856 -0.25368 -0.29545
0.43906 -0.13726 0.22556
0.65397 0.03743 0.07505
0.40750 -0.13722 -0.08177
0.20785 0.11652 0.33237
0.63865 -0.13722 -0.01229
0.33398 0.06653 0.33237
0.06365 0.25862 0.33237
-0.48455 0.36753 0.28766
0.03071 -0.13722 -0.24143
0.19794 0.46410 -0.09332
0.42905 0.52531 -0.04912
0.54395 -0.22861 -0.34121
-0.08517 0.38783 -0.07806
-0.12085 -0.26779 0.33234
0.77121 -0.16128 0.22282
-0.74626 -0.10097 -0.08294
-0.21475 -0.13726 0.05111
-0.39609 -0.13722 -0.12183
0.28120 -0.38462 -0.34121
0.74358 -0.22403 -0.30461
0.29654 0.84070 -0.04912
0.74358 -0.31126 -0.35842
-0.28467 -0.24759 0.33234
-0.64038 -0.13722 0.23903
0.47836 -0.26734 0.33036
-0.63480 0.09856 0.22905
0.08986 -0.13722 0.25594
-0.73714 -0.33937 0.33237
-0.20055 0.85229 0.25266
0.42964 0.62038 0.32524
0.63909 -0.38001 -0.36704
0.69697 -0.03955 -0.19322
0.34093 0.58465 -0.04912
-0.40490 0.47098 -0.07590
-0.65250 -0.13921 -0.30870
0.78285 -0.46943 0.01108
0.37752 -0.21139 0.33036
-0.20612 -0.13932 -0.41473
0.13042 0.56107 0.33237
0.41195 -0.38943 -0.34319
-0.70131 -0.02050 0.21289
-0.54245 -0.13722 -0.40753
-0.55108 -0.09495 0.33237
-0.55294 -0.34915 0.33234
-0.52884 -0.13726 -0.13131
-0.24805 0.77930 0.33237
-0.44462 0.81852 0.26391
-0.13284 0.59721 -0.04912
0.27655 -0.13719 -0.13687
-0.59544 0.16902 -0.11013
0.05025 -0.13719 0.05320
-0.47368 0.44782 0.08051
-0.38306 -0.42573 -0.34319
0.49547 -0.13719 -0.17425
-0.02206 0.08925 -0.24691
-0.24294 -0.38912 -0.36704
-0.13024 0.62799 0.33237
0.42077 0.85229 0.30567
-0.36072 0.65775 0.33237
0.71974 -0.34428 -0.20797
-0.75856 -0.23633 -0.06043
0.38702 0.36776 0.33237
-0.39250 -0.28742 -0.36704
-0.33956 0.19909 0.33237
0.56768 -0.13726 0.14438
0.25292 -0.13722 -0.29104
0.71722 -0.39081 0.33234
0.09424 0.39620 0.33237
0.71974 -0.39746 0.18701
0.53881 -0.48296 -0.37259
0.52372 -0.15587 -0.34319
0.03656 -0.20451 -0.34121
-0.34745 -0.13726 -0.27253
-0.04757 0.85229 0.29473
0.53290 0.14880 -0.21323
-0.28469 0.33162 0.33237
0.32526 -0.41921 0.33234
0.09996 -0.34951 0.33234
-0.27711 -0.19707 -0.34121
0.50583 -0.13726 -0.01225
0.21431 -0.13722 0.25473
0.71974 -0.17857 -0.01237
-0.24213 0.54588 0.33237
0.69678 -0.13722 -0.16929
-0.24851 -0.02605 -0.31211
-0.65797 -0.20312 0.33234
0.70084 -0.04649 0.05771
0.33751 -0.13726 0.22781
0.68000 -0.18700 0.33234
0.67965 -0.13722 -0.12777
0.30631 0.12879 -0.22455
-0.35695 0.02060 -0.28573
-0.63568 -0.07520 -0.33991
-0.74711 -0.48296 -0.07873
-0.21701 -0.13726 -0.26046
-0.44462 0.67342 -0.03999
0.32627 0.85229 0.23879
-0.79953 -0.48296 0.13981
0.00233 -0.41221 -0.34319
-0.12793 0.10915 0.33237
-0.11577 -0.11319 -0.36139
-0.47619 0.38248 0.06895
0.22045 -0.13719 0.11500
-0.16674 0.17942 -0.19592
0.03569 0.85229 0.05500
0.42964 0.50375 0.18469
-0.04359 -0.25144 -0.36704
0.46685 0.37239 0.08124
0.56870 0.19007 0.17721
-0.80454 -0.48296 -0.21157
0.03202 -0.17400 0.33036
-0.31822 -0.23861 -0.36704
-0.29622 0.85229 0.17206
-0.00874 -0.13921 -0.14183
0.13502 0.14060 0.33237
-0.57983 0.19579 0.33237
-0.73702 -0.42253 -0.36704
-0.69238 -0.35342 -0.36704
0.33442 -0.13722 0.08133
-0.68120 -0.13719 0.00852
-0.11527 0.43907 0.33237
-0.49671 -0.23370 0.33036
0.44438 -0.13722 -0.30220
0.06899 -0.13722 -0.05326
-0.73472 -0.40718 -0.25190
-0.44462 0.75731 0.05673
-0.44462 0.59343 0.25426
-0.48861 0.47098 -0.04438
-0.47578 -0.13722 0.15043
-0.14558 -0.13719 0.28568
0.71974 -0.26892 -0.01253
-0.35636 0.43609 0.33237
-0.40524 0.15036 -0.21235
0.73101 -0.48296 -0.27066
0.49045 -0.38711 0.33234
-0.48820 -0.38978 0.33237
-0.04386 0.85229 0.17427
-0.75144 -0.11024 0.16202
0.70876 -0.48296 -0.35569
-0.10236 -0.13722 0.04351
-0.03144 -0.45886 -0.34319
-0.70286 -0.13722 -0.15119
-0.73273 -0.32261 -0.20828
0.72858 -0.09615 -0.35092
-0.07146 0.31136 0.33237
0.13142 0.20927 -0.17904
0.56539 -0.13829 -0.41473
-0.56920 -0.13726 0.01703
0.02806 0.58103 0.33237
-0.02065 -0.13719 0.23389
-0.41099 -0.17455 0.33234
0.43122 -0.41465 0.33237
0.22676 0.32605 0.33237
0.58542 -0.08267 0.33237
-0.21784 -0.13719 -0.06838
-0.04227 0.75740 0.33237
0.40135 0.37998 -0.08250
-0.20880 -0.46713 -0.34319
0.10051 -0.29335 0.33234
0.34906 0.45438 0.33237
0.14084 0.64619 -0.04912
-0.40420 -0.13921 -0.02117
-0.75856 -0.22277 0.22366
-0.75019 -0.18731 -0.35867
0.05016 -0.13719 -0.14186
-0.73957 -0.43524 0.33237
0.71974 -0.40777 -0.24218
0.35605 -0.14344 -0.41211
-0.48360 0.04825 -0.27009
0.74358 -0.42403 0.09312
0.53527 -0.13921 0.25068
0.75022 -0.17204 0.14905
0.50312 0.30746 0.22908
-0.28584 0.26719 -0.14628
0.11369 0.46460 -0.09392
0.58030 -0.13722 0.05549
0.66919 -0.13722 0.25876
-0.73472 -0.15118 0.24635
-0.56202 -0.00422 0.33237
0.35239 0.16634 0.33237
-0.54458 -0.13722 -0.28242
0.18888 -0.29332 -0.36704
0.25617 0.85229 0.05568
0.37477 -0.44322 -0.35207
0.48512 -0.31502 -0.34121
0.05911 0.47098 -0.03508
-0.73273 -0.27094 0.05928
0.34282 -0.03424 0.33237
-0.17619 -0.13722 -0.16836
-0.07325 0.16194 -0.20580
-0.71792 -0.48296 -0.40529
0.58596 -0.32250 -0.36704
-0.36638 -0.19069 -0.36704
-0.36683 -0.13722 0.17542
-0.79264 -0.13722 0.04916
-0.75856 -0.38510 0.25985
-0.09110 -0.07956 0.33237
-0.73472 -0.40576 0.15304
0.42964 0.78844 0.05053
0.65945 0.02761 -0.02740
0.54125 -0.18236 0.33234
-0.29611 -0.13921 -0.12150
0.72241 -0.08510 -0.10443
0.65004 -0.20611 -0.34121
0.16666 0.36576 -0.09054
-0.23963 -0.13726 0.14007
0.46936 0.02065 -0.28570
0.39830 0.73400 0.33237
-0.69392 -0.00728 -0.03854
-0.15964 0.11234 -0.23385
-0.17229 -0.13722 0.27145
-0.53898 -0.44755 -0.34319
-0.10769 0.47079 -0.09681
-0.57352 0.20825 0.07720
-0.73472 -0.15880 -0.23605
-0.08590 -0.17423 0.33234
0.21503 -0.13921 -0.08343
-0.00225 -0.13921 -0.32087
-0.63441 -0.19322 -0.34319
-0.16215 0.83627 -0.04912
-0.35530 -0.34711 0.33234
-0.03589 0.31455 -0.11950
0.40901 -0.13921 0.03878
0.38969 -0.08162 -0.34354
-0.41841 -0.04467 -0.32264
0.08083 0.03621 0.33237
-0.25171 0.54407 -0.04912
0.56268 -0.32940 0.33234
-0.21252 -0.31255 -0.34319
0.14144 0.77648 -0.04912
-0.44369 -0.09376 0.33237
-0.15171 0.52705 0.33237
0.67207 -0.13722 -0.30765
-0.65590 0.00775 -0.29300
-0.12813 -0.38817 0.33036
-0.33128 0.02152 0.33237
-0.19125 0.43124 -0.03343
0.23312 0.03100 -0.27985
-0.35109 0.73968 0.33237
0.24484 -0.17958 0.33234
0.25124 -0.10274 -0.35548
0.35240 0.67426 0.33237
0.25720 0.40114 -0.07053
-0.73807 -0.48296 0.06850
-0.73694 -0.08430 0.12788
0.12189 -0.13722 -0.28666
-0.11853 -0.13719 -0.00438
0.47020 0.45925 0.18779
0.74358 -0.30889 0.06835
0.64675 0.05035 -0.16478
0.74358 -0.28283 0.18783
0.16812 -0.13726 -0.34279
-0.20712 0.02453 0.33237
0.07892 -0.37949 -0.36704
-0.31647 -0.38642 -0.34121
-0.02926 0.11441 0.33237
0.34096 0.20460 -0.18168
-0.35500 -0.13726 -0.22152
-0.42828 0.43124 0.21031
-0.68232 -0.13722 0.16116
0.21680 0.82769 -0.04912
-0.05211 0.73508 -0.04912
-0.01127 -0.08962 0.33237
0.03366 0.85229 0.25144
0.74358 -0.17975 -0.24738
0.21888 0.75327 0.33237
0.24744 -0.44322 -0.34450
0.74026 -0.20540 -0.36704
-0.38603 0.55993 -0.04912
-0.31968 0.85229 0.07814
-0.19290 0.65133 -0.04912
-0.64742 -0.34007 0.33234
0.69366 -0.13722 -0.06590
-0.26079 -0.13722 0.28456
-0.47942 0.36036 -0.09359
-0.38966 -0.48296 -0.40671
0.29664 -0.30168 0.33036
0.53748 0.02654 0.33237
0.21800 0.55726 0.33237
-0.49767 0.34404 0.17134
-0.17001 -0.11195 -0.36069
0.76644 -0.13722 -0.14797
-0.75856 -0.25836 0.00098
0.56594 -0.13719 -0.17666
-0.01482 0.39131 -0.07609
0.46084 -0.19427 -0.34319
-0.63084 -0.13722 -0.13269
0.42964 0.74106 0.15325
0.64908 0.04617 0.16571
-0.54850 0.25305 -0.11826
-0.41048 -0.13722 -0.32049
-0.44462 0.52898 0.04849
-0.79999 -0.13722 0.30618
-0.04678 -0.32065 -0.36704
0.40902 -0.13722 0.31975
0.05523 0.72660 0.33237
0.39134 0.47036 -0.02528
0.32881 0.74906 -0.04912
-0.19579 -0.26271 0.33234
-0.63802 0.09279 -0.05319
0.22881 0.63485 -0.04912
-0.73472 -0.43176 0.00005
0.14353 0.03401 0.33237
-0.42294 -0.40498 -0.36704
-0.06494 -0.39952 -0.34121
0.15794 -0.13719 0.30717
-0.35475 -0.21374 0.33234
-0.42583 0.17702 0.33237
0.58465 -0.09588 -0.35160
-0.59493 -0.13722 0.20242
-0.03042 -0.10302 -0.35564
-0.53453 -0.33390 -0.34319
-0.18444 0.71986 0.33237
0.42840 0.19789 -0.18547
0.14184 0.36039 0.33237
0.17673 -0.13722 -0.18559
-0.76234 -0.12976 -0.01219
-0.04730 -0.32826 0.33234
0.36079 -0.13719 -0.30390
0.07414 0.84596 -0.04912
0.24696 -0.13722 -0.01827
0.18511 0.27121 -0.14401
0.77716 -0.46330 0.21292
-0.30072 -0.13921 0.07020
0.56905 0.18944 0.33163
-0.74681 -0.10195 -0.19246
-0.22577 0.05890 -0.26407
0.61374 0.10944 0.09334
0.09674 -0.29824 -0.34319
0.11722 0.47712 0.33237
0.01975 -0.13726 0.18660
0.11325 -0.13722 -0.22304
0.42088 -0.13722 0.17238
-0.49231 0.46735 0.21076
0.71974 -0.26459 0.26932
-0.49588 0.13885 -0.21886
0.37330 0.24917 0.33237
-0.72568 -0.06413 -0.15835
-0.75856 -0.34773 -0.05541
-0.15661 -0.42331 -0.34319
-0.67815 -0.27962 0.33234
-0.34153 0.39696 -0.07289
-0.41893 0.59053 0.33237
-0.22843 -0.23650 -0.36704
0.16474 0.85229 0.08727
-0.63948 -0.13722 0.05275
0.28772 -0.13722 -0.21877
0.71246 -0.11561 0.33237
-0.25889 -0.32941 0.33234
-0.73472 -0.28109 0.13537
0.32908 -0.26661 0.33237
-0.75856 -0.39472 -0.19530
-0.22938 -0.16316 -0.34121
0.31129 0.69458 -0.04912
-0.42287 0.77605 0.33237
-0.59489 -0.40855 -0.36704
-0.65687 0.05904 -0.23299
-0.57561 -0.17394 0.33234
0.74358 -0.30180 0.13055
-0.08079 -0.13726 -0.13860
-0.16586 0.37379 -0.08600
0.66924 -0.30127 0.33234
0.17536 -0.41557 -0.34319
-0.31017 0.28425 0.33237
-0.44462 0.49514 0.25965
-0.12689 -0.14599 -0.40948
0.56873 -0.42880 -0.36704
0.04407 -0.36592 -0.34121
0.01863 -0.33474 0.33237
-0.69965 -0.13921 0.32783
0.67492 -0.44038 -0.34319
0.33986 -0.20230 -0.36704
0.59307 0.14645 0.23979
0.14833 -0.13719 0.08412
-0.34954 0.83028 -0.04912
0.39066 0.03946 -0.27507
-0.73273 -0.14077 -0.31560
0.04875 -0.13726 0.11451
-0.09044 0.44143 -0.02528
0.71974 -0.17305 0.06420
-0.39228 0.85229 0.18844
-0.08973 -0.13722 0.21259
-0.36344 -0.32649 -0.34319
0.64809 -0.13719 -0.22765
0.47672 -0.44322 -0.35466
0.56915 0.18926 -0.07024
-0.73273 -0.29341 0.26992
0.18699 -0.13722 0.18894
-0.39673 0.36117 0.33237
-0.44033 -0.13726 0.08435
0.71974 -0.42519 -0.04350
0.47733 0.47053 0.03611
0.03257 -0.15351 -0.40404
-0.38384 -0.03954 0.33237
-0.45571 -0.16512 -0.34319
-0.66411 -0.13719 -0.25921
-0.72339 -0.06003 -0.04292
0.53646 -0.26399 0.33036
-0.62078 -0.30170 -0.34319
0.42704 0.00421 0.33237
-0.55994 0.19067 -0.18956
-0.13045 0.85229 0.21380
-0.73273 -0.29960 -0.33586
-0.55495 0.24150 0.00670
0.65643 -0.31672 -0.34121
-0.73472 -0.20343 -0.12414
0.12788 -0.13722 -0.04883
-0.02035 -0.13722 0.04364
-0.14552 -0.13921 -0.29894
0.42964 0.70485 0.22392
-0.55229 -0.13719 -0.21195
-0.01270 -0.21316 -0.34121
-0.74297 -0.17696 0.06612
-0.78073 -0.48296 0.19599
-0.73472 -0.48038 -0.21542
0.22968 0.11108 -0.23457
-0.59938 -0.13719 -0.07808
0.18364 -0.35033 0.33234
0.20125 0.43124 -0.02845
0.29905 0.85229 0.32987
-0.63095 0.10544 -0.17094
0.74073 -0.44322 -0.11409
0.50725 -0.13722 0.17187
-0.71957 -0.05320 -0.31372
0.71974 -0.27210 -0.24510
-0.01297 0.58226 -0.04912
0.60906 -0.13722 -0.07037
0.74358 -0.42357 0.26030
0.07953 0.64721 0.33237
-0.55023 -0.29597 -0.36704
-0.44462 0.67951 0.04748
0.43680 -0.13719 -0.22533
0.66329 0.00057 -0.29706
0.03798 -0.13722 0.29459
-0.07458 0.66036 -0.04912
0.60188 -0.18028 -0.34319
0.25213 -0.13921 0.04509
-0.45185 -0.46873 -0.34319
-0.73472 -0.27704 -0.10693
0.74633 -0.17696 -0.19165
0.26088 -0.36804 0.33237
0.50469 -0.13722 -0.24943
0.34812 -0.13719 -0.15177
-0.54039 -0.16440 -0.34121
-0.78733 -0.16056 0.20865
0.56387 0.19872 0.04153
0.73324 -0.38540 -0.34319
0.09444 -0.16249 -0.34319
0.54096 0.04393 -0.27254
0.46238 0.38023 0.33237
0.42964 0.62160 0.10134
-0.47606 -0.16058 0.33234
-0.60050 -0.13722 -0.35964
-0.08622 0.22679 -0.16913
-0.27058 -0.13722 -0.28890
0.51406 0.28788 0.31974
0.79090 -0.47784 -0.27088
-0.73472 -0.19741 -0.27151
0.71974 -0.19964 -0.10589
0.36892 0.85229 -0.03272
0.22229 -0.36040 -0.36704
0.27047 0.08493 0.33237
-0.11060 0.70701 0.33237
-0.46431 -0.13722 0.27536
0.65887 -0.13719 0.05476
0.74358 -0.34418 -0.01747
0.58382 -0.00964 -0.30283
-0.42884 0.43124 0.02543
-0.67816 0.02093 0.15292
-0.37513 -0.22560 -0.34121
0.66259 -0.41316 0.33234
0.34127 0.50196 -0.04912
-0.31207 -0.15289 0.33234
-0.33129 -0.13921 0.23483
-0.11884 0.03558 0.33237
-0.26720 -0.41209 0.33036
0.71974 -0.44457 0.02881
0.05167 0.09462 -0.24387
0.52131 -0.16675 -0.38044
-0.22626 0.47098 -0.05936
0.69464 -0.03539 -0.01938
0.42964 0.62505 -0.04111
0.63974 -0.13773 0.33237
0.14583 0.43124 -0.03035
-0.51363 -0.13921 -0.02075
0.32069 -0.13726 -0.07148
0.38981 -0.34315 -0.34319
-0.69910 -0.13722 0.08962
-0.56452 -0.41616 0.33234
0.71974 -0.32621 -0.11898
-0.52052 -0.13726 0.22140
-0.25074 0.12894 -0.22446
-0.30669 0.11280 0.33237
0.75774 -0.13722 -0.31324
-0.76681 -0.17195 -0.06329
0.42964 0.56246 0.25819
-0.44747 -0.13722 -0.16361
-0.48196 -0.39318 -0.34121
0.69797 -0.04134 0.14077
-0.73472 -0.43489 -0.12255
0.52786 0.26318 -0.06686
0.04811 -0.41350 0.33237
-0.02865 -0.13921 -0.21986
0.74358 -0.40589 -0.30412
0.42612 -0.13722 -0.15363
0.73966 -0.13722 -0.39651
0.48390 -0.13719 -0.09356
-0.60328 0.15499 0.26268
0.72975 -0.26188 0.33237
-0.75856 -0.31549 0.01161
0.48469 0.08370 -0.25005
0.32780 -0.32841 -0.36704
0.36755 -0.48296 -0.38407
0.46766 0.45589 0.12393
-0.47773 -0.27271 -0.34319
-0.38427 0.63780 -0.04912
-0.53740 -0.26560 0.33036
0.15868 0.85229 0.27576
0.71974 -0.21107 0.18824
0.09968 0.14639 -0.21459
-0.28350 0.71657 0.33237
-0.14200 -0.21704 0.33234
-0.38002 -0.13726 0.04964
0.46126 0.44969 0.31352
0.63331 -0.13722 -0.15053
-0.73273 -0.23846 -0.22311
0.74358 -0.20370 0.29199
0.28802 0.85229 0.11994
0.77138 -0.48296 -0.41439
0.65003 -0.10148 -0.35477
-0.21775 0.29351 -0.13140
-0.79317 -0.13722 -0.35891
-0.26875 0.03369 -0.27833
0.77161 -0.16103 0.00057
-0.00579 0.02861 -0.28120
-0.44462 0.47988 0.33074
-0.19865 -0.13921 0.19105
0.74358 -0.23860 0.06489
-0.30209 0.58438 0.33237
0.29505 -0.13722 0.28845
-0.50024 -0.06076 0.33237
-0.17296 0.85229 0.32590
0.63464 -0.13921 0.19764
-0.08043 -0.20928 -0.34319
-0.44915 0.11200 0.33237
0.32954 -0.17121 0.33237
-0.80089 -0.47399 -0.10867
-0.76673 -0.48296 -0.38671
-0.45163 -0.13726 -0.06279
-0.61279 -0.13722 0.28889
0.62803 -0.13921 0.13421
-0.29431 0.33360 -0.10873
0.42964 0.83758 0.10062
-0.18049 -0.04070 -0.32040
-0.14267 0.25353 0.33237
-0.27497 -0.13722 -0.36778
0.01206 -0.27154 -0.34319
0.71974 -0.27233 -0.32293
-0.52854 -0.13921 0.07868
-0.46152 0.40875 0.13299
-0.13476 -0.13719 0.09343
-0.75856 -0.41044 -0.31050
-0.50061 -0.13722 -0.20748
-0.08863 -0.13722 -0.30257
-0.75856 -0.41598 0.05700
-0.43179 -0.35396 0.33234
-0.10517 0.07515 -0.25489
-0.12265 -0.20032 -0.36704
-0.03593 0.47098 -0.09217
-0.48887 0.17344 0.33237
0.31582 -0.13726 -0.25460
0.38904 -0.13722 0.11242
0.50089 0.31146 0.04925
-0.09706 -0.30570 -0.34319
0.32289 0.26240 -0.14899
-0.37963 0.43182 -0.02528
0.05489 -0.22714 0.33234
0.70124 -0.23497 -0.36704
-0.75856 -0.39280 0.19218
-0.26943 -0.34904 -0.34319
-0.11432 -0.33234 0.33234
-0.52166 0.30109 0.31525
0.36869 -0.13719 -0.01304
0.02298 0.07066 0.33237
-0.20397 0.31443 0.33237
-0.23038 0.85229 -0.01927
-0.17121 -0.30019 -0.36704
0.26477 0.85229 0.26741
-0.03635 -0.20401 0.33036
-0.75779 -0.25644 -0.36626
0.22882 -0.18461 -0.34319
-0.55984 0.23275 0.27974
0.62308 0.09273 -0.03541
0.71974 -0.35201 0.26449
-0.75856 -0.33741 0.10548
0.38578 -0.17588 -0.34319
-0.73929 -0.35718 -0.36704
-0.30320 -0.13722 0.13515
-0.44462 0.59041 0.17814
0.71974 -0.15288 0.26300
-0.75856 -0.41852 0.11470
-0.24866 -0.19423 0.33036
0.25238 -0.04531 -0.32301
-0.73472 -0.17876 -0.17285
0.08975 0.52815 -0.04912
0.14517 -0.09147 0.33237
-0.70584 -0.47404 -0.34319
0.11185 -0.41106 -0.36704
0.31090 -0.44322 -0.34767
0.71974 -0.13975 0.18615
0.13358 -0.13726 0.22017
0.62922 0.08173 -0.22023
0.71974 -0.47055 0.18107
0.43420 -0.20888 0.33234
0.46968 -0.13726 0.28270
0.10801 0.21068 0.33237
0.06224 -0.13921 0.00771
0.74561 -0.12663 -0.20339
0.03282 -0.13921 -0.09104
-0.01656 0.27529 0.33237
-0.44462 0.75326 0.25638
-0.30267 -0.13719 -0.32712
0.09013 -0.14321 0.33237
-0.54759 0.25467 0.14633
0.43392 0.43275 -0.05388
-0.10692 -0.13722 -0.19169
-0.54610 -0.48296 -0.37834
-0.63006 0.10704 0.11898
-0.75856 -0.29639 -0.25881
0.44624 -0.13722 -0.01337
0.30134 0.64718 0.33237
0.37609 -0.38052 0.33237
0.27380 0.16456 0.33237
0.19082 -0.23672 0.33237
-0.41796 -0.31817 -0.36704
-0.58902 -0.18936 -0.36704
0.49280 0.26721 -0.14627
0.05388 0.44166 0.33237
0.54885 -0.13719 0.10956
0.71974 -0.43347 -0.17027
0.27248 -0.13726 0.24255
-0.53851 -0.13921 0.14344
-0.28075 0.17261 0.33237
0.42964 0.58140 0.05552
0.70922 -0.06149 0.30273
0.44963 -0.31820 0.33234
0.51093 -0.13722 0.05895
0.25795 0.47098 -0.06486
-0.42658 0.07384 -0.25562
0.20289 -0.24033 -0.36704
-0.70316 -0.13726 0.24778
0.42964 0.64777 0.02734
0.47772 -0.38701 -0.34319
0.42964 0.51664 0.02047
0.29001 -0.13722 0.11818
-0.77804 -0.45503 -0.27389
-0.71987 -0.13722 -0.05217
-0.65222 -0.45454 -0.38497
0.35841 -0.13719 0.15140
0.05484 0.31948 0.33237
0.57320 0.18201 -0.17709
0.11982 0.70595 -0.04912
-0.42599 0.47098 -0.01620
0.30925 -0.13921 0.03706
0.01914 0.85229 -0.01849
-0.26867 -0.13722 0.02566
-0.33722 -0.28267 0.33234
-0.29458 0.44611 -0.07536
0.40297 -0.01452 -0.30559
-0.18929 -0.13726 -0.00365
-0.06253 -0.13719 -0.33743
0.42964 0.77865 0.30071
-0.46996 -0.16580 -0.38445
-0.72354 -0.13921 0.05340
0.39380 -0.25435 0.33036
0.44459 -0.33556 -0.36704
0.47998 -0.24535 -0.34319
0.61079 -0.13719 -0.30049
-0.44920 0.42102 0.33237
0.32865 0.33456 -0.10818
-0.43309 -0.40733 0.33237
0.29973 0.70976 0.33237
0.02454 0.34900 -0.10002
-0.16537 -0.37237 -0.36704
-0.34686 -0.13722 0.03161
0.67592 -0.00186 0.01969
-0.44160 -0.13722 0.20257
0.22261 -0.13722 -0.20733
-0.75856 -0.23581 0.09534
-0.71625 -0.06483 0.33237
0.42964 0.64350 0.26749
-0.73472 -0.29443 -0.05247
0.38855 0.32041 -0.11619
0.29793 -0.15020 -0.34319
-0.02200 0.85229 0.03227
-0.69551 -0.16423 -0.34121
-0.60290 -0.13719 -0.25534
-0.75856 -0.15391 0.10706
0.64698 -0.06128 0.33237
-0.71017 -0.20942 -0.34121
-0.09988 -0.42302 -0.36704
-0.23769 -0.13719 -0.12174
-0.25075 0.06811 0.33237
-0.10002 0.85229 0.32697
0.55083 -0.36600 0.33036
0.58684 -0.37262 -0.34319
0.79082 -0.47781 0.07124
0.29734 -0.20660 0.33234
-0.03330 0.57879 0.33237
-0.18733 -0.12674 0.33237
0.34217 -0.26367 -0.34319
-0.26250 -0.43224 -0.36704
0.01855 -0.48296 -0.35880
-0.33710 -0.28150 -0.34121
0.42964 0.55596 0.16386
0.18095 -0.18768 -0.36704
0.38508 -0.13722 0.25311
-0.14177 0.45982 -0.02528
0.54233 -0.13921 -0.05324
0.35171 0.85229 0.30319
-0.69077 -0.13921 -0.09212
0.42964 0.72860 0.28074
0.71974 -0.39510 0.06181
-0.26408 0.68575 -0.04912
0.15046 0.56093 -0.04912
-0.49725 -0.13722 -0.32419
0.47774 -0.13722 -0.34493
-0.62495 0.06192 0.33237
-0.15367 0.16343 0.33237
0.36089 0.43200 -0.05317
0.39761 0.05642 0.33237
-0.33656 0.33798 0.33237
0.57878 -0.13726 0.30880
0.23319 -0.13722 0.20409
0.60244 0.12968 -0.19092
-0.68873 -0.37459 0.33234
-0.37264 -0.35832 -0.36704
0.32395 0.03784 -0.27598
0.44426 0.41284 0.14592
0.12464 -0.13722 0.03136
0.01368 -0.13722 -0.03771
-0.01411 0.80140 -0.04912
0.61023 -0.30547 0.33234
0.02210 -0.11472 -0.36226
0.30714 0.85229 0.02565
0.03968 -0.00554 0.33237
-0.03686 -0.13921 -0.27507
-0.52703 0.29147 0.02133
0.71974 -0.30550 -0.16687
-0.73472 -0.25190 0.18117
-0.75856 -0.20886 -0.32113
-0.18553 -0.31100 0.33234
-0.69045 -0.13921 -0.20621
-0.36116 -0.13719 0.31454
0.20600 -0.15467 0.33234
-0.62294 -0.24068 -0.36704
-0.26676 0.85229 0.29381
0.36199 0.10739 -0.23665
0.54372 0.09497 -0.24368
-0.75856 -0.38242 0.31602
-0.21017 -0.41316 0.33234
0.74358 -0.18427 0.32982
-0.01177 -0.36059 -0.36704
0.08879 -0.24562 -0.34121
0.51241 0.20415 0.33237
-0.73438 -0.29258 0.33234
-0.08165 -0.16598 -0.38383
0.15434 0.84202 -0.04912
0.61824 0.10138 0.26714
0.30330 0.00865 0.33237
0.70613 -0.15745 -0.34121
-0.14449 0.22726 -0.16886
-0.59422 -0.32900 0.33036
-0.69393 -0.00730 0.26912
0.69165 -0.13722 -0.26504
0.55325 0.21772 -0.02213
-0.28780 0.45536 0.33237
0.06440 0.20340 -0.18236
-0.09019 -0.13921 0.28894
0.23429 -0.29198 -0.34121
0.18173 -0.13719 -0.03812
0.56826 -0.13722 -0.00017
-0.29151 0.58593 -0.04912
-0.23272 0.17668 -0.19747
-0.44462 0.63788 0.29374
-0.10162 -0.01949 0.33237
0.20764 -0.13719 -0.13472
0.06140 -0.13921 -0.31054
-0.38676 0.75400 -0.04912
0.06451 -0.42558 -0.34319
-0.79750 -0.46899 0.08918
-0.39148 0.27161 -0.14378
-0.08193 0.14870 0.33237
0.19705 0.85229 0.00072
0.40580 0.44951 0.32666
-0.35507 -0.47530 -0.34319
0.00401 0.43827 -0.04953
0.44081 0.41901 0.08156
0.03009 0.29818 -0.12876
0.42964 0.50715 0.24398
0.67489 -0.24081 0.33036
0.71775 -0.16114 -0.05654
0.71974 -0.22122 -0.04938
0.37500 0.60613 0.33237
-0.39772 0.85229 0.12337
0.71974 -0.20415 -0.20551
-0.07275 -0.13921 0.08418
-0.34461 -0.13722 -0.35036
0.41353 0.85229 0.24933
-0.38292 -0.27946 0.33234
-0.41487 -0.36555 -0.34319
-0.40370 -0.11937 0.33237
0.52996 0.25942 0.21538
0.47060 -0.13719 0.15437
-0.05607 0.63063 0.33237
0.17330 0.48413 0.33237
-0.50405 -0.32221 0.33234
-0.69733 -0.01338 -0.13604
-0.61753 0.12948 0.18505
0.44271 -0.28579 -0.34319
-0.40190 0.01389 0.33237
-0.01120 0.85229 0.08758
0.17385 0.14011 -0.21815
-0.04301 -0.46960 -0.40643
-0.18312 0.57213 -0.04912
0.18299 -0.09076 -0.34871
-0.64332 -0.15161 0.33234
0.69061 -0.13722 0.11057
-0.75856 -0.14676 -0.19284
-0.74833 -0.44322 0.28044
0.71974 -0.16090 -0.14454
-0.73472 -0.39073 -0.07787
-0.73472 -0.35726 -0.24844
-0.18415 -0.13726 0.13557
-0.25663 -0.13726 -0.02993
0.31922 0.50125 0.33237
-0.41099 0.22800 0.33237
0.53323 -0.08250 -0.34403
0.33787 -0.33800 0.33234
0.61999 -0.13722 -0.37892
-0.45870 -0.13726 -0.01325
0.25491 -0.13722 -0.40173
0.49573 0.32069 0.17600
0.15494 -0.13726 0.13851
0.43697 0.42588 0.20978
-0.15455 -0.13921 -0.25081
-0.73273 -0.15847 -0.09600
0.25946 -0.13921 0.31551
-0.65138 0.06888 0.15245
0.40663 -0.13726 -0.26505
0.74904 -0.44589 -0.21951
0.67744 -0.00458 0.10566
0.49181 0.10338 0.33237
0.44468 -0.13726 -0.12053
0.19315 -0.13722 0.06879
-0.44462 0.64302 0.00682
-0.36042 -0.13921 0.27667
0.09891 -0.13722 -0.09861
-0.07828 -0.40673 0.33036
0.68622 -0.13726 0.20781
-0.59648 0.14397 0.33237
-0.65244 -0.39031 -0.36704
0.59174 -0.20205 0.33234
-0.73472 -0.15966 0.16639
0.59105 0.15005 0.30133
-0.11660 0.50052 -0.04912
0.53108 0.15073 0.33237
0.71974 -0.28766 -0.08515
-0.06279 -0.07219 -0.33820
0.21370 0.32673 -0.11261
0.42950 -0.36181 0.33234
-0.32232 -0.42583 -0.36704
0.04323 -0.13722 0.23445
-0.59551 -0.04671 0.33237
-0.51518 -0.15050 0.33234
-0.36467 -0.13921 -0.05775
0.60304 -0.36248 0.33234
0.55826 -0.13722 -0.30131
0.53367 -0.29835 -0.34319
0.36344 -0.13921 0.30960
-0.76503 -0.13722 -0.24616
0.18767 0.28343 0.33237
-0.44462 0.80998 0.06712
0.05912 -0.10459 0.33237
-0.39605 -0.13722 -0.17522
-0.58799 -0.13921 -0.15294
-0.71707 -0.18136 0.33234
0.50074 -0.31521 0.33234
0.41350 0.85229 -0.00307
-0.41397 -0.19823 -0.34319
0.70204 -0.13719 0.01126
0.54297 0.23613 0.16913
-0.14701 -0.13726 0.20904
0.71974 -0.43344 0.30363
0.09467 -0.13722 0.08986
0.22087 -0.13722 -0.35294
-0.73833 -0.08679 0.23383
0.34484 -0.37277 -0.34319
-0.12701 -0.14202 0.33237
0.16653 -0.13726 0.24774
-0.45968 0.35358 0.33237
0.49389 -0.20619 0.33237
-0.59937 -0.13921 -0.30687
-0.65303 -0.13722 0.28267
-0.43227 -0.22242 0.33234
0.68123 -0.37717 -0.34121
-0.36728 0.58086 0.33237
0.71974 -0.37467 -0.16514
0.35749 -0.13722 -0.08910
-0.61486 -0.13719 -0.01867
-0.73472 -0.20405 0.27800
-0.26587 0.22227 0.33237
-0.18760 -0.13722 -0.11027
-0.02761 -0.16635 -0.36704
-0.44462 0.65923 0.10037
0.18633 0.38792 0.33237
-0.33016 0.85229 0.02735
0.51030 0.18980 -0.19005
-0.73945 -0.14077 -0.36704
0.14265 -0.16934 -0.34319
0.26817 0.22821 -0.16832
0.27270 0.85229 0.21583
0.71974 -0.31133 0.23391
-0.76915 -0.48296 -0.01434
-0.58356 -0.13921 0.24707
-0.66006 -0.13722 0.10672
0.10727 0.85229 0.28408
-0.25249 -0.28230 -0.34319
-0.38371 0.10318 -0.23903
-0.10091 0.53874 0.33237
0.14034 -0.40018 0.33036
0.71974 -0.22290 -0.25974
0.68034 -0.35140 0.33036
-0.21292 -0.13921 0.25269
-0.40905 -0.12302 -0.36695
-0.34742 -0.13921 -0.17070
0.06854 0.85229 0.11273
0.40447 -0.48296 -0.34685
-0.00348 -0.13921 0.31817
-0.20183 -0.20066 -0.34319
0.13569 -0.25542 0.33234
-0.15556 -0.13726 0.02214
-0.73472 -0.18431 0.20621
-0.04686 -0.13726 0.18376
-0.17814 -0.48296 -0.38155
0.72948 -0.48296 -0.18049
0.58887 0.15396 0.08635
0.23501 -0.48296 -0.37472
-0.51243 -0.13719 0.02810
0.18134 0.85229 0.22342
-0.62946 -0.28803 0.33036
-0.72189 -0.05734 0.08697
0.02179 0.79822 0.33237
0.30421 -0.14231 -0.41443
0.12811 0.25369 -0.15392
-0.05197 -0.13726 0.31554
-0.37711 -0.13722 -0.26370
0.25701 -0.41490 0.33234
-0.32358 -0.17696 -0.35281
-0.73472 -0.34332 0.28183
0.56975 -0.13719 0.21327
-0.50199 -0.47794 -0.34319
0.20888 -0.13719 0.01738
0.32260 -0.13921 -0.18890
-0.21570 0.70168 -0.04912
-0.06474 0.44546 0.33237
-0.75856 -0.16359 0.29326
0.73133 -0.43893 -0.36704
0.25036 -0.13722 -0.06356
-0.04486 -0.13726 -0.09179
0.07261 -0.17036 -0.37791
-0.09513 0.85229 0.14259
0.56817 0.19101 0.22783
-0.25519 -0.13722 0.17673
-0.17511 0.60458 0.33237
-0.50300 0.33449 0.10894
0.42964 0.77812 0.11883
-0.14947 0.41543 -0.06245
0.45008 0.23759 -0.16302
-0.18136 -0.15192 -0.34121
-0.73563 -0.44322 0.18763
-0.26017 -0.13726 0.32743
0.71974 -0.24799 0.16728
-0.05837 -0.13719 -0.18249
-0.78783 -0.45995 -0.06206
0.74204 -0.44322 0.14512
-0.27467 -0.13719 -0.22547
0.51155 -0.13921 -0.29845
0.08772 -0.13722 0.20864
-0.73472 -0.17217 -0.02704
-0.69205 -0.00392 0.11186
0.45428 0.44525 -0.01755
0.57365 -0.19792 -0.36704
0.14625 -0.31747 0.33234
0.48564 -0.13726 0.23528
-0.47862 -0.29394 0.33234
-0.19217 -0.13722 0.09137
0.53634 -0.13722 0.02535
-0.61564 0.06613 -0.25999
-0.53098 -0.39649 -0.34319
-0.14559 -0.16610 -0.34121
0.06756 -0.13921 -0.20367
-0.30800 -0.32213 0.33234
-0.06251 0.57916 -0.04912
0.47956 0.34965 0.12346
-0.06577 0.85229 -0.00133
0.59609 -0.13722 -0.11812
-0.31458 -0.37306 0.33234
-0.74894 -0.48296 -0.14593
-0.71783 -0.05009 0.26295
0.24934 -0.13722 0.15246
0.53951 0.24232 0.31670
-0.75856 -0.13858 -0.11235
-0.01278 0.85229 0.32963
0.55223 -0.11904 0.33237
0.74358 -0.17816 -0.32218
0.57025 -0.15155 -0.34319
0.38073 -0.13921 0.20494
-0.01956 0.15969 -0.20707
0.71775 -0.29803 0.02860
-0.42436 -0.13722 -0.27303
0.12835 -0.13722 -0.36357
0.10515 -0.13722 -0.00405
0.68218 -0.03858 -0.31920
-0.67929 0.01892 -0.00011
0.16884 -0.13719 -0.29952
-0.52206 -0.19214 0.33237
-0.25629 -0.13719 0.08947
-0.70911 -0.03447 -0.00110
0.23984 -0.13722 -0.16849
0.43320 0.29800 -0.12886
-0.00079 0.85229 0.15166
0.54075 -0.41879 0.33234
-0.74009 -0.08993 -0.28946
0.58392 -0.23819 -0.36704
-0.13355 -0.26958 -0.36704
-0.61573 -0.37680 0.33234
0.65904 0.02835 0.20962
-0.71729 -0.13722 -0.26178
-0.23563 -0.13722 -0.18749
-0.28389 0.50798 -0.04912
-0.12253 0.66597 -0.04912
0.67996 -0.27288 -0.34121
-0.42146 0.82427 0.33237
0.15289 0.30247 -0.12633
-0.16183 -0.13719 -0.03257
-0.63480 -0.13719 0.16859
0.06987 -0.17977 0.33036
-0.26075 -0.14639 -0.40924
-0.70993 -0.13722 0.20069
-0.71675 -0.23626 0.33234
-0.60963 -0.00560 -0.30055
-0.73472 -0.24511 0.26816
0.40580 0.46519 0.16931
0.52255 0.27269 0.14599
-0.32604 0.39913 0.33237
-0.44405 0.39253 -0.07540
-0.07323 -0.26445 0.33036
0.22158 -0.40306 -0.34319
0.43094 0.47098 -0.07587
0.59658 -0.13722 -0.20780
0.65219 -0.13722 -0.09063
-0.77812 -0.16512 0.16513
-0.64638 -0.16645 -0.38193
0.71974 -0.34750 -0.25551
0.44139 -0.06308 0.33237
-0.09870 -0.25819 -0.34121
0.69417 -0.03455 -0.07487
-0.39143 -0.00791 -0.30186
-0.35206 0.60284 -0.04912
0.10554 -0.13921 -0.17338
0.41381 -0.13722 -0.38310
0.71974 -0.24902 0.21617
0.40636 -0.21025 -0.36704
-0.59187 -0.05979 -0.33119
0.71974 -0.27480 0.09075
-0.01534 -0.13719 0.10523
0.42964 0.58012 -0.02660
0.16797 -0.13726 -0.08555
-0.57114 0.08238 -0.25079
-0.64004 -0.12698 -0.36919
0.14374 -0.44322 -0.36383
-0.73472 -0.15624 0.02098
-0.40795 -0.13722 0.01713
0.75003 -0.48296 -0.08779
0.73473 -0.13722 0.22814
0.18071 0.58575 0.33237
-0.66361 -0.13719 -0.16391
-0.48664 0.36378 -0.01051
0.18517 -0.28381 0.33237
-0.16734 -0.36302 0.33234
-0.42811 0.85229 0.21840
0.41997 0.24764 0.33237
-0.40681 0.03702 -0.27644
-0.35009 0.78288 -0.04912
-0.09215 -0.21920 0.33234
0.31886 -0.13722 -0.30702
-0.75856 -0.36192 0.15732
0.37018 0.29563 0.33237
-0.20427 0.13032 -0.22369
0.15957 0.47098 -0.06800
0.25387 -0.31587 0.33237
-0.67706 -0.31664 -0.34319
-0.40622 -0.13722 -0.22024
-0.42078 0.45363 0.14722
-0.58192 0.19321 0.01638
0.14852 -0.01207 0.33237
0.74358 -0.30183 -0.20641
-0.29223 0.84998 0.33237
0.47187 0.12240 -0.22816
-0.59786 0.16469 -0.15604
-0.23683 -0.24161 0.33234
0.39310 0.59807 -0.04912
0.11297 -0.35479 -0.34319
0.66215 0.02278 -0.25670
0.03677 0.75685 -0.04912
-0.73273 -0.20538 -0.07972
0.52907 -0.40234 -0.34121
-0.24627 -0.30786 -0.36704
-0.30272 0.67475 0.33237
0.05486 -0.28888 0.33237
0.69335 -0.13722 -0.22031
0.14884 0.31510 0.33237
0.57981 -0.13722 0.26244
-0.28015 -0.24681 -0.34319
0.05985 -0.31067 -0.36704
0.31957 -0.13722 -0.11449
0.70787 -0.33386 -0.34121
-0.75856 -0.26811 0.21868
0.35096 -0.04925 -0.32523
-0.11249 0.48454 0.33237
-0.30869 0.06925 -0.25822
0.36964 -0.13722 -0.36914
-0.37377 0.77908 0.33237
-0.59595 -0.13719 0.05998
0.27021 -0.17696 -0.36473
-0.31935 -0.13921 0.29603
0.70380 -0.13726 0.06752
0.38774 -0.13722 -0.13459
0.25383 0.43124 -0.03675
-0.56511 -0.13719 -0.32346
-0.06625 0.47494 -0.04912
-0.19456 -0.07815 -0.34158
-0.47885 0.37773 0.24394
0.01062 -0.13719 0.01107
0.05493 -0.36175 0.33234
-0.22690 -0.13722 0.00836
0.46036 -0.02723 -0.31278
0.05799 -0.13722 0.16448
-0.73472 -0.24429 -0.14114
0.71974 -0.30479 0.28673
-0.75626 -0.11887 0.10614
0.29510 0.36089 -0.09329
0.19408 -0.33442 -0.34319
-0.34789 0.45332 -0.04912
-0.42078 0.46078 0.27653
0.32863 -0.48296 -0.35949
-0.57043 -0.21776 0.33036
-0.13269 -0.13719 -0.12484
-0.08228 0.85229 0.26606
-0.07990 -0.13726 0.15889
-0.16073 0.32689 0.33237
0.57144 0.18516 0.27231
-0.73472 -0.46388 -0.26565
0.16417 -0.13719 -0.25353
0.25866 -0.13921 0.08592
0.33860 0.65895 -0.04912
-0.48272 -0.13719 0.08823
-0.34860 0.07009 0.33237
0.74358 -0.33306 -0.08161
0.60417 -0.27272 -0.34121
-0.07851 -0.36236 -0.34319
-0.48277 -0.13921 -0.10261
0.48122 -0.13722 -0.04835
-0.39050 0.84829 -0.04912
0.71775 -0.32665 0.10027
-0.76437 -0.44693 -0.10250
-0.30118 0.38024 -0.08235
-0.26746 -0.13722 -0.07314
-0.60759 -0.12639 0.33237
-0.44462 0.54224 0.16767
0.39112 0.17657 -0.19753
-0.75856 -0.15436 -0.30023
0.02576 0.56016 -0.04912
-0.45239 -0.13719 0.32754
0.37702 -0.16847 0.33234
-0.45535 0.47098 0.17375
0.08160 -0.13722 -0.26777
0.14539 -0.28405 -0.36704
0.04308 0.36246 0.33237
0.09281 0.35178 0.33237
0.03890 -0.40393 -0.36704
0.74487 -0.44322 -0.28483
0.53505 -0.44625 -0.34319
0.68841 -0.13722 0.29455
0.74143 -0.13722 -0.07566
-0.55720 0.22917 -0.16778
-0.00255 -0.13726 -0.18425
0.14413 0.85229 0.31756
-0.25979 0.36817 0.33237
0.15378 0.44447 0.33237
-0.71463 -0.04435 -0.10969
0.53376 -0.13719 -0.20143
-0.26577 0.46007 -0.02528
0.48688 -0.13726 0.02474
0.48121 0.34669 0.03155
-0.60147 0.15823 0.21878
-0.44462 0.83483 0.10343
-0.19210 -0.39740 -0.34121
-0.63287 0.10200 -0.01051
-0.75856 -0.21501 0.18010
0.71974 -0.38870 -0.01204
0.51269 0.29033 0.08589
0.04028 0.12227 0.33237
-0.75679 -0.44322 -0.20824
0.42964 0.76168 0.19475
0.25069 -0.13722 -0.24002
0.43412 -0.13722 -0.34290
0.75346 -0.48296 0.09343
0.63663 -0.19220 0.33036
-0.29439 0.78405 -0.04912
-0.32431 -0.13722 0.18530
-0.44462 0.78374 0.14021
0.08463 -0.44481 -0.37186
-0.50396 -0.13722 -0.16796
0.71974 -0.39638 0.11693
-0.34035 -0.13722 -0.09385
0.10195 -0.00190 0.33237
-0.73273 -0.38778 -0.15274
-0.20523 -0.13722 -0.31590
-0.61794 -0.19068 0.33237
0.37757 0.45477 -0.08619
-0.55600 -0.13722 0.18314
0.36433 -0.40331 -0.36704
0.38875 0.50930 -0.04912
0.31419 -0.37729 0.33237
0.14310 0.09802 0.33237
0.24730 0.40743 0.33237
-0.55917 0.23394 0.10874
-0.17133 -0.33607 -0.34319
0.74054 -0.48296 -0.13061
-0.44462 0.67375 0.26996
-0.73273 -0.36362 0.21038
0.33014 0.41578 0.33237
-0.64355 -0.42512 -0.34319
0.71775 -0.17433 -0.27986
0.52334 0.27127 0.25613
0.13721 -0.31959 -0.34121
0.54224 -0.13921 -0.14102
-0.11485 0.43870 -0.06046
0.31257 -0.23263 -0.34319
0.73588 -0.25905 -0.35934
-0.48090 -0.06912 -0.33647
-0.48950 0.46465 0.25344
-0.50793 -0.15626 -0.36704
-0.37065 -0.13719 0.22543
-0.51659 -0.46909 -0.40604
0.42964 0.80949 0.33037
0.18342 0.08094 -0.25161
0.42964 0.54502 0.12099
0.28840 -0.25982 0.33234
-0.73273 -0.32745 -0.09335
-0.52674 0.21834 0.33237
0.15620 0.72807 -0.04912
0.14138 -0.39135 -0.34319
0.42964 0.48942 -0.01217
0.63240 -0.13921 0.08709
0.71295 -0.21353 0.33237
-0.75856 -0.30444 0.05891
-0.51052 -0.01974 0.33237
0.05204 0.43420 -0.05468
-0.31247 0.75687 0.33237
0.36578 -0.13722 -0.25831
-0.30733 -0.13719 -0.26000
-0.44462 0.71016 -0.01921
0.71974 -0.15682 -0.21517
-0.52841 0.28572 -0.13580
0.60162 0.13113 0.12741
0.51466 -0.14987 0.33237
-0.44462 0.70771 0.07882
0.74358 -0.21855 -0.22525
0.09417 -0.21188 0.33234
-0.01580 0.85216 -0.04912
0.74358 -0.40091 0.29581
-0.48798 -0.44322 -0.36247
0.00995 0.85229 0.29420
0.50572 -0.13921 0.28063
0.44037 -0.40926 -0.36704
-0.72631 -0.10567 0.33237
0.63228 0.07625 0.11129
-0.04808 0.79903 0.33237
0.30744 0.10494 0.33237
-0.00496 0.47931 -0.04912
0.13840 0.16057 -0.20658
0.44018 0.42014 0.27357
-0.10448 0.23612 0.33237
-0.10436 -0.07658 -0.34069
-0.57896 -0.27700 -0.34319
-0.33675 -0.13726 0.09485
-0.55747 -0.30760 0.33036
-0.43548 0.17554 -0.19811
-0.22330 -0.15609 0.33234
-0.44710 0.43455 -0.02373
0.54004 -0.13719 -0.25016
0.50276 -0.13719 0.11070
-0.44462 0.74733 0.31136
-0.41797 -0.31311 0.33234
0.71974 -0.45384 0.06947
0.19198 -0.45279 -0.34319
0.13472 -0.16087 0.33237
-0.58594 -0.32449 -0.34319
-0.68422 0.01008 -0.26257
0.00333 -0.16884 -0.37873
0.47591 -0.13719 -0.21772
0.73908 -0.17696 0.20031
-0.62460 0.11681 -0.08437
0.59056 0.08742 -0.24794
0.73865 -0.48296 0.13341
-0.45041 -0.13144 -0.37171
0.76072 -0.48296 -0.24164
-0.55975 -0.13921 -0.08936
-0.31335 -0.21173 0.33237
-0.51598 0.31125 0.20518
0.22948 -0.22196 0.33036
-0.35141 -0.48296 -0.39089
-0.05090 0.85229 0.09922
0.56487 0.10072 0.33237
-0.36083 0.85229 0.08228
0.68049 -0.14445 0.33234
-0.75096 -0.38886 -0.34319
0.71974 -0.24387 -0.08684
0.71775 -0.16190 0.12572
-0.66252 -0.24325 -0.34319
0.10767 0.74530 -0.04912
-0.21446 -0.27183 -0.34319
-0.18797 0.03630 -0.27685
-0.46880 -0.13722 0.23451
-0.74317 -0.09543 0.01071
-0.14128 -0.13921 -0.20836
0.71974 -0.35813 -0.30802
-0.43816 -0.13921 0.13974
-0.73472 -0.22623 0.06337
-0.44462 0.56654 0.21147
-0.18970 0.45702 0.33237
-0.73472 -0.47645 -0.03560
0.54464 -0.33782 -0.34319
0.25120 -0.00097 -0.29793
-0.31889 0.15411 -0.21023
0.11660 0.06687 0.33237
0.34906 0.78456 -0.04912
-0.71373 -0.16455 -0.38807
-0.44639 -0.29892 -0.34319
0.29376 -0.15389 0.33234
0.68758 -0.07930 0.33237
0.74058 -0.11762 0.30289
0.51916 -0.07426 0.33237
0.26968 -0.25749 -0.34319
0.69052 -0.02801 -0.23175
-0.06962 -0.36701 0.33234
0.43566 -0.23077 -0.34319
0.45239 -0.13719 -0.26263
-0.17628 -0.13722 0.23274
0.71974 -0.38296 -0.27536
-0.75414 -0.13722 0.20648
0.45149 -0.09436 -0.35075
0.03052 -0.44322 -0.36136
-0.69502 -0.33536 0.33234
0.72738 -0.13722 -0.11903
-0.02099 -0.05035 0.33237
0.61225 -0.22537 -0.34121
0.61027 0.11566 0.21804
-0.74496 -0.44322 -0.33332
0.39254 -0.13719 -0.17451
0.40096 0.43124 -0.02721
0.36099 0.29479 -0.13068
-0.31117 0.24403 0.33237
0.71974 -0.40912 -0.11766
0.38974 0.08212 -0.25094
0.44137 0.38277 -0.08092
0.73255 -0.13722 -0.24392
-0.37785 -0.14643 -0.34319
-0.31843 -0.13719 -0.19836
-0.73273 -0.38730 -0.29084
0.21123 -0.31427 0.33234
0.28879 -0.03080 -0.31480
-0.40633 -0.13722 0.10531
-0.43322 0.23158 -0.16642
-0.80504 -0.14266 -0.11489
-0.41363 0.69697 -0.04912
0.01414 0.61163 -0.04912
0.09163 0.09544 -0.24341
0.09743 -0.20660 -0.34121
0.71775 -0.34952 -0.04748
0.14206 0.39316 -0.07504
-0.43106 -0.13722 -0.10263
-0.00257 -0.36849 0.33036
0.19107 -0.19686 0.33237
0.49077 0.25813 0.33237
-0.05120 0.77490 -0.04912
-0.71352 -0.13921 -0.01309
0.74358 -0.25911 0.12439
-0.50053 -0.13726 0.25904
0.42372 -0.13726 0.28286
0.41959 -0.17331 0.33237
-0.42205 0.59844 -0.04912
0.56782 -0.04714 0.33237
-0.08136 0.02274 0.33237
0.21015 -0.13726 0.16082
-0.21302 0.74725 0.33237
0.42964 0.80863 -0.00538
-0.07674 0.42360 -0.05783
-0.75856 -0.26802 -0.21826
-0.67226 -0.13722 0.21268
-0.48085 0.37414 0.10732
-0.62419 -0.34109 -0.34319
0.61040 -0.13722 0.16753
-0.70086 -0.01969 -0.30426
0.13134 0.35033 -0.09927
0.43494 -0.13719 -0.05336
-0.73472 -0.39550 0.08515
0.42964 0.82570 0.03748
-0.67958 -0.48296 -0.38612
-0.63080 -0.13726 -0.09049
0.42964 0.70848 0.04741
-0.21154 -0.35189 -0.34121
0.43801 0.47098 0.03352
0.64680 -0.13921 0.29365
0.27904 -0.13719 0.01586
0.25470 0.85229 0.30547
-0.25936 0.43500 -0.05495
-0.33409 -0.13722 -0.30366
-0.58468 0.18827 0.25305
0.34387 -0.44841 -0.37583
0.08780 -0.13726 -0.13821
-0.69051 -0.13719 -0.28826
-0.60110 -0.13726 -0.18965
0.67751 -0.07708 -0.34097
0.34407 -0.13722 -0.03921
-0.14237 -0.30496 0.33234
0.55818 0.05981 0.33237
0.42526 -0.04255 -0.32144
0.65617 -0.14120 -0.34319
-0.38097 -0.05458 -0.32825
-0.11170 -0.38780 -0.34319
0.64379 -0.13719 -0.27956
0.64330 0.05575 -0.26585
0.42964 0.46564 0.30027
0.32826 -0.13719 0.26786
0.71775 -0.31196 0.18505
-0.70300 -0.02813 0.33237
0.37510 0.76536 0.33237
0.78902 -0.13722 -0.40107
-0.18708 0.40650 -0.06750
0.02567 -0.07720 0.33237
-0.26991 0.07245 -0.25641
0.74659 -0.44323 0.18810
0.58043 -0.13722 -0.04397
0.75126 -0.44808 -0.07058
-0.32502 -0.33281 -0.34319
0.75462 -0.17006 0.27595
-0.73472 -0.32164 0.23053
0.19646 0.73736 -0.04912
-0.40244 0.49896 -0.04912
0.62574 -0.13722 0.02430
0.33374 -0.16073 -0.34121
0.28400 0.51747 0.33237
-0.31832 0.28559 -0.13588
-0.10853 0.36092 -0.09328
0.21599 0.59829 -0.04912
-0.73273 -0.40503 0.28070
0.76339 -0.13722 0.19353
-0.60304 -0.41385 0.33036
-0.44462 0.56667 0.01429
0.34902 -0.30107 0.33036
0.43661 -0.13921 0.13719
-0.23414 -0.28010 0.33237
-0.57139 0.21206 0.15496
-0.03670 0.85229 0.13509
-0.73472 -0.21068 -0.19093
0.74358 -0.18927 0.04486
-0.07474 -0.44322 -0.34590
0.68708 -0.45059 -0.37832
0.28874 0.85229 0.07623
0.43117 -0.26339 0.33237
-0.29588 -0.28439 0.33234
0.71407 -0.36207 -0.36704
-0.03958 -0.24581 0.33036
0.36907 0.39819 -0.07220
0.31909 0.25370 0.33237
-0.56341 -0.37981 -0.36704
-0.76564 -0.48296 0.15793
-0.78029 -0.13722 -0.07267
0.74428 -0.12424 0.16268
0.55298 0.21821 0.10656
0.76437 -0.45553 0.25631
-0.44462 0.49647 -0.03790
0.65625 -0.13722 -0.06109
-0.39429 -0.36178 0.33234
-0.01814 -0.31202 -0.34319
-0.72126 -0.28065 -0.36704
0.74358 -0.26441 -0.21429
0.74358 -0.37268 0.24292
0.65730 0.03146 0.01779
0.22319 0.46895 -0.04912
0.57578 0.17740 0.14190
0.52887 -0.13722 0.21319
-0.17383 0.44365 -0.07016
0.42188 0.35246 0.33237
-0.11919 -0.13726 -0.32478
-0.37186 -0.13921 -0.31210
-0.36924 -0.38772 -0.34319
0.77817 -0.46423 -0.30400
0.38956 0.66660 0.33237
0.74358 -0.35209 -0.13310
-0.63185 -0.05751 0.33237
0.27256 -0.42599 -0.36704
0.40661 0.56020 -0.04912
0.38661 -0.13722 -0.33528
-0.30507 -0.13722 0.01532
0.70421 -0.13722 -0.40971
-0.44462 0.61426 0.20748
0.15057 -0.13719 0.17401
0.72746 -0.09413 0.04014
-0.48513 -0.35087 -0.34319
0.01395 -0.13722 0.12748
-0.48853 0.01567 -0.28852
0.28159 0.43976 -0.06088
0.21629 -0.38738 0.33036
-0.80407 -0.13722 -0.32119
-0.12408 0.66517 0.33237
-0.32369 0.85229 0.11561
-0.48076 -0.35183 0.33234
-0.40503 0.14561 0.33237
0.71974 -0.25023 -0.29181
0.71974 -0.23820 0.29388
-0.03935 -0.48296 -0.37142
0.70391 -0.13726 0.16354
0.13675 -0.25292 -0.34319
0.09882 -0.13719 0.05867
-0.04603 0.04645 0.33237
-0.33562 -0.21120 -0.34319
-0.21749 -0.13719 -0.15318
-0.00465 -0.13921 0.27997
0.37572 0.85229 0.33193
-0.75856 -0.43464 0.15303
-0.73472 -0.28220 -0.14402
0.30124 -0.02872 0.33237
0.67743 -0.00458 0.14308
0.01751 -0.22784 0.33234
0.42964 0.64426 0.22106
-0.44683 -0.18513 0.33234
0.74358 -0.41031 -0.20957
0.71625 -0.07406 -0.28304
0.34299 -0.16560 -0.38509
0.10724 0.16551 0.33237
0.45450 0.47098 0.21953
-0.25195 -0.13726 -0.25625
0.55585 -0.46020 -0.39666
-0.66186 -0.24615 0.33234
0.15178 -0.20780 -0.34319
-0.38112 0.62663 0.33237
-0.32470 0.16505 0.33237
-0.41500 -0.47317 -0.34319
-0.12703 -0.13719 0.25837
0.48026 0.34839 0.32576
-0.48929 -0.30797 -0.34319
-0.72115 -0.13722 -0.18304
-0.02946 0.54902 -0.04912
-0.75856 -0.33639 -0.01904
0.55295 -0.23084 0.33237
0.11099 0.62428 -0.04912
0.40755 -0.17226 -0.37297
-0.19180 -0.23137 -0.36704
0.69972 -0.41294 -0.34319
-0.02550 -0.13722 0.00318
-0.45332 -0.32397 0.33036
-0.15707 -0.41117 0.33036
0.45757 0.47098 -0.05025
-0.76083 -0.44322 0.21706
-0.39317 0.67540 0.33237
0.01452 -0.34385 -0.34319
-0.63596 -0.13726 0.13405
-0.47925 -0.20193 -0.34319
0.71974 -0.35770 0.05700
-0.77303 -0.48296 0.11303
0.08795 -0.13722 0.13148
-0.23139 0.44670 -0.02528
0.74358 -0.29058 0.31102
0.40981 -0.13921 -0.00825
-0.73472 -0.25552 -0.26745
-0.06859 0.07877 -0.25284
-0.79387 -0.13722 -0.18868
0.71775 -0.30309 -0.02604
-0.34028 0.79430 0.33237
0.43611 -0.44322 -0.35365
0.58564 -0.12794 -0.36973
-0.43405 -0.13921 0.29610
-0.75854 -0.48296 -0.24523
-0.41780 0.39122 0.33237
-0.07113 -0.10329 -0.35579
-0.72673 -0.39058 0.33234
-0.70153 -0.02090 -0.07173
0.69462 -0.27203 0.33036
-0.73472 -0.23148 -0.00630
-0.15177 0.44239 0.33237
-0.00092 -0.13722 -0.39678
0.35650 0.03765 0.33237
0.71974 -0.45612 -0.33339
0.28535 -0.13726 0.06465
0.05809 -0.15960 -0.34121
0.51623 -0.42599 -0.36704
0.07042 -0.20514 -0.36704
-0.73496 -0.23612 -0.34319
0.59761 -0.13726 0.11425
0.73834 -0.13722 0.05698
-0.53768 0.27241 0.29955
0.45630 -0.23709 0.33234
0.41285 -0.13722 -0.19918
-0.08050 -0.13722 0.12255
-0.34189 -0.38445 -0.36704
0.28158 -0.13921 -0.26648
0.66870 -0.13726 0.01984
0.62927 -0.13722 -0.19207
0.58549 -0.27189 0.33036
0.19855 -0.37395 -0.34319
0.46741 -0.13921 -0.14869
0.59916 -0.16686 -0.37987
0.34517 -0.22640 0.33237
-0.54405 0.26102 0.26348
-0.32452 0.47098 -0.07044
0.28877 -0.34493 0.33234
0.64995 -0.13719 0.22414
-0.39692 -0.25152 -0.36704
-0.53190 -0.13921 -0.24863
-0.71274 -0.13921 -0.11664
0.47200 -0.13921 0.19039
-0.20199 0.85229 0.00303
-0.09076 0.62075 0.33237
-0.75856 -0.13765 0.03735
-0.73273 -0.29513 0.02637
0.56390 -0.06601 -0.33471
-0.73472 -0.33421 -0.29673
-0.27746 -0.38413 -0.34319
-0.41671 -0.13719 0.17656
-0.58401 -0.13722 -0.11519
-0.36712 0.29465 -0.13075
-0.07592 -0.13726 0.01944
0.51378 -0.13719 -0.11439
0.72160 -0.44322 -0.00707
0.73851 -0.48296 -0.39985
-0.39203 0.44041 0.33237
0.08028 -0.13722 -0.36642
0.74358 -0.23035 -0.02415
-0.30464 0.03420 -0.27804
-0.73472 -0.37062 -0.20706
0.18339 0.74796 0.33237
-0.06504 0.11182 0.33237
0.24187 0.14825 0.33237
-0.44830 0.47098 0.20891
0.71974 -0.24708 0.03949
-0.75856 -0.31413 -0.31569
-0.54619 0.11019 -0.23507
-0.05230 -0.17104 -0.34319
0.24462 -0.13722 0.27375
0.74358 -0.17534 -0.11691
-0.66619 -0.17696 -0.34924
-0.07375 -0.13726 -0.05760
0.43413 0.01558 -0.28857
0.02851 0.44744 -0.02528
-0.52977 -0.40835 0.33036
0.71974 -0.17560 0.16721
-0.71214 -0.11804 -0.36414
-0.62105 0.12317 -0.14169
-0.49446 -0.13722 -0.05355
0.65142 -0.37200 0.33234
0.03582 -0.29791 -0.34121
-0.73472 -0.15493 -0.14647
-0.15084 -0.16370 -0.39009
-0.00305 -0.13722 -0.06906
-0.31003 -0.13722 -0.36260
0.40669 0.48448 0.33237
-0.73472 -0.34560 -0.18146
-0.63472 -0.14793 -0.34121
-0.68570 -0.13719 0.04357
0.43751 -0.13722 0.07631
0.45004 0.07782 -0.25338
0.03504 -0.13722 -0.17377
-0.29024 -0.18504 0.33234
0.52286 -0.34456 0.33234
-0.75715 -0.48296 -0.18026
0.11029 -0.32041 -0.36704
-0.63583 0.09671 0.16754
-0.23939 -0.38502 0.33237
0.62161 -0.39915 -0.34319
-0.71660 -0.13722 0.15105
-0.51348 0.06444 -0.26094
-0.40307 -0.13722 0.13839
0.74358 -0.29949 0.26143
0.17444 0.44531 -0.04912
-0.39567 -0.13726 0.30320
0.71269 -0.33560 0.33234
-0.14969 -0.16887 0.33237
-0.41744 0.09689 0.33237
-0.03794 -0.37779 -0.34319
0.71775 -0.38582 0.27355
0.46363 0.37816 -0.03422
0.46795 -0.35340 -0.34319
-0.45455 0.43703 0.15240
0.71974 -0.19612 0.26209
-0.63048 -0.04511 -0.32289
0.07287 0.85229 0.27795
-0.43117 -0.27841 -0.36704
-0.72975 -0.07142 -0.09158
-0.55836 0.23540 0.17745
-0.07819 0.85229 0.18066
-0.47265 -0.13921 -0.13602
-0.77529 -0.16600 -0.35054
-0.15313 0.64920 -0.04912
-0.30033 -0.13719 0.21887
0.71974 -0.40546 0.02852
0.31006 0.80859 -0.04912
0.04804 -0.13722 -0.27706
0.73969 -0.13722 -0.04088
-0.02276 -0.27140 -0.34319
0.12616 0.41011 0.33237
-0.54247 0.26384 0.03581
0.62325 -0.15283 -0.34319
0.48245 -0.12350 0.33237
0.50003 -0.12860 -0.37011
-0.06240 0.72912 0.33237
0.10122 0.58631 -0.04912
-0.69403 -0.43573 -0.36704
0.33684 -0.13719 -0.22306
0.35554 0.47098 -0.04276
0.16190 -0.13722 0.05253
-0.35688 -0.13726 -0.12435
0.33375 -0.13921 0.00493
0.11121 -0.13722 -0.32646
-0.68181 0.01440 -0.12241
-0.46932 -0.13921 -0.19280
-0.01261 0.79438 0.33237
-0.41335 -0.01877 0.33237
0.54095 -0.29824 0.33234
-0.37383 -0.31797 0.33036
-0.73273 -0.25193 -0.04354
0.24860 -0.40108 -0.36704
0.02932 0.25456 0.33237
0.10259 0.58158 0.33237
-0.07021 -0.13726 -0.02259
-0.44462 0.78141 -0.02628
-0.75856 -0.25307 -0.09988
-0.21855 0.85229 0.05204
0.50651 -0.15011 -0.40677
0.47572 0.47098 0.29058
0.25912 0.11748 0.33237
0.14237 -0.13719 -0.18821
0.42964 0.70376 0.30462
-0.72924 -0.13722 0.31030
0.71974 -0.15165 0.09279
-0.19668 -0.13921 -0.03721
0.27706 -0.46090 -0.39764
-0.27414 0.20662 -0.18053
-0.75856 -0.38148 -0.10355
0.46198 -0.21899 -0.36704
0.25346 -0.14204 -0.34319
-0.11815 -0.23889 -0.36704
-0.30456 -0.13719 -0.08828
0.77320 -0.46020 0.04763
0.39632 -0.13722 0.07890
0.71974 -0.43194 0.17000
0.12928 0.52683 0.33237
-0.50545 -0.13722 0.13470
-0.13324 -0.41524 -0.36704
0.71974 -0.27369 -0.18186
0.32465 -0.13722 -0.37010
-0.20291 0.54418 -0.04912
0.71775 -0.18622 0.30607
-0.59154 -0.29494 0.33237
-0.26891 0.15417 -0.21020
-0.11183 -0.45578 -0.34319
0.67537 -0.00089 -0.01732
0.70499 -0.05392 0.02463
-0.19814 -0.13726 -0.19450
0.11968 -0.13722 0.27252
-0.73273 -0.26646 0.31045
-0.47758 -0.08992 0.33237
0.76944 -0.16230 -0.38332
-0.73273 -0.31480 -0.01360
-0.32762 -0.13921 -0.13448
0.32748 -0.13722 0.11455
-0.50966 -0.14624 -0.40933
0.63050 -0.02517 -0.31161
0.18072 -0.25029 -0.34319
0.25692 0.46314 -0.02528
