0.45660 0.00196 0.70381
0.34952 -0.19959 0.01202
0.12388 -0.02923 0.75492
-0.14228 0.63415 0.18242
-0.52753 0.20557 -0.81738
0.41076 0.20267 -0.83237
-0.37938 -0.03060 -0.02685
-0.52753 0.21272 0.75155
-0.08873 -0.19959 -0.63267
0.53067 0.21947 -0.08076
0.23063 -0.19959 -0.61975
-0.32606 -0.19959 0.50330
-0.01011 0.16992 -0.75830
-0.52636 0.22369 -0.34263
-0.37938 -0.09188 -0.55926
0.45660 0.03729 -0.44076
-0.41074 0.65332 0.20790
-0.52753 0.21621 0.27613
-0.06473 -0.19959 -0.17551
0.10280 -0.19959 0.40364
0.53067 0.22329 0.38433
-0.30193 -0.00475 0.75492
-0.10637 0.22369 0.76180
0.33755 -0.19959 -0.46774
0.53067 0.20659 0.82202
0.45660 -0.12682 0.30604
-0.08436 -0.19959 -0.75816
0.53065 0.22369 -0.47467
-0.19590 -0.19959 0.17357
-0.37938 -0.01498 0.30244
0.25156 0.22211 0.82900
0.44863 -0.05283 -0.75830
0.28773 -0.19959 0.61769
-0.10211 -0.19959 0.66300
-0.37938 0.03464 -0.24982
0.45660 0.06613 0.03100
-0.37938 -0.18215 -0.25659
-0.30535 0.05940 -0.75830
-0.46739 0.22369 -0.01280
-0.37938 0.10544 0.58940
0.11957 -0.19959 0.11149
0.09729 -0.19959 -0.35390
-0.42465 0.44719 0.17009
0.43000 -0.19959 -0.28177
-0.21868 -0.19959 -0.41484
0.53067 0.20788 0.60980
0.45660 0.06881 -0.22758
0.15778 -0.03592 -0.75830
-0.39238 0.22369 -0.59574
0.18369 -0.19959 0.25838
-0.21835 -0.19959 -0.64302
0.45660 0.09708 0.47392
-0.28552 0.22369 0.75590
0.18252 -0.19959 -0.20165
0.20762 0.22091 -0.75830
-0.11244 0.09593 0.75492
-0.48109 0.22369 0.48519
0.35605 -0.03511 0.75492
-0.27755 -0.19959 -0.05665
0.53067 0.20624 0.16723
-0.06466 -0.19959 0.43443
0.45660 0.12770 -0.62821
-0.37938 0.16412 0.13042
-0.32236 -0.18658 -0.75830
-0.20476 0.22369 -0.83140
0.45660 -0.15035 0.53978
0.06701 -0.19959 0.61719
-0.29307 -0.19959 0.71918
0.14423 -0.19959 -0.59294
0.45660 -0.17773 -0.58636
0.45660 0.08564 0.25648
-0.37938 -0.09199 0.60985
-0.37938 0.11113 -0.45127
0.36771 -0.19959 0.41523
-0.29203 0.49916 0.17894
0.53067 0.20604 -0.29706
0.45660 -0.10442 -0.04738
0.45660 0.13130 -0.01900
0.40948 0.17646 0.75492
0.10590 0.13073 0.75492
-0.34223 -0.19959 0.20857
0.50762 0.21139 -0.83237
-0.43956 0.22369 -0.22774
-0.37938 -0.05156 -0.17350
0.08313 -0.19959 -0.03109
-0.41757 0.33637 0.17756
0.37972 -0.19959 0.17453
0.18099 -0.19959 0.01161
-0.08564 0.00199 -0.75830
-0.37938 0.07725 -0.65673
0.45660 0.10698 -0.42488
0.23980 -0.19959 0.73242
0.34195 -0.16837 -0.75830
0.45660 -0.19355 0.74462
-0.05695 -0.09190 0.75492
-0.06913 -0.19959 0.03979
-0.37938 0.17680 0.34978
-0.37938 -0.07548 0.12988
0.18701 -0.19959 -0.39822
0.45660 -0.16694 -0.10277
-0.05061 -0.19959 -0.45599
0.38053 0.10704 -0.75830
0.47452 0.22369 -0.28590
-0.37938 0.18995 0.67394
-0.37938 0.11982 -0.07159
-0.37938 -0.03350 -0.38143
0.00013 -0.07688 -0.75830
-0.23183 -0.19959 0.35632
-0.37938 -0.16779 -0.42906
0.45660 -0.14213 -0.43262
0.45660 -0.10715 0.13372
-0.00217 -0.19959 0.21775
-0.37938 -0.09638 0.43985
0.13667 -0.19959 -0.75421
-0.48242 0.53036 0.17021
0.18459 -0.19959 -0.34381
0.51091 0.22369 -0.64772
0.45660 -0.06191 0.63800
-0.25557 -0.19959 0.58967
-0.37938 0.12355 -0.71943
0.45660 0.13139 0.64918
0.19596 -0.19959 0.49766
-0.52721 0.22369 -0.50167
0.53067 0.21923 0.51044
0.34791 -0.19959 -0.15444
-0.19683 -0.19959 0.53078
-0.37938 0.15930 -0.28678
0.04963 0.22002 0.82900
-0.36732 0.20547 -0.83237
0.45660 -0.09718 -0.43457
-0.37938 -0.10816 -0.71145
-0.20140 -0.08003 -0.75830
-0.18185 -0.19959 -0.56905
0.45660 -0.01736 -0.14163
-0.22163 -0.19959 -0.20832
-0.37938 -0.15778 0.26707
0.06409 0.22274 -0.83237
-0.18452 0.11133 0.75492
-0.21256 0.12959 -0.75830
-0.34267 -0.19959 -0.62306
-0.37938 -0.14588 -0.11020
-0.16108 -0.07574 0.75492
0.45660 0.13871 0.44526
0.05272 -0.17449 0.75492
0.17961 0.07173 -0.75830
-0.02996 -0.19959 -0.29644
0.45660 -0.07956 -0.68357
-0.52753 0.20361 0.13644
-0.20497 -0.19959 0.71904
0.00796 -0.19959 -0.67049
-0.37938 0.06293 0.43915
-0.41484 0.22369 0.62258
0.28614 0.21686 -0.83237
0.33958 0.18957 0.75492
0.51769 0.22369 0.75469
0.05498 -0.19959 -0.22052
0.13396 0.19211 0.75492
-0.36329 -0.19959 0.03438
-0.49774 0.58037 0.19653
0.45660 -0.05559 -0.29472
0.32682 -0.19959 0.29956
-0.37938 0.07671 0.21104
0.21085 -0.19959 0.10868
0.05358 -0.19959 0.51187
-0.52753 0.21804 -0.65921
0.45650 -0.19959 -0.69736
-0.33753 0.10302 0.75492
0.31733 -0.19959 -0.61323
0.24512 0.08513 0.75492
-0.51925 0.22369 -0.16255
-0.37938 0.16584 -0.56371
-0.37938 -0.12757 0.72815
0.45660 0.17112 0.15461
0.45660 0.16402 -0.72182
-0.05369 -0.19959 0.57735
0.45660 0.16349 -0.15464
0.03141 -0.19959 -0.50035
-0.39340 0.20645 0.82900
0.25226 -0.17759 -0.75830
0.04284 0.06355 -0.75830
-0.37938 0.21151 -0.40071
0.08080 -0.19095 0.75492
-0.28002 -0.17767 -0.75830
0.42543 -0.19959 -0.55078
0.31337 -0.02013 -0.75830
0.45660 -0.01451 0.38538
0.44964 -0.19959 0.40805
-0.14796 -0.19959 -0.08024
0.01005 0.03194 0.75492
0.22730 -0.11110 0.75492
-0.48683 0.32969 0.23502
-0.30997 -0.19959 -0.17397
0.45660 0.16709 -0.56311
-0.42982 0.22369 -0.71438
0.09429 -0.15012 -0.75830
0.48488 0.22369 0.04893
-0.37938 0.13778 0.05361
-0.38106 0.45864 0.23842
0.05064 -0.19959 0.00759
0.45660 0.00506 -0.56872
0.45660 -0.05911 0.45608
0.30408 0.08587 0.75492
0.42314 -0.19959 0.61491
-0.11450 0.22369 -0.75943
0.45028 0.05197 0.75492
-0.37938 0.01381 0.68472
-0.29942 -0.19959 -0.47930
-0.36188 -0.19959 0.36598
-0.21303 0.58385 0.22985
-0.00245 -0.19959 0.32480
-0.18701 0.20468 0.82900
-0.52753 0.20856 0.59413
0.45660 0.20051 0.32579
-0.22882 -0.10023 0.75492
0.24173 -0.19959 -0.54241
0.40219 0.21769 0.82900
0.45660 0.02882 0.14006
0.32073 -0.19959 -0.31286
-0.01704 0.18048 0.75492
0.45660 -0.19355 0.07714
-0.38738 0.22369 0.22584
0.22199 -0.19959 -0.10528
0.27634 -0.19959 0.50027
-0.29052 -0.19959 0.06269
0.37250 -0.14976 0.75492
0.10963 0.16706 -0.75830
-0.37938 0.01713 -0.53526
-0.13704 -0.19959 0.27188
0.45660 0.01480 0.55747
0.21806 -0.19959 0.36590
-0.38362 0.22369 0.46576
-0.40708 0.22369 -0.12173
-0.37938 0.08912 0.67597
0.45660 -0.15804 -0.75785
-0.37938 0.00144 -0.07597
-0.18662 0.03488 -0.75830
-0.23272 0.15935 0.75492
-0.37938 0.02372 0.07748
0.45660 0.05528 -0.33333
-0.16401 0.15663 0.75492
0.45660 0.14375 0.57621
-0.09113 -0.19959 -0.58704
0.32179 -0.19959 -0.68231
-0.37938 0.03800 -0.29347
-0.52753 0.21846 0.39327
-0.37938 -0.01886 0.51832
-0.34405 -0.19959 -0.34100
-0.37938 0.18151 -0.16951
-0.37938 -0.19597 0.63254
0.07252 -0.19959 -0.12305
-0.17657 -0.19959 -0.28849
0.28888 -0.19959 0.17461
-0.08026 -0.19959 0.15073
-0.41596 0.22369 0.07541
-0.37938 -0.02744 0.25530
0.45660 0.04982 -0.74755
0.27155 -0.00350 0.75492
-0.04610 -0.19309 0.75492
-0.12690 -0.19959 -0.36079
-0.17259 -0.19959 0.05722
0.45660 -0.04421 0.26688
0.45660 -0.19890 -0.02759
-0.33080 0.19884 -0.75830
0.18361 -0.19959 0.62292
-0.32454 -0.19959 0.39147
0.45660 0.04160 0.34136
-0.37938 -0.04144 0.72231
-0.04354 -0.19959 -0.09004
-0.37938 -0.09022 -0.20830
-0.24939 -0.19959 0.47888
0.49938 0.22369 -0.18232
0.30122 -0.19959 -0.35006
-0.37938 -0.05800 -0.45448
0.06870 -0.19959 0.30165
0.45660 -0.04776 0.04675
0.45786 0.22369 0.67991
0.41750 -0.19959 0.28615
-0.10223 -0.12132 -0.75830
0.45660 0.08164 -0.12084
0.07863 -0.19959 -0.60580
-0.34326 0.54058 0.22376
-0.33019 -0.04738 -0.75830
-0.37938 -0.06227 -0.27943
0.45660 -0.08017 0.75322
0.08713 -0.04520 -0.75830
0.51425 0.22369 -0.37487
0.43813 -0.19959 -0.18196
0.35262 -0.19959 0.68929
0.27076 0.15378 -0.75830
0.02062 -0.19959 0.67094
0.28176 -0.19959 -0.01467
-0.44338 0.55360 0.24869
0.18739 -0.19959 -0.67652
0.39246 -0.19959 0.54130
-0.37938 -0.02834 -0.62987
-0.09754 0.11953 -0.75830
-0.51300 0.22369 0.63149
-0.09679 -0.19959 0.28680
0.47005 0.22369 -0.04818
0.40481 -0.19959 -0.36906
-0.37938 0.02191 0.13393
-0.37938 -0.15467 -0.66619
0.26945 0.22369 0.75600
0.45660 0.02503 -0.65918
-0.37938 -0.12761 0.22021
-0.41685 0.57224 0.23081
0.02032 -0.19959 0.10384
0.16391 0.02872 0.75492
0.42570 0.22369 -0.76724
0.14973 -0.19959 0.41982
-0.30467 -0.19959 -0.70915
0.10181 -0.19959 0.17864
-0.47340 0.22369 -0.56995
-0.37938 0.07778 -0.16155
-0.03860 -0.02169 0.75492
-0.16448 -0.19959 0.42541
0.37762 -0.08371 -0.75830
0.02006 -0.19959 -0.38392
0.45660 -0.14917 -0.33691
-0.37938 -0.10037 0.04946
-0.37938 -0.15241 -0.17544
-0.44545 0.22369 0.74030
0.14541 -0.19959 -0.49050
-0.00858 -0.14243 -0.75830
-0.14579 0.03240 0.75492
-0.19875 0.57916 0.15561
0.45660 0.15604 0.07206
0.45660 0.14363 -0.11683
-0.36745 -0.19959 0.12487
0.45660 -0.12633 -0.52419
-0.37938 -0.12961 -0.33647
-0.37938 0.16822 0.60605
-0.47040 0.26982 0.16301
-0.19026 -0.19959 -0.73298
0.45660 0.19688 -0.49047
-0.37938 0.13311 0.50721
0.52062 0.22369 0.26407
-0.29177 -0.19959 0.29670
-0.37938 0.01706 -0.72629
-0.25865 0.21742 -0.75830
0.45660 -0.02690 0.18055
0.14160 -0.19959 0.68880
-0.49105 0.45576 0.22953
-0.37938 -0.15021 0.50182
0.39795 -0.19959 -0.51375
-0.52753 0.20409 -0.06738
-0.29632 -0.19959 -0.27724
0.45660 0.14786 -0.32440
-0.05561 0.22369 -0.83016
0.12184 -0.19959 0.33505
-0.42747 0.22369 -0.32413
-0.12418 -0.19959 0.51061
-0.23126 -0.19959 -0.12950
-0.46839 0.22369 -0.43597
-0.37848 0.19944 0.75492
-0.23358 -0.19959 0.27744
-0.37311 -0.19959 -0.53001
0.38408 0.18584 -0.75830
-0.41052 0.22369 -0.82826
0.45660 -0.10623 -0.16674
0.38312 -0.19959 -0.05600
0.45660 -0.14057 0.21958
0.27889 0.06421 -0.75830
0.45660 -0.13456 0.63846
-0.43117 0.22369 0.35910
-0.14395 -0.19959 -0.46634
0.24496 -0.19959 -0.45547
-0.37938 0.06545 0.33762
-0.38200 0.22369 -0.03289
-0.26097 -0.19959 -0.32746
-0.11585 -0.16036 0.75492
-0.37938 -0.13225 -0.50414
-0.09021 -0.03708 0.75492
0.45660 0.03754 -0.28176
0.45660 0.16449 0.37291
-0.37938 -0.11221 0.55705
0.26895 -0.19959 -0.19489
0.45660 -0.08401 -0.56112
-0.32104 -0.14439 0.75492
-0.42521 0.63192 0.16966
-0.03900 -0.19959 0.48815
-0.34664 0.48220 0.16937
0.16751 -0.13761 0.75492
0.43569 0.20998 0.75492
0.45660 0.08551 -0.50881
-0.27034 -0.19959 -0.55813
0.27449 -0.10549 -0.75830
0.01498 0.22369 0.75718
0.15566 0.21492 -0.83237
0.30131 -0.19959 0.38929
-0.38128 0.22369 -0.25512
-0.20085 -0.19959 0.62254
-0.37938 -0.10429 -0.05726
-0.37938 0.11829 -0.51156
-0.32305 0.10364 -0.75830
0.03546 -0.07292 0.75492
-0.44395 0.40014 0.24876
-0.37938 0.18130 0.00135
0.53067 0.20700 -0.56192
0.16389 0.20538 0.82900
0.30857 -0.19959 0.09004
-0.37938 0.18531 -0.66776
0.05616 -0.19959 -0.30501
-0.37938 0.06559 -0.40968
-0.00826 -0.19959 0.57213
0.45660 -0.04756 -0.07165
-0.37938 0.22226 0.53993
-0.01767 0.09931 0.75492
0.23694 0.00346 -0.75830
-0.52753 0.20891 0.03768
0.11804 0.22369 -0.78916
-0.37938 0.05963 0.01295
-0.37938 -0.01973 0.41792
0.24478 -0.19959 0.21375
-0.37938 -0.10676 0.35754
0.45660 0.04948 0.66353
0.43891 0.12280 -0.75830
0.45660 -0.12787 -0.25464
0.45660 0.20848 0.62651
0.45660 -0.02564 -0.49639
0.45660 -0.05840 0.53527
-0.26011 -0.19959 0.75459
0.45660 0.09960 0.11293
0.50245 0.22369 0.67879
-0.51102 0.20830 0.82900
-0.45156 0.22369 0.27231
-0.22822 -0.19959 -0.70919
0.04647 -0.19522 -0.75830
0.45660 -0.12534 0.37564
-0.18593 0.20884 -0.75830
0.10649 -0.19959 0.06787
0.31775 -0.09738 0.75492
-0.21763 -0.19959 -0.50389
-0.12530 0.20634 -0.83237
-0.22436 0.03578 0.75492
0.38421 -0.19959 0.08973
-0.08830 -0.19959 -0.24777
0.45660 -0.07372 -0.20257
-0.47037 0.38791 0.16300
0.45790 0.22369 0.46590
-0.37938 0.12935 -0.36006
-0.37938 0.10117 -0.59234
0.28334 -0.19959 -0.24084
0.13866 -0.19959 0.57438
-0.05223 -0.19959 -0.37930
0.13018 -0.19959 -0.28201
-0.37938 0.01994 -0.47159
0.45660 0.05549 -0.04879
0.45660 0.01324 0.46839
0.45660 0.19477 -0.64239
0.16522 -0.11746 -0.75830
-0.39678 0.22369 -0.51250
-0.44845 0.22369 0.11316
0.53067 0.20692 -0.75906
-0.47852 0.65332 0.24020
0.45660 0.00014 -0.39578
0.39510 -0.19959 -0.64835
-0.37938 0.05905 0.27707
0.38838 0.00256 -0.75830
-0.24985 -0.19959 0.14779
0.38937 0.08072 0.75492
0.45660 -0.19458 0.15812
0.23058 0.14393 -0.75830
0.32307 0.20791 0.82900
0.16038 -0.19959 -0.06588
0.02587 0.22369 -0.76709
-0.37938 0.05681 0.53659
-0.28616 0.22077 -0.83237
0.45660 0.10830 0.73583
0.02327 -0.19959 -0.04074
0.45660 0.11024 -0.54515
0.20317 -0.19959 -0.25777
0.30998 -0.19959 -0.09169
-0.37938 0.15789 0.41704
-0.10412 -0.19959 0.09297
-0.33534 -0.19959 0.57114
-0.37938 0.11909 0.26247
0.45660 0.17724 -0.41838
0.11498 0.02985 -0.75830
0.06179 -0.19959 -0.42290
0.08117 0.03914 0.75492
0.27353 -0.19959 0.55453
0.45660 -0.12018 -0.68514
-0.08277 -0.19959 0.21123
-0.40975 0.52962 0.19268
-0.13351 -0.19959 -0.01825
-0.37017 -0.19959 0.72113
-0.31257 -0.19959 -0.41988
0.28628 -0.19959 -0.75372
0.45660 0.13640 -0.27044
0.31218 0.20270 -0.75830
0.45660 0.08438 0.38732
-0.37938 0.01929 -0.17612
0.22745 -0.19959 0.06033
0.02772 -0.19959 0.42990
-0.37938 0.13015 -0.21423
0.45660 0.16826 0.25735
0.10333 0.22369 0.79729
0.41959 -0.01715 0.75492
0.45599 -0.19959 0.22123
-0.36329 -0.19959 -0.06972
-0.30545 0.17988 0.75492
-0.37938 0.19287 0.27832
0.41841 -0.19959 0.34331
-0.47388 0.22369 -0.76704
0.29624 -0.16336 0.75492
-0.22368 -0.19959 0.08853
0.45660 -0.10333 0.58900
0.48191 0.22369 -0.12245
-0.26513 0.20432 0.82900
0.46031 0.22369 0.21479
0.08698 -0.19959 -0.69303
0.24460 -0.19959 0.43834
-0.04757 -0.19959 -0.52604
-0.48010 0.22369 0.35766
0.11119 -0.19959 -0.19197
-0.28749 -0.06368 0.75492
0.47547 0.22369 -0.55606
-0.10326 0.18061 0.75492
-0.37938 -0.04829 0.68397
0.19678 0.22369 0.76224
-0.37938 -0.15600 -0.57730
0.45660 0.09510 -0.18677
-0.16170 -0.15160 -0.75830
-0.52515 0.22369 -0.27298
-0.24727 -0.19959 0.40878
-0.16253 -0.19959 -0.14298
0.53067 0.22254 -0.00665
-0.24851 0.11022 -0.75830
0.00461 -0.19959 -0.59473
0.35397 0.22369 -0.80441
0.45660 0.00613 -0.01481
-0.50577 0.22568 0.20917
0.25587 -0.19959 0.29027
-0.27988 -0.19959 -0.62099
0.45688 0.22369 0.53489
0.45660 -0.00577 -0.21336
0.11395 0.10389 -0.75830
-0.20506 -0.19959 -0.04212
-0.12801 -0.19959 0.58344
0.32975 -0.19959 -0.54534
0.45660 -0.14172 0.01705
-0.43937 0.22369 0.53414
0.34078 0.14896 0.75492
-0.37938 0.03358 0.60870
-0.26732 -0.11927 -0.75830
0.18391 -0.19959 0.17729
0.41865 -0.11567 0.75492
0.00274 -0.19959 0.03696
-0.37938 -0.10008 -0.61513
-0.07263 -0.19959 0.35341
-0.37938 0.16283 0.20257
0.47259 0.22369 0.12011
0.48128 0.22369 -0.71126
-0.21795 -0.03785 0.75492
0.45660 -0.00053 0.05720
0.45660 0.10497 0.18146
-0.42621 0.29926 0.24042
0.45660 -0.10940 0.06201
-0.45399 0.22369 0.82523
-0.37938 0.18886 -0.09914
-0.02925 -0.19959 -0.73052
-0.18006 -0.16234 0.75492
-0.41433 0.22369 0.31578
0.45660 0.08633 -0.70110
-0.13646 -0.19959 0.71978
0.35178 -0.19959 -0.41779
-0.37938 -0.01673 -0.25051
-0.29306 -0.19959 0.64988
-0.37938 0.05855 -0.11658
0.45660 -0.19161 0.32928
0.10329 -0.19959 0.67530
0.31177 -0.19959 0.43680
0.12548 -0.19959 0.48507
-0.52753 0.20667 -0.72996
0.18341 0.12118 0.75492
-0.17774 0.10526 -0.75830
-0.03198 -0.19959 0.67545
0.21157 -0.02821 0.75492
-0.37938 -0.18186 -0.73492
-0.37100 0.04048 0.75492
-0.49391 0.32415 0.18483
0.45873 0.22369 0.80910
0.24485 -0.19959 -0.30587
0.45660 -0.14520 0.08734
0.26772 0.13922 0.75492
-0.52251 0.22369 -0.39914
-0.45738 0.22369 0.04853
-0.06300 -0.19959 -0.02260
0.38093 -0.19959 -0.12552
-0.07618 -0.19959 -0.12186
0.18529 -0.19959 0.07404
-0.10206 0.05494 -0.75830
-0.37938 0.15110 0.73332
-0.10880 -0.19959 -0.68567
-0.38214 0.43809 0.19716
-0.06435 0.04273 0.75492
0.36412 -0.19959 -0.26001
-0.02564 0.02414 -0.75830
-0.14409 -0.19959 0.33957
0.04249 0.17133 -0.75830
0.45660 -0.18947 -0.47403
-0.32927 -0.19959 -0.09749
0.45660 0.21028 0.01700
0.39573 -0.18097 -0.75830
-0.37938 -0.02946 0.61129
0.04308 0.13515 0.75492
0.12335 -0.19959 0.26436
-0.37938 -0.03334 0.09366
-0.24310 -0.19959 0.00121
-0.20095 0.63776 0.19087
0.35762 -0.19959 0.61774
-0.14844 -0.19959 0.19421
0.45660 -0.16337 0.25548
-0.45025 0.23533 -0.37904
0.45660 -0.01606 -0.72324
0.38313 -0.19959 -0.22162
-0.44843 0.22369 -0.63353
-0.37938 -0.05128 -0.69722
-0.37938 -0.06728 -0.11304
0.45660 0.02765 -0.09271
0.12785 -0.19959 0.01399
-0.37938 -0.18938 -0.30707
-0.37938 0.00576 0.19835
-0.37938 -0.16045 0.41988
-0.26371 -0.04738 -0.75830
-0.19817 -0.19959 0.45434
0.16667 -0.19959 0.75460
-0.07927 0.15377 -0.75830
-0.00329 -0.14323 0.75492
0.10865 -0.10595 0.75492
-0.37938 -0.12589 0.13898
0.37346 -0.19959 0.75119
0.42166 -0.19959 0.45783
0.02958 -0.00075 -0.75830
-0.35365 -0.19959 0.27303
-0.37938 -0.13160 -0.00572
0.12022 -0.19959 -0.65398
0.30817 -0.04485 0.75492
0.40916 -0.19959 0.67098
0.05959 -0.19959 0.23500
-0.44612 0.48900 0.24905
0.45330 0.15967 0.75492
-0.37938 0.07230 0.48381
-0.38516 0.22369 -0.77183
-0.52753 0.20743 -0.59543
0.45660 0.14084 0.52099
-0.12332 -0.19959 0.37396
0.45660 -0.13298 0.71478
-0.45212 0.22369 0.43394
0.45660 -0.08870 -0.37884
-0.52753 0.20701 -0.43940
0.41042 -0.19959 0.02714
-0.05095 0.21273 -0.75830
0.45660 0.20959 -0.37064
-0.37938 0.07479 0.10096
-0.15260 -0.19959 0.63453
0.16542 -0.19959 -0.13786
-0.48219 0.63578 0.17003
-0.41278 0.22369 0.16779
-0.46584 0.22369 -0.15750
0.45660 0.11549 0.31442
-0.04902 0.22369 0.78947
-0.17056 -0.19959 -0.67929
-0.39418 0.22369 -0.21082
-0.49833 0.39637 0.20100
-0.12160 -0.09387 0.75492
-0.12017 -0.19959 -0.51572
-0.22545 0.22369 0.76622
0.45660 0.00665 0.27160
-0.27260 0.00664 -0.75830
0.35573 -0.19959 0.23280
-0.03516 -0.19959 -0.23276
-0.10614 -0.19959 -0.43486
-0.01884 0.08225 -0.75830
0.24380 -0.19959 -0.05211
-0.44262 0.22369 -0.48317
-0.31591 -0.19959 0.02248
0.04903 -0.19959 0.36280
0.53067 0.21363 0.09670
0.45660 0.07191 -0.59655
0.45660 -0.10875 0.47894
-0.28766 -0.19959 0.24332
-0.47171 0.22369 0.69028
-0.37938 0.21790 0.39754
0.28955 -0.19959 0.69822
0.33306 0.02261 0.75492
-0.47078 0.22369 -0.30200
-0.37938 -0.16294 -0.02899
0.20940 -0.19959 0.66480
0.36192 -0.19959 0.50503
0.45660 -0.19470 -0.37220
0.45660 -0.14524 -0.62684
-0.34902 0.22369 0.80182
0.45660 -0.04975 0.33258
-0.30018 0.16935 -0.75830
0.45660 -0.01865 0.11801
0.36888 0.22369 0.79367
-0.24866 0.11887 0.75492
-0.37938 -0.02643 -0.50088
-0.37938 0.19466 -0.33997
0.24555 -0.19959 -0.37506
-0.50482 0.22369 -0.22081
0.20864 -0.19959 -0.57805
0.33693 -0.19959 0.56783
-0.45343 0.22369 -0.06452
-0.37938 -0.06667 0.21217
-0.37938 0.07430 -0.54941
-0.01703 -0.19959 0.39149
-0.37938 0.10742 0.40481
-0.47895 0.47280 0.16755
-0.20330 -0.19959 0.01384
-0.37311 0.04846 -0.75830
0.00073 -0.19959 -0.19268
0.45660 0.15126 -0.21118
0.08460 0.20856 -0.75830
0.09231 -0.19959 -0.47286
-0.16792 -0.19959 0.11709
-0.44396 0.37819 0.20356
0.50743 0.22369 0.31482
0.45660 -0.00127 0.63159
-0.37938 -0.12260 -0.26696
-0.43298 0.61235 0.24485
-0.00991 -0.19959 -0.15068
0.13003 -0.19959 -0.39587
0.22878 0.21309 -0.83237
-0.37938 0.12962 -0.64007
0.32574 0.12689 -0.75830
0.45660 -0.02903 -0.25920
-0.37938 0.04543 -0.35211
0.34769 0.05867 -0.75830
-0.37938 0.11033 0.74749
0.04840 -0.19959 0.18347
0.21656 -0.11336 -0.75830
-0.16086 -0.19959 -0.39979
0.26951 -0.19959 -0.51051
-0.00950 0.21824 0.82900
-0.10343 -0.19959 -0.29096
0.20816 -0.19959 -0.72447
0.52993 0.22369 -0.23995
0.45660 0.15191 0.71475
0.07076 -0.19959 -0.54284
-0.37100 -0.19959 0.32580
0.45660 -0.03945 -0.65083
0.45660 0.20485 -0.23381
-0.37938 0.17994 -0.61463
-0.23322 -0.00308 -0.75830
0.45660 0.04049 0.19812
-0.40431 0.22369 0.02116
-0.52423 0.22369 0.33389
-0.37938 -0.07695 -0.37355
0.27652 -0.19959 -0.64993
-0.37938 -0.17768 0.56293
-0.14988 0.17968 -0.75830
-0.37938 -0.02409 0.56304
0.42382 -0.10901 -0.75830
-0.37938 0.11899 0.63899
0.26254 -0.05072 -0.75830
-0.30849 -0.19959 0.15550
0.45660 -0.03855 -0.36756
0.45660 0.06500 0.53000
-0.37938 0.10694 -0.30805
0.45660 -0.13105 0.43198
-0.41986 0.22369 0.48993
-0.15048 -0.19959 -0.23559
0.15119 0.09315 0.75492
-0.37938 -0.18400 -0.62716
-0.23788 -0.19959 0.21306
-0.34493 -0.06128 0.75492
-0.52355 0.22369 0.44167
-0.37938 0.12097 0.33188
0.45660 0.13463 -0.48113
-0.05228 -0.19959 -0.60210
-0.08539 -0.05191 -0.75830
-0.37938 0.19271 -0.72762
-0.34883 -0.12500 -0.75830
-0.18164 -0.19959 0.23120
-0.37938 -0.19053 0.45962
0.45660 -0.15410 -0.13953
0.16139 0.14054 -0.75830
-0.30056 -0.19959 0.43866
0.21893 -0.19959 0.57414
-0.22107 -0.15413 -0.75830
-0.34025 -0.19959 0.68708
-0.35256 -0.19959 -0.14408
0.45660 0.06621 -0.39415
0.45660 0.06092 0.60942
-0.37938 -0.02096 -0.32563
0.45660 -0.09059 0.28877
0.44821 -0.19959 0.52340
0.27176 0.22369 -0.77411
0.15413 -0.19959 0.37994
0.12537 -0.19959 -0.53218
0.05223 -0.09119 -0.75830
0.45660 0.21862 0.39086
0.20615 -0.06280 -0.75830
0.00954 -0.19959 0.74419
0.32498 -0.19959 -0.03861
-0.03911 -0.19959 0.26180
-0.37938 -0.08219 0.30569
0.45660 0.06264 0.43859
-0.42535 0.28082 0.16955
-0.37938 0.04124 0.38637
0.41244 0.06225 -0.75830
-0.28122 -0.19959 0.53940
-0.48232 0.51062 0.23919
-0.37938 -0.03662 0.03681
0.25639 -0.19959 0.11634
0.37463 -0.19959 -0.57885
0.30103 -0.19959 0.04138
0.45660 -0.11108 0.25149
0.42805 -0.19959 -0.42048
-0.37938 0.01546 0.46301
0.45660 -0.09106 -0.33383
-0.37938 0.14877 0.55319
0.06907 -0.01377 0.75492
-0.37938 0.16496 -0.46710
-0.37938 -0.11917 -0.44922
0.06447 0.19901 0.75492
0.45660 0.22329 -0.15713
-0.37938 0.18034 -0.23884
0.53067 0.20977 0.43873
-0.21315 -0.19959 -0.26787
-0.30365 0.54975 0.16433
0.45660 -0.07980 0.19999
0.45660 0.05022 0.08506
0.45660 0.18089 0.10864
0.45660 0.11302 -0.07194
0.32561 -0.09974 -0.75830
-0.36623 -0.19959 -0.69930
-0.36015 -0.19959 -0.38762
0.45368 -0.19959 0.69067
-0.15641 0.22369 0.78631
-0.32066 -0.19959 -0.53261
-0.37938 0.12295 0.17550
-0.00194 -0.19959 0.15253
-0.27670 -0.19959 -0.21478
-0.13983 0.59215 0.16840
0.22052 0.02637 0.75492
0.45660 0.15347 -0.66216
0.06674 -0.19959 0.12773
0.45660 0.11768 0.23530
0.36433 -0.19959 0.36006
-0.49972 0.22369 -0.11081
0.26181 -0.19959 0.33412
-0.14807 -0.00480 -0.75830
-0.38839 0.22369 -0.45806
-0.37938 -0.16288 0.67508
0.39097 -0.19959 -0.45753
-0.16533 -0.19959 -0.62444
-0.32755 -0.19959 -0.23359
-0.48492 0.27563 0.23719
0.29341 0.01687 -0.75830
-0.46489 0.22369 -0.82193
0.25755 -0.06547 0.75492
0.11980 -0.19959 0.63135
-0.48539 0.22369 -0.65137
-0.37111 -0.19959 -0.19853
-0.37938 -0.10406 0.27239
0.18951 -0.19959 -0.52722
-0.37938 -0.01613 -0.57832
-0.37938 0.00904 -0.66937
-0.47860 0.22369 0.58342
0.49660 0.22369 -0.42636
-0.37938 0.07483 0.15069
-0.05297 -0.19959 0.31782
-0.37938 0.02151 -0.60870
0.02690 0.08318 0.75492
-0.07039 0.12997 0.75492
-0.37938 -0.18586 0.18157
-0.03269 -0.19959 0.09627
0.45660 0.08455 -0.27822
0.38020 -0.19959 -0.33301
-0.40883 0.22369 0.70384
-0.37938 0.00556 -0.41749
-0.37938 -0.09557 -0.15430
0.38902 -0.19959 -0.71206
-0.37938 -0.05501 -0.07472
0.18498 -0.07808 0.75492
0.48487 0.22369 0.58574
0.14480 -0.19959 0.20963
-0.37938 -0.17750 -0.48085
-0.26252 0.51904 0.21895
-0.32957 -0.19959 -0.02879
0.45660 -0.01109 -0.29595
0.12074 -0.19959 -0.10220
0.45660 -0.04248 0.58829
-0.45220 0.59024 0.15947
0.32983 -0.19959 -0.21496
-0.37938 -0.15086 0.06543
0.08952 -0.19959 0.55110
0.25902 -0.19959 -0.14125
-0.37938 0.01907 0.24249
-0.40869 0.25542 0.20911
0.53067 0.21498 0.04526
0.45660 0.16527 0.21781
0.18651 -0.19959 0.45584
0.45660 -0.01262 0.43008
-0.52236 0.22369 0.09057
-0.37938 -0.10093 0.69713
0.35435 -0.19959 0.13287
-0.19887 -0.19959 0.57127
0.17923 0.16520 0.75492
0.45660 0.11876 0.03235
-0.29612 -0.19959 -0.37234
0.01788 -0.19959 -0.27613
-0.37938 0.18495 0.07655
0.50946 0.22369 0.21329
-0.37602 -0.08487 -0.75830
-0.01336 -0.19959 0.62379
-0.37938 -0.14770 0.37876
-0.25470 -0.19959 0.68417
-0.18115 -0.19959 0.31416
-0.36379 -0.01935 -0.75830
-0.37938 0.00922 0.00973
-0.37938 -0.13291 -0.39077
-0.13671 -0.19959 0.45553
0.31622 -0.19959 0.74181
0.45660 -0.08961 0.00249
0.45660 0.16200 -0.06099
0.29481 -0.19959 -0.44518
0.45660 -0.06600 0.70378
-0.40837 0.48306 0.20269
-0.37938 0.17586 0.47243
-0.37938 -0.08486 0.00312
0.47344 0.22369 -0.33399
0.08675 0.07008 -0.75830
0.18393 -0.18000 -0.75830
-0.25552 0.16370 -0.75830
0.00710 -0.19959 0.47521
-0.35844 0.13519 -0.75830
-0.11927 -0.19959 -0.17059
-0.37938 0.08664 0.04996
0.45660 0.03450 -0.51003
0.45660 0.02878 0.39849
-0.10184 -0.19959 -0.07762
0.11937 -0.10594 -0.75830
0.41542 -0.19959 0.72424
0.45660 -0.00738 0.32429
-0.48204 0.22369 0.15036
-0.35047 -0.19959 -0.57572
0.45660 0.12904 -0.37175
0.21110 -0.19959 0.32437
0.45134 -0.19959 -0.32292
0.45660 -0.08025 -0.13309
0.45660 -0.14544 -0.21807
0.19574 -0.19959 -0.46807
-0.18166 0.06238 0.75492
-0.37938 0.11741 0.10659
0.15718 0.22129 -0.75830
0.45660 -0.02802 0.50394
0.20292 -0.19959 -0.16203
0.42573 -0.16330 0.75492
0.05877 -0.19959 0.05518
-0.13808 -0.19959 0.03322
-0.32835 0.00309 -0.75830
-0.17386 -0.02692 0.75492
0.15477 0.22369 0.79264
0.45660 0.07870 -0.63507
-0.33977 0.16059 0.75492
-0.25389 0.05032 -0.75830
-0.17792 -0.19959 0.38089
-0.48092 0.22369 0.41302
-0.15355 0.22369 -0.79017
-0.00102 -0.19959 0.28243
0.40297 0.13294 0.75492
0.40746 -0.19959 -0.01716
0.18776 -0.19959 0.53933
-0.43921 0.22369 -0.67386
0.24093 0.19417 -0.75830
0.45660 -0.14222 0.16652
0.45660 0.20322 -0.08781
-0.37938 0.17781 -0.05058
0.29773 -0.19959 0.34137
-0.31457 -0.19959 0.09663
-0.27421 -0.12737 0.75492
-0.01832 0.22369 -0.79157
-0.23618 -0.19959 -0.45305
0.08384 -0.14243 0.75492
0.45660 -0.10247 0.53231
-0.41831 0.22369 -0.74434
-0.39603 0.22369 0.79044
0.22882 0.06682 -0.75830
-0.26700 0.03013 0.75492
-0.16906 -0.19959 0.49806
-0.34053 -0.10033 0.75492
-0.45240 0.52634 0.21684
-0.51540 0.22369 -0.02806
-0.52753 0.20876 -0.76849
-0.17024 -0.19959 -0.52225
-0.50752 0.22369 0.55306
0.53067 0.20420 -0.68611
-0.13309 -0.08335 -0.75830
0.39962 -0.05633 0.75492
0.03074 -0.11514 0.75492
-0.37938 -0.15108 0.58653
-0.37938 0.04986 -0.69021
0.45660 0.07448 0.14966
0.45660 0.20585 -0.74106
-0.37938 -0.15441 -0.22314
-0.23873 -0.19959 0.04958
0.05689 0.12610 -0.75830
-0.37938 0.04747 -0.50567
-0.42083 0.22369 -0.28205
-0.37938 0.21777 -0.55310
-0.34452 0.49467 0.23947
0.00089 -0.19959 -0.33352
-0.37938 0.07133 -0.22105
-0.00663 -0.19959 -0.44005
0.19766 -0.19959 0.39968
-0.13593 0.21341 0.82900
-0.08424 -0.19959 0.73984
-0.45254 0.22369 -0.11471
-0.37938 0.21933 0.58828
0.23777 -0.19959 0.52159
0.09299 -0.19959 -0.25422
-0.33050 0.22369 -0.81005
-0.42282 0.22369 -0.41793
0.38057 0.03091 0.75492
-0.06900 -0.19959 -0.33473
0.49782 0.22369 -0.59861
-0.37938 -0.02224 0.15293
-0.37938 0.17460 -0.51931
-0.23387 -0.19959 -0.07664
-0.23491 0.54837 0.16225
0.30682 -0.19959 -0.39603
0.39133 -0.19959 0.22085
-0.09876 -0.19959 0.61553
-0.03749 0.13077 -0.75830
-0.45749 0.65332 0.20328
-0.37938 0.16410 -0.39564
0.30751 -0.19959 -0.18068
-0.07421 -0.15454 0.75492
-0.23204 0.22369 0.80817
-0.37938 0.05964 0.63915
-0.37938 -0.07044 0.39997
0.17203 -0.19959 0.30438
0.41884 0.22369 0.78983
0.29093 -0.14998 -0.75830
-0.27590 -0.19959 0.34448
0.45660 -0.13031 -0.58703
0.02106 0.20711 -0.83237
-0.06236 -0.19959 -0.69440
-0.52753 0.21843 -0.54876
-0.49850 0.62754 0.20701
-0.27262 -0.19959 0.18718
0.35691 -0.19959 -0.08623
0.02224 -0.19959 -0.08401
-0.05505 -0.15104 -0.75830
0.49282 0.22369 0.63132
0.45660 0.19075 0.58275
0.28363 -0.19959 -0.71324
-0.07722 -0.19959 0.51287
-0.37938 -0.06213 0.64613
0.45660 -0.06057 0.38930
0.45660 0.03999 -0.13579
0.45660 -0.01621 -0.43902
-0.44994 0.60041 0.20461
-0.37938 0.11675 0.45078
0.45660 0.18603 -0.12921
0.19872 -0.19959 0.70858
0.07888 0.00063 -0.75830
0.45660 -0.03464 -0.01848
0.45660 0.07803 0.70047
-0.38256 0.22369 -0.68371
-0.39133 0.50256 0.23496
0.45660 -0.10410 -0.64399
-0.47130 0.59623 0.24594
-0.42879 0.22369 0.57757
0.45660 0.02712 -0.60476
-0.37938 -0.04934 -0.53706
-0.37938 -0.01890 0.34756
-0.02664 -0.19959 -0.63950
0.21820 -0.19959 -0.01621
0.06837 -0.19959 0.70329
-0.18602 -0.19959 -0.44743
-0.37938 -0.03694 0.47808
-0.42532 0.34502 0.23974
-0.13797 -0.01207 0.75492
0.14509 -0.19959 -0.44969
0.53067 0.20869 0.71394
-0.08462 -0.19959 -0.48740
-0.30473 0.22369 0.82175
-0.13042 -0.19959 -0.75466
-0.29155 0.10281 0.75492
0.49489 0.22369 0.17082
0.14006 -0.07233 0.75492
0.45660 0.16531 0.02547
-0.01163 -0.19959 -0.00543
0.38676 -0.19959 0.58233
0.05307 -0.19959 0.57345
-0.37938 -0.00820 0.65190
0.04504 -0.14941 -0.75830
0.45660 -0.17123 -0.51901
0.47241 0.22369 0.28736
0.24186 -0.19959 -0.23333
-0.48872 0.42728 0.17676
-0.42151 0.22369 -0.54505
-0.39113 0.22369 0.12967
0.45660 -0.18492 0.59262
0.45660 0.14270 0.13016
-0.00645 -0.19959 0.51937
0.45660 -0.08000 0.09783
0.45660 0.18901 -0.68592
-0.42082 0.44570 0.23598
0.45660 -0.06983 -0.60426
0.28953 0.17889 0.75492
-0.35388 0.53526 0.18005
0.39981 -0.04119 -0.75830
0.44466 -0.19959 -0.62099
-0.48432 0.55541 0.23765
-0.29834 -0.19959 0.60253
-0.38948 0.22369 -0.08158
0.45660 -0.13973 -0.39014
-0.37938 -0.11727 0.18140
0.42949 0.18225 -0.75830
-0.34105 -0.19959 -0.46350
0.12267 0.02218 0.75492
0.27451 -0.12727 0.75492
0.33763 0.02264 -0.75830
-0.37938 0.09595 -0.75630
0.45660 0.04223 0.24819
-0.22678 -0.17028 0.75492
-0.37938 0.12225 -0.40884
-0.37938 -0.11467 0.40094
0.08798 -0.19959 -0.73468
-0.26920 -0.19959 -0.41041
-0.37938 -0.06153 -0.59333
0.46398 0.22369 -0.78952
-0.18624 -0.02759 -0.75830
-0.45826 0.34664 0.15994
0.45660 0.11913 0.35812
0.04418 -0.04883 -0.75830
0.45660 0.10117 -0.33733
0.23849 -0.19959 0.17118
-0.20935 0.22369 -0.78598
-0.14022 0.08179 -0.75830
-0.37938 -0.09675 -0.30274
0.11238 0.22369 -0.83126
0.43223 -0.19959 -0.65856
0.38666 -0.13258 -0.75830
-0.42975 0.22369 0.40558
0.32093 -0.19959 0.52695
0.41640 -0.19959 0.16012
-0.25988 -0.02517 0.75492
-0.00574 -0.19959 -0.51523
-0.37938 0.00846 0.72759
-0.45991 0.22369 0.78176
-0.20180 0.18877 0.75492
0.44275 -0.19959 -0.23984
-0.32841 -0.19959 0.32022
-0.37938 0.22228 -0.35827
0.34313 -0.19959 0.06338
-0.42040 0.41469 0.19892
-0.23393 -0.19959 -0.37476
0.45660 -0.03691 -0.53753
-0.37938 0.09810 0.54173
0.37380 0.21508 0.75492
0.23582 0.22369 0.78120
-0.49299 0.22369 0.30422
-0.32849 -0.09012 -0.75830
0.00501 0.12466 -0.75830
-0.19595 -0.19959 0.66366
-0.00716 0.14132 0.75492
0.45660 0.12454 0.40175
0.43440 -0.19959 0.11395
0.53067 0.21385 -0.52042
0.45660 0.21347 0.08036
0.12411 -0.19272 0.75492
-0.34420 -0.19959 0.43611
0.25308 -0.19959 0.39023
0.45660 0.09692 0.06867
0.35370 -0.19959 -0.64883
0.42582 -0.19959 -0.06219
-0.37938 -0.06910 0.55894
-0.05177 0.05836 -0.75830
0.07075 -0.19959 0.42785
0.45660 -0.01024 -0.34629
0.36312 -0.19959 -0.37776
-0.17208 0.61427 0.15050
0.35500 -0.19959 -0.51165
0.04184 -0.19959 -0.46005
0.37135 0.22369 -0.76533
0.10465 -0.19959 -0.14967
0.12130 -0.19959 -0.04823
0.44785 -0.19774 -0.75830
0.35402 -0.19959 0.45553
-0.31522 0.47883 0.20827
0.48382 0.22369 -0.46607
0.19580 0.11555 -0.75830
-0.12189 -0.19959 -0.13053
0.45660 0.01437 0.50805
0.00229 -0.01041 0.75492
0.49962 0.22369 0.48197
-0.35108 -0.19959 -0.27536
-0.06624 0.09191 -0.75830
-0.37938 0.06091 -0.61828
0.05075 -0.19959 -0.15892
-0.37938 -0.06788 -0.49830
0.45660 0.02261 -0.35767
-0.48541 0.22369 -0.50692
-0.15589 -0.19959 -0.19058
-0.17372 0.62974 0.22198
-0.37938 -0.07514 0.17199
-0.10428 0.02608 0.75492
-0.31171 -0.19959 -0.59150
-0.37938 0.03705 -0.05444
-0.31840 -0.19959 -0.66952
0.46195 0.22369 -0.66497
0.45660 0.18297 0.68687
0.41877 0.02241 -0.75830
0.45660 0.17746 0.45917
-0.37938 -0.17117 -0.37628
-0.13142 0.13031 -0.75830
-0.34011 -0.17955 0.75492
0.48201 0.22369 0.43295
0.24634 -0.19959 0.69141
0.45660 -0.19487 0.28467
0.01111 -0.19959 -0.73711
0.12321 -0.01076 -0.75830
-0.37938 -0.18725 -0.11173
-0.21624 0.09070 0.75492
-0.01033 -0.10368 0.75492
0.53067 0.20809 -0.12021
0.03494 -0.19959 -0.70184
0.47198 0.22369 0.74472
-0.37938 0.01039 -0.37386
-0.28315 -0.19959 -0.01577
-0.40987 0.60346 0.19239
-0.00174 -0.02741 -0.75830
0.45660 -0.02001 0.73855
0.06147 -0.19959 0.47159
0.29774 -0.06973 -0.75830
-0.37938 -0.19869 0.24470
0.45660 -0.15829 -0.27418
-0.37938 0.01923 0.33418
-0.23795 -0.19959 0.63963
-0.26399 -0.19959 -0.15317
0.45660 0.08795 -0.74868
0.45660 -0.17456 0.63339
-0.49045 0.23533 -0.37327
-0.49665 0.26915 0.19144
-0.37938 0.09144 0.37160
-0.37938 -0.13390 -0.61405
-0.44031 0.52634 0.16946
0.15473 0.02521 -0.75830
0.34992 -0.19959 -0.74038
-0.09376 -0.19959 -0.20182
-0.16378 0.57204 0.19400
0.14754 -0.19959 -0.31662
-0.37938 0.06173 -0.46794
-0.37938 -0.06549 -0.41653
-0.37938 0.01589 0.55924
-0.50288 0.22369 -0.70553
0.05854 0.22369 0.78089
0.45660 0.05990 0.48890
0.45660 -0.16138 0.35876
-0.36554 -0.19959 0.08492
-0.49863 0.35455 0.20599
0.45660 -0.04523 -0.11446
-0.23057 -0.19959 -0.56215
-0.06784 0.22369 -0.79103
-0.37938 0.20402 0.43126
-0.37938 -0.16278 0.03689
0.19235 0.22369 -0.81999
0.10071 -0.06587 0.75492
0.45660 -0.06667 -0.24615
0.45386 0.00241 -0.75830
0.33889 -0.06232 -0.75830
0.20218 -0.18189 0.75492
-0.16098 -0.19959 0.55952
-0.09584 -0.19959 -0.39655
-0.27276 -0.19959 -0.09601
0.45660 0.01017 -0.24965
0.34093 0.10040 0.75492
-0.11986 -0.19959 0.15026
-0.37938 0.11355 -0.55442
0.53067 0.20349 -0.19560
0.24247 0.19483 0.75492
0.45660 -0.17025 0.04436
-0.37938 -0.12906 0.45264
-0.37938 -0.05789 0.51243
-0.17969 -0.19959 0.27062
-0.37938 -0.00136 -0.29108
-0.37938 -0.16315 -0.06842
-0.37938 0.21468 0.36070
-0.34278 -0.19959 0.64671
-0.41732 0.22369 -0.01546
0.30642 -0.19959 0.65237
-0.25230 0.58147 0.22810
0.00221 -0.19959 0.70572
0.45660 -0.00249 -0.63544
-0.05538 0.16629 0.75492
0.33307 0.16945 -0.75830
0.45660 0.03193 -0.20239
0.45660 -0.05961 -0.42317
-0.10618 -0.19959 0.32490
-0.37938 0.11188 0.22391
0.40679 0.14528 -0.75830
0.29803 -0.19959 -0.13754
-0.09913 -0.19959 -0.03739
-0.37938 0.02227 -0.13707
0.16784 -0.19959 0.10907
-0.23480 -0.19959 0.51518
0.45660 0.07518 0.21621
-0.47016 0.22369 -0.26354
-0.37938 0.15548 0.65559
0.14635 -0.19959 0.07111
0.45660 0.09555 0.55431
-0.22667 -0.04154 -0.75830
0.05575 -0.19959 -0.06403
-0.20671 -0.19959 0.13877
-0.22348 -0.19307 -0.75830
-0.37938 0.13646 0.29739
0.45660 -0.15211 0.67323
0.45660 0.07015 -0.55764
-0.13304 -0.19959 -0.31626
0.17271 -0.04114 0.75492
-0.42280 0.52304 0.23781
0.03482 -0.19959 0.26743
-0.37938 0.07331 -0.02340
-0.10674 -0.19959 0.18076
0.45660 0.18492 -0.59758
-0.18186 -0.19959 -0.36716
0.45660 -0.04893 -0.46539
-0.37938 0.11637 -0.16506
0.21421 0.21183 0.82900
-0.02617 -0.19959 -0.05543
0.29691 0.02706 0.75492
0.45660 0.17140 0.30032
-0.49872 0.51953 0.20533
0.41673 -0.19959 0.06529
0.49576 0.22369 -0.01937
-0.37938 0.20533 -0.30364
0.41912 0.02149 0.75492
-0.18000 -0.10937 0.75492
-0.37938 -0.11551 -0.58336
0.01653 0.03555 -0.75830
0.45660 -0.09127 0.32736
-0.37938 0.13922 0.01508
-0.25326 -0.19959 -0.48923
0.33721 -0.16516 0.75492
0.28149 -0.19959 -0.29467
-0.50010 0.22369 0.25028
0.45660 -0.09976 -0.49644
0.08690 -0.19959 0.03246
-0.20152 -0.19959 0.41539
0.52341 0.22369 0.13301
-0.50230 0.22369 -0.46298
-0.19347 0.17374 -0.75830
-0.27080 -0.08112 -0.75830
0.53067 0.20844 -0.04410
0.45660 0.17089 0.61951
-0.44632 0.22369 0.64425
-0.41349 0.22369 0.27543
0.15766 -0.19959 -0.62869
-0.37938 0.16247 -0.13642
0.45660 -0.14765 0.60089
-0.43793 0.65332 0.23468
0.19851 -0.19959 -0.06441
-0.37938 0.12539 -0.67799
-0.13950 -0.19959 -0.27865
-0.37938 0.09591 -0.12401
-0.36116 0.07313 0.75492
0.47224 0.22369 0.35652
-0.27649 0.08443 -0.75830
-0.10304 -0.19959 0.54220
-0.37938 -0.10793 0.31958
0.30854 0.22369 -0.78967
0.45660 -0.02285 0.65759
-0.37290 -0.19959 -0.00226
-0.46030 0.23533 -0.33649
0.37091 -0.11193 0.75492
-0.16998 -0.19959 -0.00412
-0.34386 0.21469 0.75492
-0.40923 0.32409 0.21319
-0.37938 -0.04701 -0.22793
0.45660 0.06166 -0.16669
0.08954 0.10482 0.75492
-0.37938 0.08187 -0.25726
-0.45285 0.22369 0.32827
-0.00815 0.22369 0.79176
0.01943 0.16797 0.75492
-0.06892 0.22369 0.75811
-0.37938 -0.05596 -0.65540
-0.26971 -0.19959 0.11586
0.28480 -0.19959 0.46301
-0.16751 -0.19959 0.69869
0.49612 0.22369 0.80589
-0.37938 0.20695 0.17115
-0.04025 -0.13725 0.75492
-0.35551 -0.19959 -0.65823
-0.14238 0.18715 0.75492
0.38913 -0.19959 -0.41563
0.42815 -0.19959 0.24620
0.15069 -0.19959 -0.68372
0.18363 -0.00342 0.75492
-0.52753 0.20858 -0.30849
-0.16446 -0.19959 -0.04674
0.45660 0.09071 0.63185
0.50760 0.22369 -0.79720
0.45339 -0.13831 0.75492
-0.00973 -0.04566 0.75492
0.13565 -0.19959 0.14507
0.45660 -0.11616 -0.72215
-0.37938 0.06911 0.59753
0.45660 -0.03777 -0.19292
0.45660 -0.05126 -0.15615
-0.04405 -0.19959 0.14237
0.21725 -0.19959 -0.49839
0.12952 0.06404 -0.75830
0.05966 -0.19959 0.09127
0.45660 0.03068 0.29748
-0.04826 -0.19959 0.54068
0.45660 0.17317 -0.37729
0.45660 -0.13593 -0.46911
0.27628 -0.19959 -0.10853
0.30405 -0.19959 0.14087
-0.37938 -0.06163 0.26933
0.23986 -0.19959 0.25036
0.45660 -0.19413 -0.12771
0.32812 -0.19959 -0.25180
-0.03297 -0.19959 0.04697
-0.37938 -0.16022 0.74516
-0.49403 0.22369 -0.07444
0.20145 0.01321 -0.75830
-0.21713 -0.19959 0.24345
-0.47579 0.22369 0.52915
0.32803 -0.19959 0.25696
0.26148 -0.19959 0.04651
-0.37938 0.20654 0.32490
0.45660 -0.19270 0.46680
0.03343 -0.19959 -0.57200
-0.04777 -0.00511 -0.75830
-0.37938 -0.05893 0.43473
0.45660 0.07368 -0.08056
0.50167 0.22369 -0.74451
0.45660 -0.16944 0.71678
-0.24000 0.54709 0.22775
-0.22478 -0.19959 0.32056
0.06976 -0.19959 -0.50149
-0.19643 -0.11611 -0.75830
0.45660 0.20291 -0.45371
-0.37938 0.04175 -0.57845
-0.25231 0.22369 -0.81937
-0.10397 -0.19959 0.47137
0.45660 -0.08746 -0.75081
-0.14217 -0.12377 0.75492
-0.00044 -0.19959 -0.11564
-0.37938 0.00792 0.04471
0.45660 0.18099 -0.33919
-0.37480 0.16754 -0.75830
0.39380 -0.19959 0.25772
-0.30872 -0.19959 0.75181
0.12830 0.06511 0.75492
-0.37938 -0.09904 -0.47998
0.28990 0.12313 -0.75830
-0.37938 -0.02171 -0.10366
0.15836 -0.19959 -0.17325
0.08301 -0.19959 0.35070
0.45660 -0.05685 0.12543
0.45660 0.11557 -0.68548
-0.15500 -0.19959 -0.72579
0.18551 -0.19959 0.58702
-0.34387 -0.19959 -0.72712
-0.29973 -0.02830 -0.75830
-0.11452 0.02337 -0.75830
-0.41850 0.23533 -0.35691
-0.37938 0.19481 0.04205
0.45660 -0.07646 0.24210
0.38344 -0.19959 0.32970
-0.01246 -0.19959 0.44515
0.32062 -0.01102 0.75492
0.44640 -0.19959 0.36570
0.15425 0.22369 -0.79391
-0.37938 0.09429 -0.38651
0.45660 -0.08371 0.67271
0.45660 -0.12605 -0.01509
-0.21802 -0.13426 0.75492
-0.28024 -0.19959 0.02141
0.22006 -0.19959 0.60565
0.45660 0.07227 0.32319
-0.37938 -0.07144 0.07016
0.45660 -0.01118 -0.68803
-0.50510 0.22369 0.79753
0.12018 -0.19959 0.53316
0.33451 -0.19959 -0.11738
0.05748 -0.19959 -0.34051
0.12968 -0.15190 -0.75830
0.45660 -0.08502 0.36223
0.45660 -0.15423 -0.69489
-0.35463 -0.19959 0.54164
0.18946 0.22369 0.80666
-0.09425 -0.19959 0.23886
0.27596 -0.01390 -0.75830
-0.37938 -0.14192 -0.29655
0.45660 0.03720 0.05130
0.36718 0.20662 -0.83237
-0.37938 -0.03447 0.19786
-0.22736 -0.19959 -0.33799
-0.02048 -0.17981 -0.75830
-0.24216 -0.06764 0.75492
-0.31212 -0.15289 -0.75830
-0.28799 0.22369 0.79077
-0.02079 -0.19959 0.18794
-0.37938 0.07425 -0.32092
-0.37938 -0.00729 0.38507
-0.37938 -0.15990 -0.35429
0.39210 -0.19959 -0.61334
-0.37938 -0.09665 0.65258
0.26075 -0.19959 -0.42410
-0.41242 0.22369 0.44569
0.21103 -0.19959 -0.32074
-0.42455 0.22369 -0.09129
0.51343 0.22369 -0.14647
0.37739 0.16229 0.75492
0.45660 0.20480 -0.19879
0.18965 -0.14548 -0.75830
0.45660 0.11304 -0.59646
0.45660 -0.07250 0.48836
0.45339 -0.19959 -0.08360
-0.37938 0.03069 0.29737
-0.14411 -0.19959 0.07736
0.07744 0.22369 -0.78889
0.45660 0.01803 0.09846
0.32675 0.05689 0.75492
0.09628 -0.19959 -0.29005
-0.45824 0.35102 0.24938
-0.37887 -0.15606 -0.75830
-0.37938 -0.04977 0.30275
0.09480 0.21221 0.82900
0.32950 -0.13594 -0.75830
-0.45856 0.22369 0.38850
-0.02312 -0.19959 -0.35857
0.13678 -0.19959 0.72315
-0.37938 0.16391 -0.35719
0.45660 -0.16137 0.29362
-0.46435 0.22369 -0.20351
0.33524 -0.12708 0.75492
0.45660 0.21504 0.14960
0.15599 -0.19959 -0.10453
-0.37938 -0.14121 0.29743
0.25970 -0.19959 -0.33703
-0.34291 -0.19959 -0.42693
-0.37938 0.11614 0.71345
0.09557 -0.19959 -0.39363
0.48668 0.22369 0.23901
-0.32050 -0.19959 0.26344
-0.23784 -0.19959 -0.29197
-0.49735 0.48591 0.19357
0.45660 0.08419 -0.45066
-0.27384 -0.19959 0.50308
-0.37938 0.06392 -0.08260
0.36136 0.13558 -0.75830
-0.37938 -0.19662 -0.03588
-0.37938 0.09412 -0.19177
-0.10397 -0.19959 -0.71968
0.45660 -0.02785 -0.57854
-0.19350 0.00125 0.75492
-0.43976 0.22369 0.01907
-0.18750 -0.19959 0.34536
0.22113 -0.19959 0.27912
-0.29196 -0.19959 0.38074
0.34431 -0.19959 -0.34908
-0.37938 -0.17228 0.35485
0.24293 -0.19959 -0.65678
-0.37501 -0.19959 0.58329
-0.05709 -0.19959 -0.56820
0.45660 -0.17053 0.18577
0.45660 -0.13946 -0.17499
0.31002 0.05002 -0.75830
0.34744 -0.19959 0.72872
0.49347 0.22369 -0.21598
0.45660 0.11609 0.59625
-0.15404 -0.11831 -0.75830
-0.37938 -0.13465 0.09470
-0.24279 -0.19959 -0.25095
0.31465 -0.19959 0.19695
-0.17079 -0.19959 0.60570
-0.44773 0.22369 -0.51686
0.27597 -0.19959 0.42511
-0.20448 -0.19959 -0.67676
0.06739 -0.05917 0.75492
0.45660 0.03971 -0.00967
-0.50567 0.22369 0.69062
-0.37938 0.04005 0.21581
0.15734 0.21670 0.75492
-0.32488 0.14016 -0.75830
0.35028 -0.19959 -0.29098
0.21320 0.10504 0.75492
0.13817 -0.19959 0.30524
0.21475 0.05970 0.75492
-0.28585 -0.19959 -0.51024
0.14589 -0.19959 -0.25213
0.45660 0.20817 0.50497
0.01677 -0.19959 -0.62616
0.32050 -0.19959 -0.75681
0.08318 -0.11839 -0.75830
-0.37938 0.20394 -0.14448
0.17589 -0.19959 0.66735
0.50820 0.22369 0.01831
0.00079 -0.19959 0.35823
0.45660 -0.08790 0.43882
-0.09803 0.05906 0.75492
0.45648 -0.19959 -0.53810
-0.06616 -0.19959 -0.65746
-0.35286 0.01256 0.75492
-0.36002 0.01402 -0.75830
0.03346 -0.19959 0.71778
-0.37938 -0.19235 -0.16692
-0.25567 -0.15228 0.75492
0.08744 -0.19959 -0.63807
0.43791 0.08305 0.75492
0.06279 -0.19959 0.39536
-0.37938 0.09026 -0.05594
0.45660 0.15192 -0.50975
0.19891 -0.19959 0.20713
0.30286 -0.19959 -0.50917
-0.37938 0.16957 0.50502
-0.36021 0.20323 0.82900
0.42519 -0.19959 -0.70869
-0.32122 0.22369 -0.77813
0.23677 -0.14825 -0.75830
0.45660 -0.11465 0.19889
-0.43725 0.22369 0.80598
-0.45167 0.29835 0.15954
0.29585 -0.19959 0.28771
-0.37938 -0.00658 -0.70306
-0.44022 0.25234 0.16148
-0.47841 0.22369 0.09908
0.29966 0.09155 -0.75830
0.25382 -0.19959 0.58106
-0.06411 0.02771 -0.75830
-0.02981 -0.19959 0.34332
0.50611 0.22369 0.07421
0.11663 -0.14622 0.75492
0.45660 0.16474 0.42498
0.24525 -0.19959 -0.73475
0.23829 -0.00140 0.75492
-0.10441 0.22369 0.79467
-0.37938 0.15609 -0.09597
-0.52753 0.21921 -0.62615
-0.17059 -0.19959 0.73143
0.38071 0.07091 -0.75830
0.45660 0.13381 0.68730
-0.16328 -0.19959 0.14964
0.19424 -0.03217 -0.75830
0.53067 0.21458 0.66469
0.45660 0.13713 0.18784
-0.37938 0.02829 0.49317
-0.29207 -0.19959 -0.33982
-0.37938 -0.17491 0.70556
0.22776 -0.19959 0.48979
0.38672 0.22369 -0.80370
-0.19123 -0.19959 -0.07180
-0.37938 -0.15761 -0.71292
-0.37938 0.01299 0.41852
-0.05525 -0.19959 0.07260
0.44795 -0.19959 0.03282
0.45660 -0.04985 0.01045
0.44609 0.22369 -0.81688
0.23391 -0.02907 -0.75830
0.34561 -0.06604 0.75492
-0.20650 -0.19959 -0.15079
-0.45673 0.30630 0.24958
-0.38016 0.22369 -0.18135
-0.10593 0.22369 -0.81266
0.50453 0.22369 -0.68562
0.38912 -0.19959 0.62601
-0.37938 -0.05269 -0.00194
-0.52703 0.22369 0.18459
-0.37938 -0.18492 0.29799
0.45660 0.19324 -0.05198
-0.37938 -0.08482 0.24622
0.29729 -0.19959 -0.54444
0.45660 0.15297 0.48049
-0.06009 -0.19959 0.11417
0.15414 -0.19959 0.45789
0.26264 0.22369 -0.81109
-0.37938 0.21756 0.69179
-0.37938 -0.12072 -0.54453
0.45660 0.09377 0.67218
-0.28012 0.22369 -0.78169
0.05097 -0.19959 -0.62260
0.45660 0.01017 -0.11993
-0.50191 0.22369 -0.42884
0.45660 -0.10815 0.73701
0.18295 0.08712 0.75492
0.41910 -0.19959 -0.32532
0.45660 -0.13272 0.51270
-0.39120 0.22369 -0.32745
-0.05071 -0.19959 0.01325
0.29369 -0.07588 0.75492
0.21542 -0.19959 -0.69245
-0.37938 0.20590 -0.63372
-0.37938 0.00997 -0.33469
0.17294 -0.19959 -0.26965
-0.09135 -0.19959 -0.15452
0.25037 -0.19959 -0.08941
0.45660 0.09921 0.28667
-0.37938 0.05627 0.73024
0.20723 -0.19959 0.43125
-0.05331 -0.19959 -0.20557
-0.40917 0.28703 0.19659
-0.39528 0.22369 0.51058
-0.40941 0.35708 0.21460
0.45660 -0.11425 -0.22559
-0.37938 0.15480 -0.59383
-0.06195 -0.19959 -0.29437
0.04233 -0.19959 -0.10897
-0.37938 -0.10268 -0.42178
-0.25839 -0.19959 -0.71989
0.45660 -0.17384 -0.42829
-0.37938 -0.19507 0.39237
0.45660 0.20510 0.43845
0.45660 -0.08683 -0.30142
-0.37938 -0.08013 0.33990
0.45660 0.01059 -0.53122
0.46399 0.22369 0.77761
-0.28817 0.19891 -0.75830
-0.38662 0.22369 0.06290
-0.39296 0.50667 0.17823
-0.30942 -0.10733 0.75492
0.45660 0.16937 -0.00613
-0.43066 0.22369 0.13959
-0.14973 -0.19959 -0.54662
0.08696 -0.19959 0.21873
-0.23907 -0.07899 -0.75830
0.46308 0.22369 0.71419
-0.36793 -0.19959 -0.23327
0.31938 -0.19959 0.61538
0.06715 0.09609 -0.75830
-0.07217 -0.19959 0.38491
0.26098 -0.19959 -0.61066
-0.37938 -0.03147 -0.19798
0.09711 0.00350 0.75492
-0.31119 0.14699 0.75492
-0.35197 -0.19774 -0.75830
0.45660 -0.03902 -0.33317
0.21870 -0.19959 -0.18944
-0.14771 -0.19959 0.39860
-0.37938 -0.08836 -0.08456
0.11124 -0.19959 -0.56045
0.02073 -0.19959 -0.21714
-0.17331 0.13653 -0.75830
-0.03935 -0.06569 0.75492
0.45660 0.21266 -0.58252
0.45660 -0.18658 0.54708
-0.25661 0.21927 0.75492
0.45660 0.17797 0.18896
0.45660 0.07864 -0.67056
0.37150 0.22369 0.82550
0.40907 -0.19683 0.75492
0.45660 0.20108 0.05145
0.38152 -0.19959 -0.68153
-0.08311 0.22369 -0.76085
-0.09643 -0.19959 -0.35311
0.52219 0.22369 0.34254
-0.18407 0.22369 0.80114
0.45660 -0.01916 0.28944
0.45660 0.09358 -0.24817
0.52756 0.22369 0.46768
-0.16201 -0.07125 -0.75830
-0.37938 0.01238 0.52060
-0.37938 -0.03043 -0.43961
-0.26399 0.15763 0.75492
0.45660 0.03562 0.63545
0.02194 -0.19959 0.58038
0.45660 -0.08460 0.16909
-0.52753 0.21195 -0.09763
-0.37938 0.08856 -0.52119
0.45660 -0.02048 0.35148
-0.11101 -0.01622 -0.75830
0.45660 -0.09681 -0.25738
0.34550 -0.19959 0.65894
0.16684 -0.08634 -0.75830
0.34447 -0.02216 -0.75830
-0.37938 0.13476 -0.47482
-0.24858 0.51973 0.19110
-0.38000 0.22369 -0.73042
-0.37938 -0.12206 0.02718
-0.35231 -0.19959 0.15203
0.26557 0.03070 -0.75830
-0.37132 -0.19959 0.68725
0.45660 -0.13818 0.13212
0.45660 -0.01154 0.60230
0.45660 0.21880 -0.62275
0.24053 0.12431 0.75492
-0.44769 0.43092 0.24925
0.12081 0.22291 -0.75830
-0.42663 0.41455 0.16857
-0.02061 0.03615 0.75492
0.19181 -0.19959 0.34948
0.17838 -0.19959 -0.49368
-0.37938 -0.12293 0.60999
-0.31601 -0.07565 0.75492
0.45660 0.12599 -0.22901
0.45660 0.13990 -0.18244
-0.49267 0.22369 0.44282
0.25123 -0.19959 -0.01937
-0.36244 -0.19959 -0.49423
-0.17733 -0.19959 0.08771
-0.37938 0.01828 0.17016
-0.51757 0.22369 0.01250
-0.37938 0.18141 0.57818
-0.04154 -0.19959 0.61131
-0.47027 0.23533 -0.40247
-0.19367 -0.16822 -0.75830
0.34536 -0.19959 0.39404
0.45660 -0.01498 0.08435
-0.46491 0.43838 0.16082
-0.52753 0.20683 -0.18685
-0.17193 -0.19959 -0.47899
0.11117 -0.19959 -0.01862
0.45660 0.02338 -0.73197
0.02321 -0.19959 -0.52991
-0.17863 0.22369 -0.81533
-0.11024 -0.19349 0.75492
0.41208 -0.19959 -0.23983
0.38228 -0.19959 0.03928
-0.37938 0.14649 0.09695
0.45660 0.14855 -0.40766
0.08482 0.22369 0.76520
-0.47220 0.22369 -0.47540
-0.50856 0.22369 -0.74973
0.45660 0.00694 -0.32062
-0.37938 0.15238 0.36813
-0.43354 0.22369 -0.19779
-0.20275 -0.00114 -0.75830
0.02323 -0.19959 -0.43377
-0.40282 0.22369 -0.79873
0.45660 -0.00242 -0.08762
0.45660 -0.07322 0.58418
-0.37938 0.04271 -0.38956
0.28681 -0.19959 0.11474
-0.10241 0.08949 -0.75830
0.39435 -0.19959 -0.15282
-0.37938 -0.09464 0.53223
-0.52715 0.22369 0.23638
0.07377 -0.19959 0.16672
-0.27298 0.12824 -0.75830
-0.48704 0.37819 0.22257
0.09481 -0.19959 -0.51867
-0.37938 0.18443 0.10692
-0.13499 -0.19959 0.31060
-0.48830 0.60041 0.21728
-0.33202 0.52200 0.16377
0.16825 -0.19959 0.04898
0.22035 -0.19959 0.13744
0.18336 -0.19959 -0.70712
-0.37938 -0.06489 0.74142
-0.37938 -0.07378 -0.63097
-0.37938 0.02655 -0.01505
0.41296 -0.19959 0.19014
0.30467 -0.19959 0.48977
-0.44152 0.22369 0.69099
-0.29713 -0.12413 -0.75830
-0.07336 -0.19959 -0.41664
-0.02841 -0.06719 -0.75830
-0.37938 0.16828 -0.21122
-0.45672 0.22369 -0.60457
-0.06918 -0.19959 0.26063
-0.12085 0.18762 -0.75830
-0.43116 0.22369 -0.44683
0.33875 -0.19959 -0.57403
-0.37938 -0.06178 -0.30948
0.45660 0.19085 0.65085
0.32307 -0.19959 -0.42665
0.05254 0.01129 0.75492
0.45660 0.18886 -0.17338
-0.13216 -0.15683 -0.75830
-0.11091 0.15221 -0.75830
0.21493 -0.19959 0.63516
-0.37938 -0.02053 0.74375
-0.37938 -0.10000 -0.02266
0.38627 -0.19959 -0.09186
-0.41834 0.22369 0.24593
0.45660 -0.00653 0.01226
0.17295 0.19591 -0.75830
-0.37938 0.20766 -0.05847
-0.41823 0.22369 -0.61069
-0.50410 0.22369 -0.77943
0.45660 -0.00034 0.14634
-0.32448 0.22369 0.78492
-0.37938 0.15554 -0.66647
-0.37938 0.19923 -0.19835
-0.25255 -0.18921 -0.75830
-0.12162 -0.19959 0.63463
0.36165 -0.19959 0.19822
-0.23119 0.18089 -0.75830
-0.37938 0.18231 -0.69738
0.37403 -0.19959 0.71536
0.45660 0.11332 -0.45676
0.45660 0.10358 -0.10016
0.45660 0.11660 0.15407
-0.41644 0.22369 0.73370
0.02026 -0.19959 0.50185
-0.37938 0.02099 -0.10739
0.45660 0.06483 0.72890
0.45660 -0.06895 -0.64752
-0.38733 0.22369 0.72431
0.24383 0.11737 -0.75830
-0.37938 -0.11984 -0.20632
-0.37938 -0.18051 0.06424
0.05825 -0.19959 0.32939
-0.34660 -0.19959 0.46565
0.34222 0.22369 0.78076
0.45660 0.07663 -0.48054
-0.24796 -0.19959 -0.64227
-0.42596 0.55222 0.16909
-0.42473 0.58735 0.17003
-0.40674 0.22369 -0.05753
0.32198 -0.19959 0.22803
-0.31826 -0.19959 0.12595
-0.30550 -0.19959 -0.06617
-0.34100 -0.19959 0.72530
-0.00830 -0.19959 0.12370
0.45660 -0.16640 0.10785
0.31814 -0.19959 0.69095
0.48529 0.22369 -0.36098
-0.47332 0.31964 0.16422
-0.37938 -0.19405 -0.57455
-0.41012 0.22369 -0.47794
0.25694 0.20414 -0.83237
0.47463 0.22369 -0.38916
-0.37938 0.09931 -0.23021
-0.50271 0.21067 -0.83237
-0.12973 0.61635 0.20223
-0.10879 -0.00819 0.75492
-0.37938 -0.06671 -0.72228
0.32349 -0.19959 0.35558
0.45660 0.21765 0.57083
-0.37938 -0.00841 -0.22231
0.45660 0.08489 -0.04842
-0.02863 -0.19959 0.30133
0.45660 -0.13712 0.40324
-0.18817 0.03014 0.75492
0.24964 0.16235 0.75492
0.19020 -0.19959 -0.12215
-0.17847 -0.19959 -0.24432
0.10062 -0.19959 0.70448
0.39245 -0.19959 0.45561
-0.26631 -0.19959 0.08676
-0.37938 -0.02174 0.45306
-0.14228 -0.19959 0.24309
-0.47759 0.22369 0.02739
0.29620 -0.19959 -0.26710
-0.08451 -0.19959 -0.55808
-0.21620 0.20558 0.82900
-0.14597 -0.19959 -0.50204
-0.32228 -0.19959 0.62690
0.27052 0.09291 -0.75830
0.13008 0.11326 0.75492
0.45660 0.03391 -0.56455
-0.37938 0.14901 0.70426
-0.37938 0.03280 0.02957
-0.40915 0.50819 0.21263
0.45660 -0.09099 -0.46303
-0.22104 -0.19959 0.18931
0.53067 0.21961 -0.58816
0.45660 -0.12948 -0.12400
-0.30573 -0.06312 -0.75830
-0.10739 -0.19959 0.71896
-0.36864 -0.19959 0.75018
0.33657 -0.19959 -0.18162
0.45660 -0.04883 -0.39619
0.35158 0.10508 -0.75830
0.14871 -0.19959 0.63370
0.05010 -0.14561 0.75492
-0.37938 0.07125 -0.59119
0.03983 -0.19959 0.74824
0.29949 0.15766 -0.75830
0.45660 0.19153 0.27949
0.17886 0.22369 -0.77867
0.45660 -0.06287 -0.49076
-0.14320 -0.05298 0.75492
-0.20135 -0.19959 0.74775
0.05814 -0.19959 -0.73220
0.45674 0.22369 -0.50131
-0.00710 0.05582 -0.75830
0.06641 -0.19959 -0.67271
0.45660 0.04995 0.16496
0.43530 -0.19959 -0.49075
0.06776 0.15288 -0.75830
0.23789 -0.04007 0.75492
-0.38159 0.22369 0.19756
0.45660 -0.06318 -0.34897
0.48360 0.22369 0.09225
-0.37938 -0.01758 -0.47345
-0.33332 0.20570 -0.83237
-0.37938 -0.09441 -0.27164
-0.48773 0.22814 -0.33157
0.14213 0.09947 -0.75830
-0.07656 -0.19959 0.55348
-0.06002 -0.19959 0.22883
0.45660 0.01280 -0.49118
0.22801 -0.08143 -0.75830
-0.48818 0.24736 0.23326
0.45660 -0.05570 0.73059
0.45660 -0.11530 -0.34916
0.38488 -0.19959 0.65574
0.11543 -0.19959 0.21538
0.45660 -0.06215 -0.02649
-0.05870 -0.19959 -0.05092
-0.37938 -0.04189 -0.56472
-0.17155 -0.19959 -0.09648
0.08551 0.12661 -0.75830
-0.07716 -0.10752 -0.75830
-0.48644 0.59354 0.17378
-0.45600 0.64065 0.15964
-0.26707 -0.09971 0.75492
-0.12194 -0.19959 -0.23439
0.53067 0.22040 -0.26831
0.21717 0.09662 -0.75830
-0.37938 0.03447 0.71181
-0.07436 -0.19959 0.66959
-0.52753 0.20778 -0.22745
-0.34540 -0.19959 -0.51708
0.29740 -0.19959 -0.04585
-0.37938 0.19937 -0.75531
-0.33403 -0.19959 -0.39887
0.41523 -0.01730 -0.75830
0.45660 0.11244 0.51955
-0.37938 0.19931 -0.50530
0.45063 -0.19959 0.43990
-0.37938 0.06499 0.07432
-0.37938 0.03457 0.44204
0.53067 0.22214 0.63736
-0.22032 0.11937 0.75492
-0.42859 0.22369 -0.77076
0.39633 -0.19959 0.51322
-0.37938 -0.06905 -0.24573
-0.37938 -0.17731 0.61124
-0.37938 0.10197 0.07378
-0.52753 0.20506 0.42072
0.42804 -0.19959 0.21410
0.27032 0.18209 -0.75830
-0.44634 0.22369 -0.74044
0.39941 0.22369 0.76334
0.45660 0.03801 -0.63404
-0.37938 0.12546 -0.32945
0.49365 0.22369 -0.09673
0.45660 0.12712 0.26194
-0.49837 0.29556 0.20133
-0.37938 -0.17208 -0.52895
-0.43629 0.22369 0.46076
0.33224 0.22369 0.80747
-0.35859 0.22369 -0.81261
