0.12241 -0.09252 -0.71608
0.27235 -0.43375 0.76781
0.07458 0.44884 0.16173
-0.52244 -0.15134 0.22765
0.28838 -0.26808 -0.13576
0.06829 0.32495 -0.33137
-0.45795 -0.43925 -0.76855
-0.20321 -0.00245 0.75953
0.18910 -0.09252 0.23707
-0.40479 -0.00245 -0.39942
0.34747 0.24690 0.74461
-0.47011 -0.44861 0.75875
0.00199 -0.26808 0.47445
0.34747 0.28423 -0.47199
-0.17991 -0.26808 -0.29107
-0.05265 0.17335 0.04937
0.34747 0.08005 0.22958
0.06706 0.27868 0.73411
0.29842 -0.44657 -0.74192
-0.16080 -0.09612 -0.21124
0.16518 0.38750 -0.81717
-0.25444 -0.15268 -0.81768
0.25554 -0.06306 0.69847
0.22297 0.14390 -0.14197
-0.23030 -0.09612 0.48391
-0.41633 -0.00245 0.45207
0.34747 0.06181 0.14433
-0.09805 0.09212 -0.61482
-0.38134 -0.26808 -0.15576
0.13880 -0.00245 -0.44393
0.34747 -0.18785 0.27083
0.00286 0.08691 0.33684
-0.04994 -0.26808 0.00884
-0.02195 -0.00245 -0.08994
0.34747 -0.11151 -0.56212
0.26570 0.15743 0.41159
0.23976 0.39658 -0.14120
-0.37021 -0.26808 0.52984
0.12347 -0.26808 -0.52806
-0.52244 -0.24280 -0.54147
0.34747 -0.09745 0.68849
-0.52244 -0.14578 0.73377
-0.27977 -0.00245 0.08833
-0.07267 0.17734 0.49012
0.34747 0.03134 -0.19945
0.00111 -0.23857 0.81668
-0.06043 0.23194 -0.58814
0.06020 0.24628 0.02198
-0.53108 -0.04594 -0.74465
0.21781 0.12323 -0.71590
0.23618 0.36270 0.44353
0.14085 -0.09612 -0.13644
-0.01139 -0.00245 0.65746
0.26570 0.07329 0.17901
0.23775 0.40368 -0.51697
0.06663 0.30108 0.44341
-0.43703 -0.09252 -0.11741
0.34747 0.15747 -0.74445
-0.18488 -0.09252 0.15278
-0.34864 -0.09252 -0.51511
-0.21749 -0.26808 -0.67152
-0.30020 -0.26808 0.21183
-0.31903 -0.22502 0.81668
-0.07711 0.08551 -0.07782
0.11659 -0.09252 -0.44704
0.20862 -0.18893 -0.81768
-0.16302 -0.00245 -0.64958
0.02063 -0.09612 0.60077
-0.49077 -0.00245 -0.11083
0.34747 0.16166 0.44325
0.34747 -0.10736 0.76545
0.22108 0.10933 0.70551
0.21424 0.03248 0.44236
-0.31531 -0.00245 0.19487
0.05428 0.15934 -0.78615
-0.09530 0.09684 -0.36252
0.21811 -0.26808 0.71305
-0.52244 -0.18776 0.49949
0.20510 0.46023 0.70336
-0.00553 0.05729 -0.41349
0.26570 0.14666 -0.32923
-0.20552 -0.00245 -0.14973
0.17968 -0.26808 0.11402
0.23450 0.35875 0.22833
0.31385 0.28532 -0.22271
0.26570 0.20731 0.05982
0.34747 -0.00413 -0.45613
0.34747 -0.07370 -0.07112
-0.17278 -0.00245 0.36276
0.20748 -0.00245 -0.24973
0.12013 0.46389 0.04311
0.04753 -0.26808 -0.26398
0.04735 0.04432 0.10689
0.32396 -0.10909 -0.81768
-0.05637 0.24399 0.22723
-0.52244 -0.20791 -0.27803
0.34747 0.16751 -0.37569
0.07267 0.41624 -0.58595
-0.10627 -0.09612 -0.58743
0.34747 -0.25692 -0.39063
-0.37959 -0.26808 0.12541
-0.13504 -0.26808 0.01087
-0.08855 0.12416 0.21368
-0.20528 -0.09252 0.70939
-0.06612 -0.19823 -0.81768
-0.52244 -0.26117 0.81169
-0.48923 -0.25900 -0.81768
0.34747 -0.07242 0.46324
-0.01042 -0.09612 0.36921
0.06234 0.14837 0.77145
0.08100 0.46123 -0.05573
-0.25905 -0.00245 -0.69605
-0.39528 -0.00245 0.63562
-0.29914 -0.26808 -0.47130
0.29661 -0.26808 0.47874
-0.41427 -0.09612 0.32395
0.34747 0.18517 -0.02372
0.30492 0.13269 0.81668
0.14901 0.04263 -0.02912
0.26570 0.16732 -0.75233
0.34747 -0.25950 -0.66072
0.05079 0.05675 0.50173
-0.16307 -0.26808 0.67146
-0.01674 0.27171 -0.16236
0.34747 0.28156 -0.53749
-0.08732 -0.26808 0.24139
-0.34548 -0.00245 -0.63267
-0.49636 -0.00245 0.37343
-0.10672 -0.26808 -0.64362
-0.08346 -0.00245 -0.56654
0.26570 0.10376 -0.53679
0.02783 -0.09612 0.08020
0.06930 0.35088 0.34708
-0.52244 -0.21045 0.00298
0.23745 -0.10628 0.81668
-0.37348 -0.09612 0.07751
-0.36445 -0.26808 0.38655
-0.07109 -0.09612 -0.06729
-0.18713 -0.00245 -0.38997
0.06701 -0.00245 -0.63926
0.34747 0.28072 0.30011
0.26570 -0.05493 0.04667
0.18478 -0.00245 0.68719
0.23657 0.36550 -0.31155
-0.38078 -0.09612 -0.65472
0.03707 0.21756 -0.47169
0.15858 0.05520 -0.81450
-0.38931 -0.09612 0.64220
0.12998 0.46575 0.50399
0.05456 0.10619 -0.21022
-0.52321 -0.03345 0.08656
0.18447 -0.09252 0.47641
0.29397 0.28532 0.58360
0.05006 0.08895 0.06807
0.10895 0.46467 -0.26758
0.22906 0.23646 0.63501
0.22676 0.25246 0.12545
-0.35926 -0.00245 -0.74376
-0.23190 -0.00245 0.56239
-0.41240 -0.02614 0.80488
0.33062 -0.26808 -0.44877
0.13702 -0.26808 0.33765
0.11835 -0.26808 -0.67338
0.34747 -0.23936 0.04914
0.26570 0.02292 0.27371
0.08397 -0.04662 0.80866
-0.05912 -0.03351 -0.79069
-0.06182 -0.09252 -0.39042
0.07075 0.34397 -0.14979
0.34747 0.09266 0.65016
0.07166 0.41296 0.08054
0.23825 0.42610 -0.66711
0.04165 -0.26808 0.64395
0.15464 0.46466 0.33881
-0.35649 -0.09252 -0.29432
-0.53124 -0.04866 -0.53221
0.25507 -0.09252 -0.56904
0.34747 -0.14728 -0.13449
0.31707 0.28532 -0.78529
0.26570 0.02548 -0.40699
0.34747 -0.09435 -0.20483
0.34747 0.04343 0.29097
0.06451 0.30639 -0.71589
-0.12107 -0.00245 0.06368
-0.17057 -0.26808 0.38284
0.34747 0.03333 -0.01216
-0.40750 -0.26808 -0.64215
0.04465 -0.09612 -0.25153
-0.51678 -0.26808 0.37985
-0.40571 -0.26808 -0.38308
-0.05254 0.25667 -0.37341
-0.35692 -0.26808 -0.78043
-0.52658 -0.02387 -0.29030
-0.35693 -0.00245 -0.04749
-0.26157 -0.09612 -0.06394
0.19326 0.31762 0.78193
-0.34240 -0.09612 -0.34239
0.34747 -0.12026 0.08741
0.26570 0.09937 0.05130
0.07698 -0.26808 -0.04402
0.03512 0.20976 0.22591
0.03131 -0.26808 -0.43652
-0.04115 -0.00403 -0.28956
-0.04844 0.26637 0.55370
0.16764 0.33164 -0.03031
-0.18221 -0.04590 0.02447
-0.08675 -0.09252 0.58955
0.13854 -0.26808 0.57916
0.26570 -0.02268 -0.72260
-0.04836 0.27129 0.34426
0.26570 0.22710 -0.40969
-0.30947 -0.00245 0.31021
0.33054 0.28532 -0.10068
-0.08048 -0.09252 0.81601
0.15865 -0.26808 -0.30845
0.21599 -0.09252 -0.29014
0.34747 -0.01528 -0.68613
0.26570 0.05808 0.58129
0.22845 -0.00245 -0.10866
-0.16624 -0.24634 0.81668
-0.24631 -0.09612 0.30639
0.03112 -0.26808 0.16850
0.26570 0.03958 0.34049
-0.02182 -0.11989 -0.81768
0.18227 -0.26808 -0.14445
-0.28629 -0.00245 -0.25304
0.04853 -0.00245 0.27264
-0.22122 -0.26808 0.33437
0.33490 -0.24245 0.81668
0.26570 0.18858 0.28181
-0.12614 -0.00245 0.17291
0.34747 -0.23687 0.63799
-0.08572 0.00715 0.51458
0.24365 -0.26808 0.28344
-0.52244 -0.10907 -0.57659
-0.32744 -0.26808 -0.02949
-0.48366 -0.26808 0.65102
-0.14412 -0.00245 -0.46914
-0.05011 0.23271 0.05332
0.12399 -0.05043 -0.00829
0.07258 0.37590 0.59233
-0.36059 -0.09612 0.17052
-0.09573 0.09403 0.36583
-0.06997 0.18771 -0.19625
0.05080 0.08306 -0.54590
-0.52244 -0.24198 -0.20957
0.34747 0.16607 0.76546
0.34747 0.08141 -0.61196
-0.37248 -0.26808 0.71901
0.20214 0.00142 -0.58526
-0.21336 -0.09252 -0.45430
0.07773 0.45976 -0.44331
-0.00307 0.06838 0.17273
-0.12335 -0.26808 -0.11117
0.17405 -0.00203 0.16752
0.23637 0.40178 0.07934
0.01106 -0.09252 0.23253
-0.10243 0.06611 -0.17600
-0.05133 -0.26808 -0.72397
0.05939 0.18126 0.55201
-0.38794 -0.09612 0.48574
-0.15454 -0.09252 -0.72878
0.26570 -0.07444 0.39082
-0.12174 -0.26808 -0.45826
0.05761 0.16998 -0.38910
0.05358 0.13877 -0.68511
0.14751 -0.26808 0.41324
-0.52244 -0.09851 0.10938
0.03445 -0.00245 -0.32820
0.26570 0.10485 -0.26847
0.34288 0.04603 -0.81768
0.07403 0.44871 -0.70703
0.22935 0.29032 -0.64811
0.22588 0.18062 -0.07177
-0.18823 -0.26808 0.49306
-0.04892 -0.09612 0.74011
-0.52244 -0.23365 -0.72275
-0.51848 -0.09005 -0.38377
0.22535 0.22501 -0.59720
0.34747 0.25668 0.08413
0.17359 0.46347 -0.38602
0.00652 -0.26808 0.58750
0.34747 -0.11580 -0.36387
0.05129 -0.09612 -0.57179
-0.40431 -0.13866 -0.81768
0.10193 -0.14535 -0.81768
-0.27238 -0.00245 0.62458
-0.37765 -0.26808 -0.28401
0.23117 0.28724 0.44432
0.12517 -0.19447 0.81668
-0.07946 0.07520 0.59639
-0.51478 -0.01261 0.59935
0.20276 0.45794 0.13706
-0.04929 -0.09612 0.45462
-0.43854 -0.26808 0.51894
0.05930 0.18554 -0.29062
-0.00197 0.19295 -0.07563
0.29736 -0.26808 0.17838
0.26570 0.00141 0.81294
0.34747 0.16086 -0.20647
-0.49478 -0.26808 0.22354
0.34747 -0.24885 -0.81261
0.34747 -0.26282 -0.25215
0.00551 -0.00245 0.41021
0.26570 0.20941 0.22341
0.34747 0.17739 0.58764
-0.28158 -0.05805 0.80826
-0.31250 -0.00245 -0.46413
0.15002 -0.09612 0.69440
-0.00476 -0.00245 -0.54349
0.17047 0.12124 -0.81359
-0.05462 0.04514 -0.62701
-0.47562 -0.12308 0.81668
-0.52244 -0.16909 -0.08230
-0.27309 -0.26808 -0.54474
0.22610 0.18276 0.72629
-0.12012 -0.00245 0.66458
0.07427 0.38673 0.73909
0.23723 0.36965 0.53193
-0.02918 0.27247 0.28565
0.07772 -0.26808 -0.81092
-0.16338 -0.26808 0.16446
0.06544 0.30925 0.18207
0.34747 -0.04642 0.27385
0.05196 0.05868 0.65991
0.21759 0.09127 -0.42819
0.19314 -0.00245 -0.72974
0.34747 0.04791 -0.13421
-0.28466 -0.26808 0.05041
0.09620 0.16566 -0.00423
-0.19173 -0.00245 -0.76848
-0.08913 -0.09612 0.05528
-0.43234 -0.09612 0.01082
0.26570 0.03567 0.76271
0.10272 -0.00245 -0.11478
0.14831 -0.00135 0.55518
-0.05122 -0.09612 -0.45853
0.34153 0.28532 0.47991
-0.43153 -0.00245 -0.24253
0.06699 0.35123 -0.79234
-0.44318 -0.00245 0.17953
-0.44307 -0.00245 -0.53158
-0.23611 -0.09612 -0.67440
-0.06068 0.22852 -0.47598
0.24840 -0.09252 -0.04474
0.03083 -0.00245 -0.45935
0.34747 0.13720 -0.53025
0.25729 -0.26973 -0.75631
0.34747 -0.17341 0.68089
0.06260 0.26440 -0.58377
0.08279 -0.09252 0.30671
-0.49616 -0.09612 0.35546
-0.52244 -0.19876 -0.41299
0.26036 -0.26808 0.56260
-0.10186 -0.09252 0.26307
0.22914 0.25052 -0.28016
0.24816 -0.09252 0.26860
-0.52244 -0.14309 0.60305
0.04324 -0.09612 0.46649
0.34747 0.20499 0.20244
0.34747 -0.20618 0.38806
0.34747 0.08199 0.40818
0.19897 0.46123 -0.09312
0.22581 0.20174 0.49278
-0.04730 -0.26808 -0.32662
-0.23717 -0.26808 -0.36100
0.26570 0.19990 0.57769
0.25247 -0.07434 0.58485
0.01854 -0.01886 0.01776
-0.01817 -0.00245 0.76711
0.14866 -0.00210 0.34415
0.26570 0.19759 -0.49381
0.06057 0.21966 0.34515
-0.46760 -0.09252 -0.24670
0.06022 0.23720 0.11654
-0.31949 -0.09612 -0.05949
0.21182 0.03417 0.05912
0.34747 -0.04624 0.06788
0.29871 -0.34755 0.75003
0.26570 -0.08764 -0.70730
-0.01145 0.03357 -0.34014
-0.06470 0.21096 0.31455
-0.52199 -0.06954 0.48160
-0.06501 -0.26808 -0.22872
0.05278 -0.14627 0.81668
-0.00109 -0.09252 -0.10980
-0.25239 -0.09612 0.24722
-0.45421 -0.26808 0.01442
0.34747 -0.18197 0.52730
0.34747 -0.00095 -0.35399
0.34747 0.26384 -0.66847
-0.00315 -0.09612 -0.66835
0.05440 0.11838 0.42913
-0.52244 -0.12798 -0.18021
-0.22584 -0.09252 -0.33906
-0.41724 -0.00245 0.05586
-0.45857 -0.09252 0.67902
-0.16553 -0.09252 0.59805
0.31909 -0.26808 -0.57865
0.23488 0.35138 -0.42610
0.28568 0.28532 -0.38826
0.26570 -0.02898 0.16473
0.02858 -0.26808 0.34530
0.08445 -0.26808 0.76423
0.25522 -0.09252 -0.40398
-0.47662 -0.09689 -0.81768
0.34747 0.04707 0.75555
-0.06567 -0.00245 0.27496
0.18386 -0.26808 -0.01820
-0.39116 -0.26808 -0.48346
0.26570 0.12675 -0.62840
0.18482 0.26588 -0.81337
-0.43481 -0.09252 -0.42444
-0.46575 -0.33082 0.76339
-0.26424 -0.09252 0.06288
0.26570 0.10075 -0.03369
0.15998 0.46395 -0.55567
0.05727 0.13969 0.64926
0.11262 0.46521 -0.18451
0.00951 -0.26808 -0.60010
0.23836 -0.26808 -0.68681
0.09890 -0.26808 -0.40956
0.23126 0.30012 0.32716
0.16948 -0.02026 0.80253
-0.52272 -0.03142 0.76851
0.17258 -0.09252 0.07066
0.05642 0.12234 -0.09042
-0.25263 -0.00245 0.45839
0.26570 0.03797 -0.63975
0.13402 -0.26808 0.22813
-0.12032 -0.26808 0.56370
0.20829 0.45607 -0.78171
0.25570 -0.09252 -0.16945
-0.24071 -0.00245 -0.51555
0.34747 0.23779 -0.31248
0.10616 -0.09612 0.56733
0.07131 -0.09252 -0.35771
0.06506 0.26519 -0.21900
-0.36392 -0.26808 0.27545
-0.25814 -0.26808 -0.19492
0.21936 0.13865 0.14962
0.21897 -0.10177 -0.81768
0.26570 0.22772 0.80729
0.23860 0.37301 0.70634
0.21728 -0.26808 -0.48701
-0.33855 -0.09612 0.76306
0.26570 -0.01256 -0.24864
0.04669 0.04183 -0.75381
-0.52244 -0.15370 0.34992
-0.17420 -0.00245 0.26550
-0.50887 -0.00412 0.25331
0.34747 0.06866 0.53407
-0.28670 -0.09612 -0.18141
-0.44990 -0.00245 -0.68631
0.07241 -0.00245 0.53392
-0.51701 -0.00661 -0.42341
-0.27733 -0.09252 0.58100
0.06949 0.35898 -0.49190
-0.34642 -0.09252 -0.16951
-0.52244 -0.14705 -0.69337
0.34747 0.00121 -0.56390
0.01894 0.15194 -0.56477
0.17022 -0.09612 0.35974
-0.03932 -0.26808 0.73244
-0.43658 -0.34781 -0.73191
-0.04700 -0.09612 -0.27250
0.34747 -0.16112 -0.72940
0.23166 0.32118 0.17750
0.34747 0.10542 0.04249
-0.09553 0.09830 -0.46842
0.34747 -0.16239 -0.49667
-0.24611 -0.26808 0.60222
-0.09072 0.11799 0.12625
0.22289 0.15514 -0.26777
0.07311 0.36739 -0.02791
0.34747 -0.09312 -0.67216
0.07601 0.44978 0.36831
-0.05924 0.22842 0.44728
0.34747 -0.09769 0.57611
-0.04101 -0.00245 -0.69879
-0.25725 -0.00245 -0.04774
0.16744 0.09372 0.78478
0.05380 0.12838 0.23777
-0.26367 -0.09252 -0.56433
0.23066 0.30143 -0.56169
-0.25923 -0.26808 -0.10782
-0.44103 -0.26808 0.44825
-0.10442 -0.09612 -0.17330
0.05304 0.06496 -0.02593
0.34747 -0.02202 -0.80270
-0.16205 -0.00245 -0.25423
0.25933 -0.34823 -0.75993
0.24168 0.42950 0.60467
0.17518 -0.00111 -0.33696
0.34747 -0.18982 -0.25552
0.18924 0.22986 -0.00422
0.27553 -0.26808 -0.24036
0.11678 0.46577 0.67596
0.06201 0.22616 0.49722
-0.05712 -0.26808 0.36769
0.27207 -0.26808 -0.38212
-0.30039 -0.00245 -0.37465
-0.11022 0.03983 -0.30184
-0.01453 0.06688 0.05364
0.34747 0.13865 -0.26570
-0.10461 -0.09252 -0.81259
0.11750 -0.26808 0.66310
0.14548 -0.26808 0.04595
-0.05607 -0.09612 0.14474
-0.23954 -0.15798 0.81668
-0.44035 -0.09252 -0.58998
-0.52244 -0.23580 0.09463
-0.09201 -0.03629 -0.00705
0.00434 0.26631 -0.27427
-0.50113 -0.04273 -0.00798
-0.30532 -0.09252 -0.75964
0.23543 0.32521 -0.07890
-0.00609 0.04859 0.55955
-0.01066 0.03829 0.25396
-0.30287 -0.09612 0.41664
0.11792 -0.09612 0.14596
-0.50041 -0.26808 -0.43971
0.13282 -0.00245 0.44143
0.00750 -0.26808 0.08141
-0.51580 -0.26808 -0.10277
0.26570 0.24370 -0.73665
0.05998 0.23012 -0.63588
-0.00026 0.07314 0.43306
-0.53041 -0.05980 -0.18576
-0.22169 -0.26808 0.75162
0.14451 0.46481 0.25582
0.07283 0.38940 0.49453
-0.20205 -0.09252 -0.56081
-0.00585 -0.26808 -0.07412
-0.15232 -0.19103 -0.81768
0.05466 0.11934 -0.32760
-0.18931 -0.10247 0.81668
0.34747 -0.22343 -0.06112
-0.49323 -0.09612 0.52317
-0.28642 -0.00245 -0.17226
0.34747 -0.14574 0.20727
0.22117 0.45523 0.43670
0.25652 -0.04135 0.46355
-0.16716 -0.26808 -0.76611
0.16102 -0.26808 -0.77186
-0.45097 -0.00245 -0.02871
0.21900 0.11463 0.33770
-0.45001 -0.03103 -0.79007
0.17336 -0.09612 -0.63436
0.26570 0.19914 -0.16661
-0.17506 -0.09612 0.39352
0.04493 -0.09252 0.70277
0.08132 0.05661 0.78052
0.01376 0.13055 -0.47203
0.06604 0.28065 0.55999
-0.11575 -0.09612 -0.51394
0.09843 -0.02106 -0.78657
-0.09149 0.11499 -0.54117
0.27884 0.28532 0.05558
0.23117 0.32993 0.01392
0.28017 0.22587 -0.81768
-0.25843 -0.26484 -0.81768
0.34747 0.15574 0.65945
0.24217 0.44950 -0.23116
0.16016 -0.00245 0.26382
0.06638 0.27096 -0.07756
-0.51640 -0.26808 -0.62993
0.26570 -0.03258 -0.49831
0.07238 0.37834 -0.24932
-0.10948 -0.00245 -0.09369
-0.10604 -0.00245 0.76865
-0.31988 -0.26808 -0.68132
0.34747 0.13382 0.33979
-0.53124 -0.04991 -0.64327
0.25395 -0.26808 0.04490
0.26570 0.21319 -0.23301
0.26570 -0.03765 -0.34355
0.20851 -0.26808 0.50222
0.14672 0.46552 0.78503
0.18410 -0.26808 0.80322
-0.06450 -0.19405 0.81668
-0.07431 0.17923 0.12701
0.26570 0.11091 -0.38515
-0.39351 -0.00245 -0.13528
0.02523 -0.26808 -0.74837
0.22129 0.12211 0.60845
0.23945 0.42390 0.32280
0.18982 0.00101 -0.03354
0.10483 0.23288 -0.81341
-0.08272 -0.26808 -0.54348
0.03445 -0.00245 -0.23298
0.34747 -0.22195 0.12932
0.34747 0.22040 -0.58495
-0.37098 -0.00245 -0.31325
-0.05740 -0.00144 0.37525
-0.38842 -0.00245 0.73501
-0.52456 -0.05735 0.19931
0.34747 -0.00412 0.61663
0.24229 0.42242 -0.01876
0.18822 -0.26808 -0.58099
0.21884 0.12589 -0.58607
0.26570 -0.00200 -0.17055
0.22957 0.30310 -0.74463
0.09699 0.00352 0.64119
-0.45256 -0.09612 0.17260
-0.00717 0.04636 -0.19593
0.22585 0.21356 0.37914
-0.38664 -0.20322 0.81668
0.07115 0.39017 0.23265
0.07936 0.00510 -0.50491
0.34747 0.14314 -0.10977
0.26570 0.07274 -0.77554
0.15734 0.17931 0.78608
-0.42051 -0.26808 -0.07315
-0.52244 -0.22392 0.59307
-0.01654 0.14937 0.59899
0.05648 0.16093 0.31694
-0.09990 -0.09612 0.38241
-0.41450 -0.00245 -0.48476
0.24185 -0.26808 0.36284
-0.39656 -0.00245 0.26717
0.06529 0.29042 -0.43793
-0.06353 -0.26808 0.13438
0.15075 -0.00245 0.05360
-0.23979 -0.00245 -0.59092
-0.10169 -0.26808 0.45653
0.13153 -0.09252 -0.20660
-0.18756 -0.09612 -0.08937
-0.05817 0.23364 -0.28247
0.02658 0.17158 -0.16186
0.26570 0.01289 0.66749
-0.52244 -0.17005 -0.80951
0.34747 0.08350 -0.31060
-0.52245 -0.08355 -0.05468
-0.08672 0.12680 -0.26957
0.15574 -0.09252 -0.05585
0.00612 -0.00245 -0.61365
0.05375 0.13651 0.14906
0.06906 0.36877 -0.65541
0.11654 -0.00245 -0.26106
0.21990 0.13897 0.22927
-0.44631 -0.09612 0.41087
-0.02085 0.00311 0.12342
0.05889 -0.09252 -0.02443
0.34747 0.16940 0.12263
-0.23057 -0.26808 0.12723
0.21045 0.45795 -0.31232
-0.14041 -0.09252 0.73555
0.23532 0.33372 0.60391
0.08102 -0.00245 0.37226
0.01933 0.15446 0.05986
-0.29829 -0.00245 0.70252
-0.33028 -0.05265 -0.00817
0.13673 0.23844 0.78612
0.34747 0.07446 -0.50177
-0.12206 -0.09252 -0.31957
-0.07070 0.18349 -0.12924
0.17906 -0.09612 -0.51383
0.31048 0.28532 0.13396
0.21754 0.07967 -0.31884
-0.29100 -0.26808 0.41563
0.19751 0.45974 -0.46555
-0.13040 -0.26808 0.74823
0.23962 0.43778 0.20926
0.23384 0.31123 -0.17912
-0.18196 -0.00245 0.51841
0.34747 -0.03223 0.13374
0.13725 0.28735 -0.00032
0.03295 -0.26808 -0.35736
0.26570 -0.01053 -0.02106
-0.30463 -0.09612 -0.43203
-0.07659 0.16720 -0.38776
0.16466 0.41284 -0.00068
-0.02620 -0.09252 0.29475
-0.46858 -0.09252 -0.33048
-0.18330 -0.09252 -0.81524
-0.48384 -0.00245 0.49775
0.23436 0.37600 -0.75196
0.10550 -0.09252 0.43382
-0.07895 0.15617 0.38832
0.31661 0.28532 0.38296
0.12030 0.46373 -0.79339
0.26570 0.01673 -0.53172
0.28562 -0.16185 0.81668
-0.17157 -0.26808 -0.57669
0.26570 0.20203 -0.00243
-0.52244 -0.18035 0.14939
0.05050 0.03983 -0.15679
0.21392 0.05927 0.12403
0.28304 -0.29243 0.76746
-0.39413 -0.26808 0.63396
-0.34555 -0.09612 0.26263
0.06372 0.27488 0.26630
0.29744 0.12655 -0.81768
-0.27052 -0.09252 -0.27204
0.19835 0.46091 -0.18461
0.26570 0.08122 -0.13005
0.34747 -0.07690 0.36000
-0.00294 0.26704 0.16966
-0.47015 -0.26808 -0.27346
0.21683 0.06517 0.50630
-0.41082 -0.09612 0.55886
0.18164 0.10363 -0.02497
-0.42048 -0.09612 -0.74698
-0.52244 -0.11852 0.02533
0.31135 -0.26808 0.35079
0.34747 -0.12982 -0.42193
-0.06049 -0.09252 -0.73779
0.09112 -0.00245 0.19285
0.21361 0.04250 0.24695
-0.19515 -0.00245 0.10536
-0.39839 -0.09612 -0.52610
-0.00775 -0.09252 0.81605
0.13768 -0.00245 -0.18761
0.22824 0.26226 0.25206
-0.12841 -0.00245 -0.71175
0.04297 -0.18651 -0.81768
-0.52244 -0.10263 -0.45630
-0.05004 -0.09612 0.54263
-0.52244 -0.22318 0.70810
-0.07860 0.00513 0.57558
0.27267 -0.26808 0.64532
-0.29848 -0.09612 0.66788
0.21553 -0.26808 0.20052
0.34747 0.11589 -0.69141
-0.06059 -0.00168 -0.47997
0.20285 -0.05324 0.02443
-0.10494 0.06116 0.29719
0.10930 -0.09612 0.23382
0.07156 0.37927 0.40363
0.01223 0.12025 -0.26318
0.28431 -0.26808 -0.03242
-0.02027 -0.09612 0.00113
-0.52244 -0.21440 0.41288
0.12370 -0.00150 -0.57572
0.17411 -0.09252 0.77170
-0.47035 -0.00245 0.68044
0.14419 -0.00245 -0.65979
-0.41625 -0.26808 -0.77191
0.15180 0.46388 -0.68797
-0.24302 -0.05826 -0.00778
-0.06866 0.19041 0.57686
-0.19903 -0.26808 -0.04673
0.10075 -0.09252 0.63603
0.29059 0.28532 0.70359
-0.30943 -0.26808 0.49506
0.03985 -0.09252 -0.74458
0.34747 -0.03351 0.81281
-0.11353 -0.00245 -0.39390
0.26570 0.13273 0.67106
-0.22815 -0.00245 0.17990
-0.52055 -0.07422 0.65576
-0.03862 -0.00484 -0.41099
-0.10216 0.07646 0.07397
0.34747 -0.24805 -0.73188
0.01189 0.11673 0.51346
0.34747 0.13513 -0.46115
0.21827 0.12958 0.07553
-0.00345 -0.00245 0.50725
0.23914 0.41739 -0.44468
0.14048 -0.09612 -0.28753
0.07613 0.44405 -0.34176
0.08583 -0.00245 0.05096
-0.14824 -0.00245 -0.55430
-0.38206 -0.09612 0.40147
0.22382 0.18258 -0.40328
-0.33836 -0.00245 0.02310
0.34499 -0.26808 0.57251
0.34747 0.02137 0.46868
-0.00139 -0.26808 0.24338
0.26570 0.08092 0.28988
0.05850 0.18203 0.40940
0.00961 0.26294 0.08062
-0.05158 -0.00245 -0.21689
-0.17074 -0.00245 -0.07158
-0.30303 -0.00245 0.39556
-0.13621 -0.26808 -0.19339
0.10171 -0.26808 -0.17306
0.20665 -0.18950 0.81668
-0.28965 -0.26808 0.77477
-0.00060 0.09768 -0.61822
-0.17923 -0.09612 0.23360
0.03207 -0.09252 -0.44237
0.11189 0.46383 -0.63607
0.34747 -0.01117 -0.27299
0.21565 0.06918 -0.49952
0.22053 0.11234 -0.19467
-0.10430 0.05990 0.46261
0.26665 -0.02649 -0.81768
-0.52161 -0.26808 0.50730
0.06212 0.23638 -0.37400
0.34255 -0.26808 0.43388
0.23982 -0.09577 0.11756
-0.43213 -0.09612 0.76879
0.16023 -0.06330 -0.79101
0.23291 0.34759 -0.68512
0.34747 0.12643 0.51605
0.27596 -0.25173 -0.81768
0.01161 0.12025 -0.36896
-0.01048 0.27031 0.47178
-0.17017 -0.09612 -0.40260
0.26570 0.14789 0.52001
0.19247 -0.00245 -0.49952
-0.20446 -0.26808 -0.44751
0.30713 -0.26808 0.29380
-0.28827 -0.09612 0.13766
0.19507 -0.26808 -0.22688
0.34747 0.22199 -0.15450
0.33857 0.27192 0.81668
0.04805 -0.09252 0.14432
-0.17267 -0.09252 0.47513
-0.07777 -0.09252 -0.66125
-0.45707 -0.26808 -0.17371
-0.42470 -0.05896 -0.00766
0.34747 -0.15301 0.60362
-0.32365 -0.09252 0.34314
-0.30349 -0.00245 0.54877
0.07426 -0.26808 0.55502
0.34747 -0.21360 -0.18366
0.23587 0.45145 0.53170
0.05842 0.19553 -0.52399
0.21369 0.00716 0.61455
0.34747 -0.19544 -0.56607
-0.32361 -0.09612 -0.61949
0.01330 -0.26808 -0.20596
0.13346 -0.09612 -0.55045
0.26570 0.04933 -0.07751
-0.52244 -0.09365 0.27763
0.21153 0.02310 -0.65949
0.13283 0.46640 -0.10560
0.21938 0.15357 0.00332
-0.28183 -0.00245 -0.77451
0.34747 0.24804 -0.00643
-0.34934 -0.20278 -0.81768
-0.15599 -0.09612 0.33281
-0.20049 -0.26808 0.05947
0.34747 -0.14899 0.43437
0.22461 0.21552 0.17241
-0.52028 -0.26808 -0.37772
0.34747 0.22347 0.34794
0.03400 -0.00245 -0.07723
0.29712 0.28532 0.21712
-0.04628 0.27372 -0.08766
-0.00703 0.04531 -0.12465
0.03949 -0.09252 -0.17457
0.26570 0.00812 0.39768
-0.47538 -0.26808 0.14567
0.07250 -0.09252 -0.64691
-0.31469 -0.00245 -0.54462
0.26570 -0.06721 0.75761
0.02101 -0.00245 -0.70758
0.07038 0.38575 0.16069
0.34747 0.21589 -0.79245
0.27611 0.28532 0.79512
-0.44982 -0.26808 0.26764
-0.10977 -0.09612 -0.26771
0.12021 0.46564 0.58277
-0.52244 -0.18873 -0.63069
-0.26863 -0.26808 -0.61674
0.05015 0.05622 -0.37537
-0.42192 -0.00245 -0.60564
0.26570 -0.01217 0.52759
-0.34036 -0.00245 0.47582
0.18602 -0.09252 0.56959
-0.02847 -0.09252 -0.57722
0.06230 0.21735 -0.15558
-0.02629 -0.09612 0.10924
0.26570 0.28254 -0.02257
-0.05193 -0.26808 0.63748
0.26570 0.24689 -0.06636
0.34747 0.18106 -0.66724
0.25539 -0.03471 0.33325
0.06220 0.21564 0.63209
0.10528 -0.26808 0.10939
0.07308 0.40538 -0.41486
0.24459 -0.09252 0.51614
0.26570 -0.03110 -0.61890
-0.52479 -0.04500 0.31692
-0.47415 -0.09252 -0.51746
-0.40455 -0.26808 -0.56364
0.34747 -0.04203 0.72199
-0.38263 -0.00245 0.15467
0.02922 -0.09252 -0.51613
0.23745 0.44898 -0.59225
0.13300 -0.00009 0.73718
-0.45031 -0.09252 -0.65657
-0.00501 0.05595 -0.26445
0.21379 0.06997 -0.78934
0.34747 0.25197 0.55013
0.26570 0.22481 -0.33389
0.22301 0.19503 -0.64993
0.21609 0.09044 -0.64707
0.34747 0.20031 0.51083
0.16757 0.46556 -0.00295
-0.25705 -0.26808 -0.28088
-0.28559 -0.00245 0.78403
-0.28067 -0.09252 0.74747
0.11716 0.46504 0.43247
0.34747 0.21057 0.26604
0.19419 -0.09612 -0.36539
-0.04246 -0.09612 0.67033
-0.00794 -0.09252 -0.34636
-0.07738 0.16598 -0.46543
0.23120 0.28037 0.51741
0.11555 0.00148 -0.02882
-0.43187 -0.29802 0.73841
0.12830 0.11829 -0.03006
0.26570 0.28178 -0.14271
0.23285 0.31528 -0.37023
0.34747 0.00029 0.35565
0.00531 -0.26808 -0.50727
-0.19454 -0.26808 -0.14990
-0.46539 -0.09252 -0.17232
-0.49310 -0.09252 -0.73890
0.13510 0.37468 0.78485
0.24251 0.42635 0.76155
0.06835 0.34856 -0.55903
0.26570 0.22935 0.43883
0.26570 0.12972 0.12197
0.06158 -0.00245 0.69028
0.06464 0.30007 -0.63350
-0.09005 -0.26808 -0.79679
-0.25892 -0.26808 -0.02272
-0.06961 -0.00245 0.72209
0.05951 0.17090 -0.11077
-0.24180 -0.09252 0.16493
0.00285 -0.00245 0.19572
0.23439 0.32576 -0.24236
-0.16650 -0.09612 -0.63239
0.34747 -0.08503 -0.73560
0.07613 0.43413 0.54336
0.10328 0.11103 -0.81411
0.11347 -0.00245 0.12297
-0.36762 -0.06929 -0.78953
0.34747 0.07540 -0.75576
-0.15225 -0.09252 0.09273
-0.11171 0.01817 0.41655
0.02828 0.17907 -0.21445
-0.17877 -0.00245 0.61051
0.19250 0.45939 0.06195
0.01826 0.14744 0.19789
0.19021 0.32965 -0.81344
-0.02181 0.11465 -0.07535
0.11332 -0.09612 0.02215
-0.08314 0.14275 0.28664
0.06226 0.20611 -0.04982
-0.11264 0.03547 -0.51413
0.26570 0.03201 -0.30383
-0.46105 -0.09612 0.59570
-0.12663 -0.26808 -0.34423
0.06236 0.28102 -0.78667
0.13230 0.21517 -0.00004
-0.48696 -0.20744 0.81668
0.34747 -0.11887 0.50485
-0.46435 -0.26808 0.34041
0.22659 0.23650 -0.52488
0.28903 0.28532 -0.29433
0.20807 -0.09612 0.17068
-0.28802 -0.26808 0.30108
-0.10956 -0.09612 0.65996
-0.10050 -0.00245 -0.15866
-0.14299 -0.09612 -0.00445
-0.13083 -0.04906 -0.79249
0.07715 -0.09612 -0.09074
0.18379 -0.26808 -0.37810
-0.30457 -0.26808 0.12150
-0.52244 -0.14220 0.42880
-0.51351 -0.00245 -0.54352
0.06556 0.32591 0.03218
-0.51651 -0.00595 -0.35766
-0.07119 0.00087 0.20151
-0.44090 -0.09252 0.10557
-0.52244 -0.13530 -0.26575
0.23421 0.30972 0.67718
-0.47339 -0.03912 0.80801
0.29757 -0.26808 -0.31325
0.07301 0.37506 0.66575
0.07472 -0.09612 0.76442
0.22362 0.21764 -0.78493
0.08348 0.03757 -0.81104
-0.10222 -0.09612 0.19082
-0.12582 -0.09252 0.52185
0.34747 0.21888 -0.49537
-0.18095 -0.09252 -0.28011
-0.02766 -0.09252 -0.20272
0.04892 0.03620 0.42598
-0.00359 -0.00245 0.31056
-0.30695 -0.26808 -0.38051
-0.23320 -0.00245 -0.43952
0.09855 0.00211 -0.39097
-0.15421 -0.16573 0.81668
0.00866 0.11006 0.26843
0.05572 -0.09612 0.39260
-0.20841 -0.00245 0.00169
-0.41454 -0.26808 0.18848
0.30760 0.28532 -0.71390
-0.52244 -0.20905 0.27082
0.11763 -0.09340 0.81668
0.34747 -0.17907 -0.80723
-0.46613 -0.26808 -0.68384
0.25048 -0.04461 -0.42977
0.22226 0.16562 -0.46768
0.18669 -0.09612 -0.59745
-0.00096 0.22837 -0.62775
-0.52244 -0.15426 -0.46851
0.05673 -0.26808 -0.56469
-0.05881 -0.26404 0.81668
0.05406 0.13843 -0.61006
0.23139 0.25918 0.75829
-0.12338 -0.26808 0.10887
0.10627 -0.26808 -0.60613
0.26570 0.09221 -0.69065
0.18913 -0.09252 -0.22721
0.23526 0.37259 -0.58088
-0.35467 -0.09252 -0.70922
-0.31723 -0.26808 -0.31934
-0.19878 -0.09252 0.04121
0.18750 -0.09612 -0.70903
0.04872 0.06004 -0.62987
0.02301 -0.06642 -0.79042
0.25245 -0.09252 -0.47654
0.34747 0.02504 0.08395
-0.07096 0.19141 -0.53136
0.26570 0.24511 -0.66836
-0.12013 -0.09252 -0.44517
-0.42110 -0.09252 0.23241
0.33256 -0.26808 0.74197
-0.37887 -0.09252 -0.22791
-0.03725 -0.26808 -0.65344
-0.47366 -0.27547 -0.75082
-0.22170 -0.09252 -0.19695
0.00681 0.26468 0.23346
0.34747 0.13973 -0.59879
-0.24716 -0.08097 -0.78504
-0.33218 -0.26808 -0.20558
-0.13017 -0.26808 0.29671
0.05332 0.10880 -0.42411
0.12792 -0.20915 -0.81768
0.26570 0.27599 0.28464
0.08899 -0.26808 -0.31234
0.19343 0.03751 -0.00781
-0.21480 -0.21059 -0.81768
0.09304 0.46345 0.74593
-0.30767 -0.09612 0.20345
-0.33085 -0.09612 0.51872
-0.17945 -0.09612 0.66328
-0.10775 0.05203 0.23648
-0.14792 -0.00245 -0.32202
0.21731 0.08306 0.39821
0.20206 -0.09252 -0.10904
-0.53085 -0.05645 -0.46360
0.19685 0.00126 0.48923
0.06628 -0.26808 0.04560
-0.18025 -0.09252 -0.50497
-0.24504 -0.09612 -0.39942
0.07414 0.42810 0.30279
0.24631 -0.01188 0.22046
-0.06655 -0.00245 -0.35600
0.34747 -0.19673 -0.36373
-0.05727 -0.00245 0.03900
-0.00717 0.05311 -0.50290
-0.43557 -0.38516 0.76057
-0.34293 -0.09612 0.59239
-0.24975 -0.26808 0.69131
0.26570 0.22652 0.71169
-0.19654 -0.26808 0.27025
0.33516 0.05361 0.81668
0.07399 0.45614 -0.00042
-0.37368 -0.26808 0.46147
0.34747 -0.21979 0.21009
0.13065 0.46465 0.18431
-0.01058 0.04174 0.11000
-0.10160 -0.00245 -0.65211
-0.21624 -0.00245 0.66779
0.28896 -0.26808 0.70541
0.17895 -0.26808 0.28367
-0.22767 -0.09612 0.59911
-0.24223 -0.09252 0.38376
-0.46935 -0.09252 0.04788
-0.41377 -0.09612 -0.36334
0.34747 -0.08365 -0.50105
-0.04101 -0.00346 -0.15289
0.04599 0.03138 0.03100
0.07368 -0.26808 0.25901
-0.07817 0.14489 -0.08443
-0.07485 -0.26808 0.51371
0.34747 0.25186 -0.41682
0.19988 -0.26808 0.64801
0.16758 0.19847 -0.81511
-0.38133 -0.26808 0.79967
-0.00077 -0.00806 -0.77935
-0.52244 -0.15328 0.67315
-0.33476 -0.00245 -0.11993
-0.09241 -0.09252 -0.01002
0.21226 -0.00245 0.75974
0.01767 -0.00245 -0.39350
0.26570 -0.04178 -0.08026
0.20752 0.00198 -0.79478
0.34747 0.09918 -0.17727
-0.02705 -0.26808 0.30517
0.06361 0.29093 0.08892
-0.23896 -0.00245 0.35316
-0.52125 -0.02661 0.70734
0.34747 -0.11320 0.27510
-0.01935 -0.26808 -0.39490
0.34747 0.04125 0.69682
0.01682 0.13791 0.38685
0.34747 -0.03881 -0.40404
0.05392 -0.09252 0.54565
0.12686 -0.09612 0.49980
-0.47094 -0.26808 0.75966
-0.41464 -0.26808 0.06914
-0.52244 -0.22023 -0.47100
-0.41804 -0.26808 0.57621
-0.51617 -0.01496 0.44690
-0.47459 -0.00245 0.74919
0.29326 -0.37496 -0.73258
0.06732 -0.26808 0.70579
-0.08654 0.12485 -0.15018
-0.10258 0.06469 0.53639
-0.11283 -0.09612 0.45327
0.34747 -0.01725 -0.12584
0.04671 -0.00245 0.60669
-0.50790 -0.00285 0.17031
-0.25486 -0.26808 0.53126
0.15647 -0.00245 -0.10239
0.06977 0.38563 -0.71751
0.23744 -0.26808 0.12851
0.34747 0.21546 -0.72499
0.34747 -0.14654 -0.30403
-0.10205 0.07471 0.17300
0.34747 -0.18221 0.74570
-0.37357 -0.26808 0.01674
0.07910 -0.23579 0.81668
0.34747 0.21743 -0.22456
0.06719 -0.26808 0.47308
0.00705 0.26655 0.58784
0.34747 -0.14184 0.35843
0.26570 0.07410 -0.59056
0.24748 -0.07028 -0.75936
0.02176 -0.26808 0.75437
0.20562 -0.09252 -0.44013
0.21309 0.45683 0.36562
-0.52244 -0.26344 -0.30696
-0.00789 -0.09252 0.16977
0.09112 -0.09252 -0.77489
0.05222 -0.26808 -0.69181
0.20218 -0.26808 -0.08309
0.21375 -0.26455 -0.81768
0.21855 -0.00245 0.35182
0.14540 -0.00323 -0.76643
-0.21852 -0.26808 0.19093
-0.06411 -0.26808 -0.47095
-0.12503 -0.09612 -0.11471
-0.10440 0.06016 -0.23962
-0.12166 -0.26808 -0.26480
-0.47227 -0.26808 -0.56337
-0.10968 -0.09612 0.78913
0.21961 -0.00245 0.16463
0.26570 0.11649 -0.45202
0.07136 -0.04623 0.02449
0.26570 0.02930 -0.81462
-0.03478 0.27352 0.41163
-0.37454 -0.09612 0.70137
0.06631 0.31028 0.30223
-0.00607 0.05862 -0.56581
-0.17096 -0.02086 0.80279
-0.04669 0.27400 -0.23683
-0.23491 -0.09252 0.53545
-0.28350 -0.09089 0.00507
-0.01447 -0.00245 0.59453
0.26570 -0.02102 0.11142
0.27899 -0.26808 -0.63886
0.08620 0.28161 -0.02229
-0.11717 -0.09612 0.12917
0.05191 0.06756 0.56329
0.26570 0.04200 0.09383
-0.50764 -0.09612 -0.12695
-0.26803 -0.09252 -0.48204
-0.05027 -0.09612 0.22919
-0.46784 -0.00245 -0.32073
0.10726 0.29230 0.78206
-0.06711 0.20494 0.18011
0.34571 0.20082 0.81668
-0.35857 -0.09612 -0.42506
0.34747 -0.26056 0.50760
0.17887 -0.26808 -0.70378
-0.22167 -0.09612 -0.73079
0.03713 -0.00919 0.79653
0.05050 0.04648 -0.22497
0.12645 0.46490 -0.50388
-0.26616 -0.26808 -0.42154
0.01863 -0.09612 0.74682
0.18608 0.46250 -0.25234
0.15535 -0.11356 -0.81768
0.05141 0.11486 0.01245
-0.05230 -0.09612 -0.14855
0.34747 -0.01003 0.00290
0.22157 0.11064 0.76668
0.01120 -0.09252 -0.04462
-0.07113 -0.00245 0.45832
-0.26619 -0.26808 -0.71006
0.21618 -0.09252 0.32108
-0.45288 -0.00245 -0.18552
0.04627 0.02257 0.16194
0.26570 0.04106 -0.00444
0.07215 0.00763 0.47316
0.05189 0.11901 -0.74237
0.15708 -0.09252 0.30098
0.17512 -0.00245 0.10745
-0.20447 -0.26808 0.43522
-0.52088 -0.01236 -0.48654
-0.46569 -0.36970 0.72933
0.07514 0.41521 -0.20200
-0.27310 -0.02268 0.01945
-0.26471 -0.09612 -0.12569
0.28705 0.28532 -0.57455
-0.48452 -0.09252 0.21503
-0.41193 -0.09612 -0.28514
0.16493 -0.26808 -0.45847
0.26570 0.17976 0.77733
-0.21291 -0.09252 -0.03063
0.34747 -0.26661 -0.15649
0.04892 0.05862 0.20003
-0.51670 -0.09252 -0.33256
-0.50338 -0.00245 -0.71223
-0.27647 -0.00245 -0.31007
-0.45941 -0.00245 -0.43726
0.05710 0.15209 0.49848
0.00650 0.20992 0.04809
0.34747 -0.07008 -0.26673
-0.47894 -0.26808 -0.05641
-0.26402 -0.09252 -0.61956
-0.38489 -0.08618 0.79843
-0.08254 0.13954 0.53451
0.34747 0.10477 -0.06499
0.23564 0.45000 0.26684
0.34747 0.26304 0.42447
-0.25005 -0.00245 -0.11111
0.11292 -0.09252 -0.60525
0.34747 -0.03724 0.19243
-0.09756 -0.00245 0.33217
0.21621 -0.26808 -0.32083
0.22619 0.22329 -0.45315
0.06427 0.24150 0.68491
0.00655 -0.26808 0.69115
-0.37599 -0.09252 -0.59478
-0.32646 -0.26808 -0.56945
0.18397 0.46120 -0.61343
-0.06927 0.19310 -0.32359
-0.52244 -0.16179 0.06511
0.22625 -0.26808 -0.41867
0.23371 0.33957 -0.48357
-0.46351 -0.26808 -0.36350
0.23583 0.38404 0.17561
0.11804 -0.09612 0.75753
0.34747 -0.06080 0.64296
-0.50512 -0.09252 0.71723
0.17773 0.46358 0.53657
0.31951 -0.26808 -0.50601
-0.47493 -0.00245 0.02435
-0.13051 -0.09612 -0.66597
0.21624 0.37041 -0.02128
-0.10382 -0.09612 0.32932
-0.52244 -0.18051 -0.35778
-0.40350 -0.09612 -0.16568
-0.19018 -0.26808 0.55110
0.23911 0.41078 0.40399
0.22061 0.13093 -0.36960
0.22448 0.17202 -0.19688
0.34747 -0.06575 -0.62122
0.13232 -0.09252 -0.39421
0.20065 0.45799 -0.72451
0.34747 -0.07592 0.01837
-0.32644 -0.09612 -0.56526
0.02988 0.19216 0.13589
-0.01824 0.27119 -0.32699
0.24032 0.42147 0.47919
-0.01167 -0.21673 -0.81768
0.34747 0.11347 0.74220
0.34747 -0.15042 -0.66803
0.20975 -0.26808 0.58979
0.06268 0.23903 -0.31676
0.04890 0.07077 -0.70980
0.04919 0.04593 0.36971
0.12181 -0.26808 -0.22656
0.22309 0.15398 0.56107
-0.18483 -0.00245 -0.70308
0.04992 -0.09252 0.02634
0.18763 -0.09612 -0.00473
-0.34082 -0.09252 0.02787
0.24106 -0.09415 0.44893
-0.47528 -0.00245 -0.62540
0.01329 0.26192 -0.55557
0.21868 0.07489 -0.09873
-0.48497 -0.26808 -0.50704
0.34747 -0.04911 -0.32392
-0.52244 -0.25399 0.17603
0.28203 -0.31086 -0.72607
0.05026 0.07169 0.27225
0.25568 -0.14499 -0.81768
0.10807 -0.00245 0.27147
0.20401 0.21033 0.77798
0.23522 0.31940 0.73290
-0.46773 -0.39726 -0.73194
0.16362 -0.09252 0.18658
0.34747 -0.21707 -0.46634
0.09897 0.46287 -0.56788
-0.52815 -0.02877 -0.23405
0.10211 0.04075 -0.00119
0.22227 0.15078 0.46876
-0.19084 -0.21489 0.81668
-0.20043 -0.00245 0.41187
0.07010 0.32715 -0.07909
-0.36881 -0.00245 0.21252
0.06065 -0.09612 -0.30251
0.26570 0.12750 0.19432
0.18807 -0.00245 -0.14826
-0.05202 0.26300 0.10064
-0.33592 -0.26808 -0.51403
0.25781 -0.09252 -0.10404
0.19853 0.00125 0.40052
-0.10732 0.05361 -0.43650
0.05612 0.12791 0.59446
-0.22003 -0.00245 -0.64338
-0.35318 -0.09252 -0.11389
0.20066 -0.26808 0.43095
-0.08983 0.00810 -0.26046
0.21068 -0.09252 -0.75824
-0.34982 -0.26808 -0.63408
0.23857 0.43912 0.03761
0.07387 0.45206 -0.76455
0.27063 -0.26808 -0.47042
0.22913 0.40918 -0.80376
0.26063 -0.26808 -0.08731
-0.36453 -0.00245 -0.51955
0.15925 -0.00121 0.61301
0.15334 -0.09612 0.61810
0.06086 0.25100 -0.71193
0.25526 -0.37388 0.74690
-0.26350 -0.22165 0.81668
0.19912 -0.09252 0.72028
0.26570 0.15107 -0.67842
0.02968 0.19273 -0.59806
0.27948 -0.24663 0.81668
0.21397 0.01272 -0.18606
-0.11003 -0.26808 0.61538
-0.11540 -0.26808 0.37691
-0.29913 -0.26808 -0.16108
0.24822 -0.08346 0.00774
-0.34798 -0.00245 0.66448
-0.37375 -0.03621 -0.00704
-0.16280 -0.00245 -0.01687
0.32213 -0.26808 -0.08151
-0.47006 -0.18557 -0.81768
0.29752 0.28532 0.51329
0.25245 -0.07438 0.21662
0.00685 -0.09612 0.50802
-0.34000 -0.00245 -0.26782
0.26570 0.02357 -0.75367
0.34747 -0.14705 0.03921
0.28686 -0.26808 0.08914
0.34747 0.04057 -0.42390
0.09083 -0.26808 -0.46406
-0.49703 -0.09612 -0.62368
-0.46425 -0.26808 0.70607
0.12124 -0.09252 0.09044
0.26570 0.09555 0.62692
0.01796 0.14044 0.46383
0.16241 -0.00245 -0.27523
0.21841 0.08385 0.55791
-0.33482 -0.09252 0.12222
-0.06333 -0.01574 0.80041
-0.52244 -0.26360 0.04735
0.00726 -0.26808 0.41987
-0.00801 0.20353 0.59924
-0.29648 -0.09612 0.28572
0.05368 0.07953 0.71054
-0.11837 -0.00245 0.22915
-0.39219 -0.00245 0.32172
-0.03707 0.11623 0.04662
-0.52244 -0.10924 0.55338
-0.52456 -0.04122 0.39972
0.34747 0.09963 -0.36281
-0.26127 -0.26808 0.25349
0.01862 -0.00245 -0.14358
0.13878 -0.00217 -0.52433
-0.13592 -0.26808 -0.05813
0.26570 0.15368 -0.55863
0.21310 0.02957 0.29986
0.21535 0.05141 -0.36534
0.34747 -0.09218 0.13403
-0.24065 -0.00245 -0.22341
0.08934 0.46171 0.26283
-0.52244 -0.12067 -0.64582
-0.42285 -0.26808 -0.71668
0.24279 -0.01649 -0.29469
0.34540 -0.26808 0.10089
0.34747 -0.19607 -0.10786
0.34747 -0.00744 -0.75059
-0.46244 -0.00245 0.28096
0.34747 -0.18809 0.47171
-0.24404 -0.26808 0.38885
0.00096 0.07931 -0.31419
0.34747 0.24468 0.60366
0.26570 0.13336 -0.07673
0.06870 0.30791 0.68879
0.08276 -0.26808 -0.75721
-0.52244 -0.24912 0.75915
-0.33278 -0.00245 0.07672
0.02099 0.25985 -0.43512
0.11787 0.01751 0.78688
0.08386 0.46154 0.62234
0.26570 0.08147 -0.34293
0.04864 0.03886 -0.42972
-0.24546 -0.10444 0.81668
0.22784 0.27438 0.06899
0.10239 0.38707 -0.81132
0.06097 0.24033 0.19808
0.26570 0.26878 -0.20537
0.26570 -0.09009 -0.65358
-0.07530 -0.13910 0.81668
0.22641 -0.00245 -0.38329
0.26570 0.27746 -0.79888
-0.52625 -0.02311 -0.59143
-0.45336 -0.09252 0.46397
0.26570 0.14066 0.00222
0.15580 -0.09612 0.41552
0.34747 0.11631 0.13052
-0.23768 -0.00245 -0.37198
-0.42152 -0.26808 -0.21390
-0.46465 -0.00245 0.61544
0.19333 0.42819 0.78281
0.05641 0.15846 -0.45544
0.34747 0.20468 0.68132
-0.04221 -0.26808 0.18354
0.34747 -0.23270 -0.29648
0.06953 0.35290 -0.42504
0.26570 0.06068 0.69167
-0.08063 0.14268 -0.61744
-0.23955 -0.09612 0.11157
-0.00562 -0.14596 0.81668
0.06685 -0.09612 0.19424
0.29417 -0.39981 0.73276
0.34747 0.15813 0.03371
-0.13720 -0.26808 -0.50934
-0.52244 -0.25873 -0.01969
0.21908 -0.00245 0.56614
0.09772 -0.09612 0.35774
0.26570 0.15044 0.62081
-0.44194 -0.26808 -0.46736
-0.36897 -0.00245 0.78457
0.05927 -0.09424 -0.81768
0.12246 0.00055 0.68654
0.07213 0.00573 -0.69532
0.22268 0.20060 0.02925
0.06832 0.35932 0.11456
0.20404 0.30366 -0.02354
0.22878 0.24040 0.55239
0.07454 0.42083 0.43664
-0.06705 0.20365 -0.42526
0.25612 -0.09252 0.65423
0.26570 0.28068 0.17296
0.17834 0.15656 -0.02665
0.16915 -0.02948 -0.00545
-0.52244 -0.10073 -0.79126
0.15576 -0.00245 -0.38524
0.03422 -0.00245 0.34770
0.34747 0.12170 0.19683
0.26570 0.12092 0.24866
-0.41069 -0.00245 -0.75594
0.26570 0.28497 0.39711
-0.32969 -0.09252 -0.24679
0.06577 0.26991 -0.15911
-0.23907 -0.26808 0.47901
-0.45034 -0.09612 -0.06657
0.34747 0.26517 0.24979
-0.36951 -0.26808 0.22309
-0.44930 -0.16868 0.81668
0.34747 -0.25416 -0.00139
-0.04588 -0.26808 0.58257
-0.30148 -0.00245 -0.01921
-0.11301 -0.03708 0.80764
0.23304 0.34342 -0.62461
-0.27850 -0.09612 0.49482
-0.17534 -0.00245 -0.19282
0.34747 0.21056 0.42376
0.06557 0.29422 0.35209
-0.50547 -0.09612 0.41040
0.34747 0.02216 -0.51588
-0.17179 -0.00245 0.19849
-0.36160 -0.00245 0.42801
0.05810 0.20957 0.07217
-0.14388 -0.00245 0.55426
0.26570 0.25231 -0.61618
-0.52244 -0.22040 0.64522
-0.02864 0.27150 -0.60056
0.23519 0.45081 -0.40471
0.25598 -0.26808 0.44588
0.16455 0.46562 0.73595
0.30349 0.28532 -0.65032
-0.27151 -0.00245 0.15086
-0.52244 -0.19218 -0.51496
-0.08688 0.12506 -0.21745
0.06933 0.38376 0.02141
0.16727 -0.26808 -0.65302
0.01638 -0.26808 -0.02708
0.23962 0.39315 0.65838
-0.08787 0.12977 0.07566
-0.50194 -0.03397 -0.79077
-0.06722 0.20267 0.26331
-0.10829 0.05244 0.12647
0.30654 0.28532 0.33178
0.34747 0.06146 0.33965
0.34747 -0.26575 0.16501
0.21386 0.04940 -0.57146
0.22616 0.26486 -0.01538
0.18458 0.46162 0.28834
0.34747 0.19252 -0.09444
0.25889 -0.41397 -0.73546
-0.52244 -0.18936 -0.74922
0.16911 -0.09612 -0.33077
0.34747 0.18249 0.38061
0.04584 -0.26808 -0.63653
-0.10919 0.03989 -0.13074
-0.12105 -0.26808 0.81606
0.22242 0.17832 -0.57122
-0.52244 -0.23100 -0.59490
0.34747 -0.23631 0.29335
0.34747 0.12528 0.28917
0.26570 0.20946 0.32871
-0.08360 0.13994 -0.33733
0.04268 -0.00245 -0.57772
-0.08500 -0.00245 -0.04866
-0.32132 -0.26808 -0.26826
0.00572 0.10028 0.21355
0.34747 -0.06824 0.53419
0.25880 -0.26808 -0.17757
0.20868 0.36641 0.77888
-0.25218 -0.00245 0.74459
0.22673 0.19968 -0.13341
0.26570 0.18298 0.17959
-0.01155 -0.09252 -0.76317
0.22789 0.26307 0.19100
-0.10448 -0.09252 -0.71171
0.00628 0.09658 -0.19642
-0.06044 0.22404 -0.23086
0.07506 0.45102 0.21273
0.05887 0.15521 -0.05107
-0.17660 -0.09252 0.54829
-0.19830 -0.26808 -0.72581
0.24228 -0.26808 0.78591
0.26570 0.23052 -0.11459
-0.05550 -0.09252 0.33519
0.00671 -0.09252 -0.61120
-0.05992 0.22699 0.39644
-0.36838 -0.26808 0.59010
-0.06083 -0.09612 -0.34234
-0.44152 -0.00245 0.23028
0.13028 -0.00097 -0.31472
0.11668 0.42476 0.78164
-0.30778 -0.09252 -0.37928
0.21562 0.07980 0.17488
-0.42359 -0.09612 -0.22198
-0.37096 -0.09612 0.22489
0.06460 0.26329 -0.26955
0.06777 0.33662 0.25915
0.06992 0.35357 -0.37294
0.24326 0.44284 -0.07744
0.34747 -0.22821 -0.51915
-0.16252 -0.09612 0.28123
0.34747 0.04114 0.63881
-0.24357 -0.09252 0.43415
0.04401 0.23568 0.55432
0.28060 0.28532 0.63218
0.07278 -0.09252 -0.47200
0.25138 -0.07679 0.16742
0.23689 -0.09252 -0.34526
0.08506 -0.00245 0.42239
0.04927 0.03284 -0.27335
0.26570 0.13907 -0.23163
0.34747 -0.10060 -0.02539
0.34747 0.04024 -0.24888
-0.20522 -0.26808 -0.61395
-0.01337 -0.26808 0.13632
0.22114 0.17275 -0.70869
-0.00007 0.07254 0.49297
0.26570 0.28012 0.11022
0.13250 -0.09252 -0.66223
-0.33103 -0.26808 0.32663
-0.40737 -0.09252 -0.46626
0.29986 -0.26808 0.24436
-0.43069 -0.09252 0.50931
0.14224 -0.00183 0.39322
0.34747 -0.06717 -0.12511
-0.38661 -0.00245 -0.57036
0.31186 -0.26808 0.60984
-0.52244 -0.11888 0.49978
0.34747 -0.23270 0.71017
0.08754 0.23891 0.77820
-0.15825 -0.26808 0.59601
0.07224 -0.00245 0.10082
0.28114 -0.08367 -0.81768
0.18616 -0.26808 0.34604
0.26570 0.24001 0.48746
0.05971 0.17270 0.68644
-0.52244 -0.20847 0.19604
0.26570 0.16061 -0.38406
-0.14689 -0.26808 0.43587
-0.07999 0.15338 0.33872
0.12064 0.46519 -0.34800
0.03752 -0.09612 0.64587
0.13007 0.01462 -0.81598
-0.34722 -0.09252 0.47207
0.06143 0.23719 0.29880
0.30156 -0.26808 -0.71048
0.07971 -0.09612 0.50352
0.12530 -0.09612 -0.50165
0.04118 0.22825 0.41327
-0.13876 -0.26808 0.49164
-0.50383 -0.26808 0.60538
0.34747 0.12961 0.60053
-0.04237 -0.00532 -0.62248
0.24391 -0.09252 -0.21734
0.10808 0.17908 0.78389
-0.00349 -0.00245 -0.26647
-0.52522 -0.07780 -0.23727
0.24991 -0.03891 -0.21020
0.07064 0.36084 0.44921
-0.42163 -0.26808 -0.02404
0.34747 0.07780 0.58235
0.06343 0.26667 -0.48083
-0.47429 -0.00245 0.54590
-0.07023 0.14416 0.59311
-0.18405 -0.26808 0.01081
0.05111 0.07844 0.33309
0.26570 0.17984 0.68444
0.11765 -0.26808 0.72830
-0.51278 -0.09252 0.61110
0.24194 0.43377 -0.18489
-0.40571 -0.09612 -0.70643
0.18367 -0.10905 0.81668
0.00842 -0.00245 -0.03560
0.01228 0.11677 0.57607
-0.52244 -0.17074 -0.23215
0.34747 -0.11499 0.63424
-0.51166 -0.00777 0.65507
0.20655 -0.26808 0.03347
0.34747 0.17239 -0.42971
-0.39326 -0.00245 -0.07999
0.21876 0.09002 -0.23794
0.05532 0.17176 0.03197
-0.09284 -0.09612 0.71908
-0.09769 -0.00245 0.13340
-0.28097 -0.26808 0.16402
-0.13221 -0.12236 0.81668
0.34747 -0.19229 0.16784
0.23466 -0.00422 -0.69008
-0.03669 -0.09252 0.06191
-0.19407 -0.00245 -0.57032
-0.47974 -0.26808 0.54461
-0.25145 -0.26808 -0.48026
0.34747 -0.09708 -0.31666
-0.47441 -0.09252 -0.45245
0.34747 -0.16149 0.31408
-0.23065 -0.09612 -0.24465
0.26570 0.24691 0.01579
-0.42104 -0.26808 0.30656
0.06316 0.21149 -0.80124
0.09296 -0.09612 -0.25263
-0.43559 -0.00245 0.49962
0.10672 0.34123 -0.00519
-0.48012 -0.09252 0.77960
0.16110 -0.24406 -0.81768
-0.04907 0.27275 0.15706
0.01907 0.14936 -0.42648
0.23671 0.35609 -0.19622
0.34747 0.02339 -0.30641
0.22533 0.23601 -0.71172
-0.36738 -0.09612 -0.06365
0.22388 0.18791 0.33823
0.13467 -0.24153 0.81668
-0.09133 -0.26808 -0.59818
0.11184 -0.00245 0.50652
0.34747 -0.11840 -0.60957
0.34658 0.28532 -0.25769
0.21477 0.05148 -0.45463
-0.06371 -0.09612 -0.61573
-0.20998 -0.00245 0.23386
0.22220 0.15729 0.39188
0.23763 0.40233 0.26482
0.23545 0.33112 -0.13575
0.23852 0.38193 0.60343
0.26570 -0.00581 -0.45294
0.22887 -0.00245 -0.05985
0.22937 0.25869 -0.32712
-0.45305 -0.09443 -0.77635
-0.31284 -0.26808 -0.07483
0.07233 0.40341 -0.50875
-0.52244 -0.20122 0.34747
-0.11242 -0.26808 0.15515
0.34747 0.03285 0.39030
0.26570 0.08274 0.76934
-0.53009 -0.06157 -0.69977
-0.23188 -0.02052 -0.78633
-0.20541 -0.26808 -0.54337
0.16412 -0.00245 -0.22772
-0.44398 -0.26808 -0.41119
-0.11628 -0.09252 -0.36664
-0.14008 -0.04895 -0.00834
-0.07051 -0.00245 -0.73592
-0.23511 -0.09252 0.76060
-0.17173 -0.26808 0.21108
0.10581 -0.26808 0.43567
0.34747 0.00659 0.73107
0.26570 -0.01133 0.06511
-0.33587 -0.09252 -0.46731
0.34747 0.20631 -0.27048
0.21854 0.11419 -0.51362
-0.48123 -0.09612 -0.69208
0.15879 0.46567 0.65443
0.26570 0.12837 -0.12789
0.19493 -0.00245 0.03461
0.22922 0.24629 -0.22514
0.05116 0.09962 -0.65888
-0.23426 -0.26808 0.79708
-0.40657 -0.00245 -0.00902
0.08103 -0.26808 0.30552
0.24155 0.43698 -0.27651
-0.05857 -0.00245 0.61741
-0.18897 -0.00245 0.15400
0.00784 0.26569 -0.20190
0.03942 -0.09612 -0.68808
-0.38170 -0.09252 0.29039
0.05070 0.04419 0.61532
0.03664 -0.05451 0.80851
0.08377 -0.00245 -0.32030
0.12163 0.46561 -0.00431
-0.03721 -0.26808 0.06759
-0.19397 -0.00245 -0.51730
-0.30655 -0.26808 0.37156
0.17730 0.46206 0.17602
0.26570 0.18164 -0.81357
0.26570 0.21092 -0.70014
0.06800 0.34790 -0.60562
0.05351 0.13907 0.08746
0.01945 0.14413 -0.12496
0.07641 0.42224 -0.08072
0.21247 0.03021 0.19696
-0.01787 -0.09252 0.63103
-0.12452 -0.26808 -0.74759
-0.36536 -0.00245 -0.35940
0.01771 0.14173 -0.31057
-0.20204 -0.00245 0.05949
0.34747 0.26621 -0.59226
-0.04546 -0.26808 -0.57106
-0.49000 -0.09612 -0.28958
-0.27746 -0.09612 0.34006
0.24256 0.43305 0.70234
-0.37059 -0.09612 0.33924
-0.34254 -0.00245 0.71608
0.22290 0.18045 0.26621
-0.42171 -0.00245 -0.28774
-0.50012 -0.00245 0.30783
0.05224 -0.26808 -0.51866
0.01089 0.12118 0.14097
0.27241 -0.26808 0.32429
0.34747 0.27369 -0.19324
0.02900 -0.07175 -0.00463
-0.48794 -0.09612 -0.02668
-0.51541 -0.08491 0.16346
0.05482 -0.00245 -0.17471
-0.48725 -0.00245 -0.76048
0.15722 0.36509 -0.00032
0.10796 -0.09612 -0.05649
-0.42412 -0.26808 -0.27162
0.07337 0.37583 -0.07320
-0.10374 -0.21817 0.81668
-0.52505 -0.02039 -0.16254
0.18612 -0.00102 -0.62835
0.34747 -0.08955 -0.78329
-0.32558 -0.09252 0.71907
-0.09079 0.11155 0.40804
-0.02280 -0.26808 -0.44071
-0.20553 -0.26808 -0.10530
-0.28575 -0.09612 -0.22886
0.23285 0.31083 -0.32455
0.02639 -0.00245 0.12900
0.02923 0.25815 0.50010
-0.15505 -0.26808 0.06577
0.34747 0.27387 -0.37657
0.34747 -0.24140 0.34139
0.21855 0.06492 0.76817
0.23077 0.30250 0.23028
0.34747 -0.21668 -0.64442
-0.52244 -0.14423 0.12123
-0.32679 -0.26808 0.72187
-0.00794 -0.19168 0.81668
-0.10742 0.05221 -0.39076
0.34747 0.13596 -0.33497
-0.28454 -0.00245 -0.58135
0.34747 -0.14632 -0.77532
-0.08821 -0.26808 -0.36901
-0.47859 -0.00245 0.13525
0.34747 -0.21519 0.59785
-0.10691 0.05266 0.35020
0.02533 -0.00245 0.71795
0.26570 0.13147 -0.78532
0.11011 0.44201 -0.02641
0.11252 -0.00074 -0.62707
0.08055 0.00632 0.57788
0.34747 -0.22198 0.76792
-0.52244 -0.23095 -0.80412
-0.50324 -0.26808 0.31680
-0.17872 -0.09612 -0.76714
0.14746 -0.00259 0.20442
0.26570 -0.05729 0.62715
0.05480 0.11456 0.52827
-0.52486 -0.04619 0.25949
0.18137 -0.09252 0.52442
0.21021 -0.09612 0.04551
0.34747 -0.18615 -0.03537
0.23866 -0.15153 0.81668
0.01693 -0.14950 -0.81768
0.04236 0.23116 -0.19376
0.34747 0.16319 0.26448
0.34150 0.28532 0.58010
-0.28937 -0.26808 -0.22764
-0.15908 -0.09612 -0.05423
0.05360 0.09940 -0.28701
0.07157 0.36200 -0.20722
-0.23913 -0.09612 0.67973
-0.38477 -0.26808 0.34623
0.34747 0.10320 -0.22222
0.32161 -0.26808 -0.35143
0.05723 0.14032 -0.14933
0.22364 0.19162 -0.52128
0.03214 0.19544 0.37045
0.06508 0.29912 0.22832
-0.07946 0.15912 0.16702
-0.32791 -0.01382 0.79927
-0.51801 -0.26808 -0.24597
0.02703 -0.00245 0.54031
-0.11252 -0.09612 -0.22283
0.22724 -0.00245 0.09743
0.16497 0.04885 0.78488
-0.01378 0.02252 -0.23343
-0.30878 -0.00245 0.59830
-0.23100 -0.09252 -0.52655
0.23331 0.33794 -0.52838
0.05460 0.13503 -0.49361
0.34747 0.08637 0.77790
-0.12502 -0.22657 -0.81768
-0.24440 -0.00245 0.51935
0.07423 0.40938 -0.28158
0.34747 0.06542 -0.04355
0.01969 0.15152 0.25552
0.34747 0.01746 0.15046
0.20955 0.45885 0.61518
0.26570 0.14317 0.46101
-0.15030 -0.09252 0.18117
-0.52244 -0.12682 -0.75493
-0.08392 -0.00245 -0.42743
-0.19385 -0.13591 -0.81768
-0.06753 -0.00245 -0.52414
0.16983 0.26124 -0.02938
-0.04349 0.10594 -0.62749
-0.31671 -0.02643 -0.78865
-0.04667 -0.09403 0.79297
0.26570 -0.03080 -0.39020
0.14126 0.15474 -0.81647
-0.20354 -0.09252 -0.13079
-0.39865 -0.26808 0.75866
0.06804 0.30722 0.59562
0.13935 -0.26808 -0.72420
-0.52244 -0.20027 0.79087
0.04254 -0.26808 -0.30813
0.02321 0.25922 0.27562
-0.03221 -0.26808 -0.76406
-0.50955 -0.26808 -0.67448
0.34747 0.10164 -0.79157
0.34747 0.06751 -0.65412
0.17560 0.46434 -0.13067
0.01379 0.26421 -0.13116
-0.06269 -0.04630 0.02449
-0.28690 -0.09252 -0.52675
0.34747 0.16070 0.70334
-0.07850 -0.26808 0.77735
-0.07588 0.16631 0.44749
-0.03479 -0.00245 -0.04778
0.02372 0.16877 -0.51936
0.31057 0.28532 -0.06142
-0.52244 -0.25706 0.42377
-0.26411 -0.26808 -0.66051
0.34747 0.25015 0.12764
0.13486 0.33069 0.78528
-0.46410 -0.00245 -0.57020
-0.07444 -0.09252 0.49041
0.07421 0.00854 -0.04175
-0.40088 -0.09612 0.73798
-0.07712 -0.26808 0.32865
0.34747 -0.00057 0.66034
-0.45562 -0.09252 0.73193
-0.03688 -0.26808 0.67861
0.02192 -0.09612 0.33968
0.30844 0.22902 0.81668
-0.10943 0.01734 0.47922
-0.52023 -0.26808 -0.47874
0.14357 -0.12865 0.81668
0.13908 0.07297 0.00079
-0.26342 -0.09612 0.64175
0.34747 0.17659 -0.13785
0.07248 -0.26808 -0.00059
0.26570 -0.05969 -0.24518
0.16934 -0.26808 0.67910
-0.28033 -0.05365 -0.79224
-0.38065 -0.26808 -0.09069
-0.28254 -0.09252 0.53778
-0.52244 -0.25358 -0.16761
0.22831 0.25254 0.36006
0.17634 -0.00245 0.73481
0.22826 0.27801 -0.68971
-0.20273 -0.26808 0.68908
-0.27664 -0.26301 0.81668
-0.52244 -0.14915 -0.61295
-0.25433 -0.00245 0.68845
0.24898 -0.01640 0.60580
0.22250 0.17950 0.21424
0.03856 -0.09612 -0.39972
-0.00836 0.05101 -0.60836
-0.44761 -0.32800 -0.76876
0.26570 -0.06933 -0.52113
-0.20884 -0.00245 0.71039
-0.15689 -0.09612 0.77536
0.26570 0.15930 -0.45790
0.02322 0.25829 0.12373
-0.47536 -0.26808 -0.13463
0.22650 0.26038 -0.77987
0.06881 0.32308 0.55279
-0.31493 -0.26808 -0.79013
0.17898 -0.09612 -0.15648
0.26570 0.02818 0.62723
-0.52244 -0.26586 0.70253
-0.11488 0.02369 -0.35939
-0.25430 -0.00245 -0.73881
-0.43514 -0.45016 -0.73378
0.03915 0.21755 -0.11939
-0.36778 -0.00245 -0.66938
-0.01210 -0.00245 -0.45851
0.32094 0.01310 0.81668
0.26570 0.03067 0.23148
-0.15843 -0.09252 -0.46441
0.34747 -0.21477 -0.78355
-0.26577 -0.00245 0.41763
-0.49543 -0.09612 0.45682
-0.23071 -0.26808 0.65297
0.22038 0.12237 -0.31785
0.34747 0.03311 0.51023
-0.43045 -0.34562 0.74428
0.05820 0.17239 0.46083
0.07136 0.38577 0.30810
0.34747 -0.05516 0.31564
-0.07274 -0.26808 0.28151
-0.31599 -0.00245 0.35489
0.07974 -0.00658 0.79453
0.14763 -0.09612 -0.01215
0.18641 -0.26808 0.55410
-0.52470 -0.04365 0.15832
0.34747 0.24723 0.20795
-0.42821 -0.00245 -0.64969
-0.04521 -0.00290 0.52285
0.01101 -0.09252 -0.22038
-0.15734 -0.09612 0.04991
0.34747 -0.18230 -0.21239
-0.06974 0.18738 0.53129
0.13517 0.46427 0.08282
0.02966 0.18318 0.50762
0.26570 0.25285 -0.52353
0.06776 0.30668 -0.22731
0.16673 -0.26808 -0.26682
0.18211 -0.26808 -0.53905
-0.42013 -0.26808 -0.81408
-0.34367 -0.09612 -0.02477
0.17106 0.46316 -0.51485
-0.03908 -0.09252 -0.70134
0.10970 -0.26808 0.02352
-0.14103 -0.00245 0.74504
0.23716 0.41759 -0.74562
0.34747 -0.15151 -0.58353
0.04502 -0.09252 0.28810
0.26570 0.25655 0.23373
0.07919 -0.09252 0.09222
0.23618 -0.02776 0.02123
0.00030 0.08236 0.10910
0.03387 -0.00245 0.45900
-0.48435 -0.09252 0.29542
-0.34771 -0.09252 0.63728
0.03658 0.24173 -0.08255
0.34747 0.02032 -0.05211
0.24839 -0.08317 0.35355
-0.10087 0.07424 -0.27966
0.21678 0.11332 0.01500
0.26570 0.20681 -0.07882
-0.00001 -0.03410 0.80710
0.22483 -0.09612 -0.64618
0.34747 0.18697 0.08453
-0.09544 0.09616 0.31828
0.23213 0.31259 -0.45149
0.22682 -0.00245 -0.52358
0.25211 -0.21726 -0.81768
-0.22690 -0.09569 0.00874
0.06115 0.23535 -0.51141
-0.37449 -0.00245 0.04423
0.26570 0.24423 0.13838
0.11091 0.46520 -0.14119
0.01191 -0.09612 -0.55773
0.24779 -0.02931 -0.76763
0.19601 -0.00245 -0.45796
0.15206 -0.09252 -0.76242
0.26570 -0.00448 0.75150
0.10362 -0.09612 -0.30700
-0.52244 -0.12640 -0.35613
0.34747 0.23300 -0.45620
0.34747 0.04857 -0.46917
0.34747 -0.22677 0.45635
0.21706 0.04484 -0.04126
0.03440 0.20541 -0.37410
0.18415 0.46148 0.24381
0.22038 0.10380 -0.13144
0.23391 0.32157 0.51286
0.25688 -0.04737 0.79239
0.02252 0.15526 0.56430
0.23615 0.39743 -0.69707
0.25684 -0.05197 0.53532
-0.30316 -0.00245 0.12261
-0.06571 0.20726 -0.36243
-0.19731 -0.09252 0.33352
0.04560 -0.26808 0.38309
-0.41513 -0.09612 0.36539
-0.39361 -0.17865 -0.81768
0.12579 0.46628 0.71633
-0.20329 -0.26808 -0.25697
-0.34205 -0.26808 -0.35869
0.27998 -0.26808 -0.59196
0.23969 0.43556 -0.54321
0.22362 -0.26808 -0.02935
-0.52740 -0.07224 -0.41993
0.01162 -0.09252 0.56066
