0.55805 0.14609 -0.01967
-0.44634 -0.28972 -0.24710
-0.59754 -0.16521 -0.04335
-0.48808 -0.35066 -0.46998
0.00708 -0.07657 0.15864
0.09566 0.22255 -0.17144
0.52859 0.22456 0.40006
-0.12647 0.24864 0.32046
-0.08049 -0.13155 -0.25417
0.34955 0.06661 -0.09900
0.29309 0.11297 0.40677
-0.17393 -0.05599 -0.49446
0.51199 0.43025 -0.10331
0.09719 0.12245 0.38231
0.15172 0.05336 0.37965
0.26478 0.01918 -0.11373
-0.38361 -0.03459 0.17310
0.82158 0.32851 0.33079
-0.11573 -0.21545 -0.33769
-0.29052 -0.12494 0.09631
-0.74537 -0.02363 -0.33698
0.11453 -0.02612 -0.16049
0.76833 0.20569 0.19098
-0.74129 -0.31684 -0.33078
0.39043 0.04256 0.14171
-0.18795 -0.31720 -0.50151
0.37433 0.15784 -0.09974
0.59970 0.15933 0.33279
-0.22356 -0.02782 0.27159
0.14768 0.05336 0.25860
0.25691 0.34424 0.41464
-0.02830 -0.03929 -0.25709
0.08330 -0.07268 -0.15941
-0.28912 -0.30233 -0.43013
-0.60457 0.07490 -0.05923
-0.29571 -0.16521 -0.17801
-0.05489 0.00749 0.31057
0.45434 0.09972 -0.06589
-0.12372 -0.07248 -0.06441
0.63538 0.44195 0.39756
0.66408 0.25456 -0.14143
0.64607 0.19245 0.38143
-0.33082 0.18573 0.20340
-0.64610 -0.26236 -0.20153
-0.29490 -0.22482 -0.32658
-0.25797 -0.17052 0.01345
-0.00543 -0.03937 -0.02542
0.12477 0.00700 0.04234
-0.69884 -0.16889 -0.19888
0.65447 0.16397 0.04155
0.53849 0.09045 0.20577
0.21863 0.06661 0.05309
-0.54422 -0.08792 0.02583
0.36113 0.17455 0.40770
-0.08814 0.05558 0.32912
0.34656 0.35125 -0.10283
-0.46342 -0.32221 -0.33548
0.82898 0.17346 0.34420
-0.40655 -0.16521 -0.00398
0.72633 0.24776 0.36536
0.45884 0.11297 0.28445
-0.57832 -0.21157 -0.22300
-0.16681 -0.09763 0.09827
-0.49801 0.12010 0.09120
-0.21205 -0.12531 -0.15087
0.45983 0.09972 0.33499
0.44997 0.38750 0.40994
-0.67036 -0.31155 -0.49951
-0.10697 0.07463 -0.35348
-0.35907 -0.08231 0.19032
-0.57540 -0.25915 -0.37887
0.20203 -0.01539 0.18322
0.13303 0.03713 -0.15642
-0.45999 -0.11884 0.06420
0.07968 0.29759 0.37757
0.63092 0.20569 0.25429
0.46201 0.15839 0.12740
0.30380 0.05704 0.26556
-0.11563 -0.13002 -0.35266
0.46526 0.14609 0.31710
-0.01183 0.12551 -0.24337
-0.44486 -0.16521 -0.14259
-0.39825 -0.31754 -0.54194
-0.15893 -0.17845 -0.19952
-0.60817 -0.30430 -0.49759
0.50049 0.25459 -0.10409
-0.38874 -0.22482 -0.22371
-0.27749 -0.11884 -0.05330
0.05956 0.02024 0.23006
-0.68425 -0.01105 -0.16963
-0.75493 -0.15110 -0.33767
0.20008 0.08134 -0.13126
-0.12692 -0.03937 0.13734
0.65827 0.43628 -0.14512
0.34734 0.09972 0.03201
0.23280 0.29167 -0.11202
0.11048 -0.03493 -0.00673
-0.07796 -0.03203 0.33345
-0.02682 -0.10401 0.04766
-0.23276 0.13652 0.26688
-0.49921 -0.22482 -0.13207
0.21473 0.23227 0.39862
-0.31674 -0.21990 -0.09938
0.46343 0.14609 -0.09933
-0.30975 0.03247 0.22022
-0.15519 -0.07282 0.16885
-0.40134 -0.26727 -0.42933
-0.65659 -0.22277 -0.12520
0.68314 0.13800 0.15657
-0.20517 -0.27118 -0.39604
-0.60803 -0.30430 -0.37752
0.27770 0.00641 0.15440
0.34163 0.05336 0.01916
0.76249 0.45048 0.35341
-0.61597 -0.01862 -0.05999
0.56012 0.19971 -0.10394
-0.47930 -0.01240 0.09337
-0.09075 -0.11884 -0.11974
0.59071 0.15933 0.08137
0.30671 0.11297 0.26920
-0.01209 0.20274 0.35270
-0.17960 -0.18645 -0.47675
0.58453 0.20073 0.03779
0.72801 0.35305 0.36494
-0.00133 -0.07248 -0.04556
0.32782 0.10018 0.12122
0.57415 0.33934 0.39450
0.07745 0.00700 0.14541
-0.78288 -0.30523 -0.46691
0.67723 0.20569 -0.06198
0.04863 0.06481 -0.20039
-0.35257 -0.26421 -0.32821
-0.20302 -0.13209 0.00234
0.44784 0.11297 0.09267
0.59114 0.33861 -0.11932
0.08571 0.00700 0.32879
0.21592 0.14017 0.39878
0.28439 0.05909 0.38218
-0.46881 -0.34461 -0.39375
-0.04924 -0.03937 0.07336
0.63201 0.19245 0.15127
-0.12327 -0.13932 0.02341
0.73628 0.15979 0.22453
-0.49893 -0.17163 0.07438
-0.39920 -0.31123 -0.42995
-0.21925 -0.21157 -0.28504
0.49804 0.07878 0.16689
0.73350 0.18466 0.08943
-0.02085 -0.02618 0.24525
-0.54681 -0.26050 -0.24438
0.27320 0.10827 -0.11196
0.13941 0.01502 -0.06224
-0.02676 -0.08113 -0.17591
0.62914 0.28647 0.38779
-0.41219 0.10022 0.14929
0.11492 -0.05208 0.10853
-0.50994 -0.34971 -0.52501
-0.57520 -0.30692 -0.33741
0.22984 0.01151 0.00490
-0.47358 -0.21157 -0.25367
0.24648 0.05336 -0.04047
0.33993 0.29049 0.40761
0.21013 0.06661 0.16427
-0.28409 -0.31392 -0.56091
0.11886 0.31672 0.38601
0.46034 0.20002 0.40813
-0.15031 0.13813 0.30271
0.55586 0.15933 0.16454
-0.70111 -0.27118 -0.28567
-0.26721 -0.09098 0.15400
0.31375 0.23516 -0.10656
0.19648 0.21252 -0.13224
-0.38332 -0.26246 -0.19418
0.46941 0.15933 0.01723
0.55486 0.15933 0.26551
0.00740 -0.12317 -0.21117
-0.64602 -0.14539 -0.10824
0.38753 0.11297 0.19673
-0.18911 -0.16521 -0.29218
-0.54434 0.04617 0.02570
0.08746 -0.03530 0.18259
-0.14662 -0.03120 -0.40242
-0.75646 -0.05279 -0.33712
-0.23151 -0.17845 -0.15429
-0.02921 -0.08573 -0.02883
-0.20892 -0.21667 -0.39021
-0.36090 -0.16521 -0.10693
-0.37076 -0.11884 0.03510
0.45374 0.34165 -0.09939
0.51848 0.15933 0.39951
0.79901 0.19638 0.27429
-0.48301 -0.17845 -0.05527
-0.47406 -0.25793 -0.33114
-0.12390 -0.03937 0.24398
0.17828 -0.02681 -0.13682
0.34689 0.06661 -0.02291
0.19594 0.05336 0.25926
-0.71797 -0.06772 -0.24545
0.49118 0.07821 0.21987
-0.46343 -0.27118 -0.37431
0.03953 -0.02612 0.09349
0.03330 -0.03937 -0.02379
-0.11010 -0.08573 0.03013
-0.41615 -0.13209 0.14056
-0.58206 -0.10552 -0.01734
-0.21624 -0.17334 -0.07282
0.30878 0.06661 0.09965
0.71491 0.19245 0.31330
0.78439 0.24662 0.35078
-0.19290 -0.22509 -0.49993
0.47905 0.30180 0.40610
-0.20667 0.22366 0.27197
-0.50720 -0.17845 -0.07421
-0.72436 -0.19531 -0.26101
-0.37116 -0.27216 -0.23059
0.37973 0.09693 0.36889
-0.06045 0.03464 -0.28654
0.19897 0.01438 0.09627
-0.30069 -0.21276 -0.22812
-0.37866 -0.21157 -0.31515
-0.66454 -0.05544 -0.13798
0.04207 -0.03937 -0.10096
0.49323 0.41003 0.41250
-0.63532 -0.25793 -0.31235
0.38670 0.27348 -0.09968
0.61083 0.44884 -0.13173
-0.01199 0.00700 0.23744
-0.70542 -0.31754 -0.41531
-0.18332 0.05462 0.28869
0.63389 0.34059 -0.13005
0.57264 0.10720 0.12534
0.12928 0.22456 0.38723
-0.09006 -0.17951 -0.28781
-0.06680 0.14074 0.33788
-0.10286 -0.11748 0.10319
0.46215 0.15252 0.24680
0.71140 0.14842 0.13408
-0.11626 -0.16994 -0.22608
-0.31255 -0.12560 -0.07196
-0.06877 -0.08971 -0.29603
0.69538 0.20569 0.02459
-0.57429 -0.22916 -0.12866
-0.18514 -0.07248 0.00883
0.19921 0.28745 0.39656
0.04403 0.18824 -0.19000
0.59912 0.30969 -0.12132
-0.39101 -0.30900 -0.39187
0.12300 0.12747 -0.16068
-0.52867 -0.30430 -0.46017
0.37461 0.09101 0.28628
-0.27764 -0.07248 0.23658
-0.15746 -0.10802 -0.42285
0.36907 0.37035 0.41671
0.35482 0.03379 0.22295
0.64202 0.17784 -0.13457
-0.54566 -0.34437 -0.38724
-0.18403 -0.16955 -0.04599
0.63400 0.14667 0.19977
-0.24376 -0.25793 -0.46884
-0.44613 -0.21157 -0.17341
-0.10249 -0.00628 -0.33451
0.25880 0.06661 0.23218
-0.05113 -0.02612 0.10381
-0.72379 0.01237 -0.24656
-0.24328 -0.16521 -0.22394
-0.66078 0.05293 -0.11302
0.14774 0.05336 0.32156
0.68247 0.32572 0.37638
-0.06559 -0.02612 0.18197
0.10243 0.02024 0.22616
-0.46123 0.04974 0.10843
-0.18620 -0.14926 0.05506
0.04718 0.21882 0.36876
0.44689 0.09972 0.00679
-0.27439 0.10955 0.24165
0.00685 0.11229 0.35783
-0.11445 -0.11884 -0.20097
0.48935 0.15933 0.21005
-0.42124 -0.23305 -0.29857
-0.29557 -0.17845 -0.11425
-0.33508 -0.31754 -0.48646
-0.36736 0.10386 0.18530
0.14397 0.02024 0.12747
0.00226 0.27020 0.35659
0.28422 0.24970 0.40737
0.09961 0.02704 -0.17062
0.05497 -0.02612 0.03191
0.83371 0.42386 0.33622
0.41261 0.25192 0.40793
-0.44484 -0.30430 -0.52861
-0.29265 0.19655 0.24287
0.20458 0.00643 -0.02003
-0.51460 -0.16521 -0.00396
-0.11361 -0.03410 0.31831
0.01906 -0.08573 -0.11394
-0.59478 -0.30430 -0.44408
-0.37885 -0.17845 -0.17666
0.43887 0.10856 0.40804
0.70914 0.20569 0.16397
0.31750 0.06504 0.18323
-0.08509 -0.07248 -0.09936
-0.38591 -0.24379 -0.13319
-0.28455 -0.13249 0.02099
0.42064 0.11297 0.20312
-0.13598 -0.13209 -0.06548
0.43700 0.21587 -0.09947
0.53557 0.15933 0.34200
-0.74678 -0.23127 -0.31849
0.15841 0.14974 -0.14564
0.00611 0.02024 0.34896
-0.31343 -0.18091 -0.03277
0.02117 0.02024 0.17520
0.27340 0.15382 0.40644
-0.64173 -0.21157 -0.19971
0.50645 0.14609 -0.06035
-0.41548 -0.16521 -0.07237
-0.27633 -0.26237 -0.36111
0.83427 0.29686 0.33730
-0.24916 -0.08573 0.08510
-0.33589 -0.25793 -0.41668
-0.31783 -0.23866 -0.15998
0.53341 0.13720 0.05164
0.39134 0.09972 -0.09194
-0.15248 0.03955 -0.38916
-0.06138 0.11007 -0.30255
0.01852 -0.07436 0.06692
-0.20966 -0.09523 0.11440
0.31208 0.28668 -0.10678
-0.36558 -0.13209 0.10280
-0.50657 -0.22482 -0.19621
0.56235 0.41721 0.39032
0.10250 -0.04388 -0.07669
0.25818 0.00284 0.19845
0.60402 0.18804 -0.04147
-0.56895 0.04115 -0.00238
-0.17574 0.00084 -0.47283
0.52743 0.13495 0.24492
0.22158 0.06661 0.31802
-0.06873 0.25213 0.34049
0.67339 0.17760 0.10344
-0.68060 -0.30430 -0.35922
-0.53406 -0.02002 0.03743
-0.27520 -0.31754 -0.49479
-0.38859 -0.13209 0.16756
0.01379 0.00397 -0.22202
0.26877 0.04583 0.02582
-0.19078 -0.27118 -0.44524
-0.19928 -0.08095 0.22954
-0.40464 0.03791 0.15558
0.16972 0.02982 0.18283
0.34575 0.11297 0.18380
-0.32294 0.10565 0.21223
-0.32076 -0.08095 0.12751
0.03528 -0.07456 -0.20848
-0.73481 -0.08794 -0.28644
0.60186 0.19245 0.10618
0.69459 0.41740 0.37333
-0.18623 -0.03014 0.21158
-0.11402 0.17813 0.31813
-0.24719 0.03096 0.25814
-0.17497 -0.12563 -0.46549
0.38915 0.11297 0.07552
-0.51794 -0.25793 -0.38692
-0.52419 0.07616 0.04869
0.06991 0.02012 0.07110
0.24056 0.04110 0.10880
0.21030 0.06109 0.39803
-0.52789 -0.32568 -0.34397
0.40539 0.33382 0.40789
0.52458 0.33436 -0.10703
-0.02421 -0.03937 0.18463
-0.59001 -0.25793 -0.31057
-0.69482 -0.09650 -0.18907
-0.38653 0.16908 0.17572
0.04120 -0.08300 -0.10146
-0.39536 -0.32642 -0.46645
-0.05637 -0.08878 0.13169
0.03546 0.00189 0.28964
-0.15646 -0.03937 0.29211
0.15154 -0.03201 0.17847
-0.56037 -0.33985 -0.45282
-0.22892 -0.11884 -0.04986
0.27511 0.18055 -0.11171
0.42593 0.38941 -0.09852
-0.05025 -0.13209 -0.17741
-0.56967 -0.03981 -0.00320
-0.21429 -0.30430 -0.55354
0.20313 0.02024 -0.08310
-0.27360 -0.21157 -0.27562
0.10244 0.01507 0.38195
0.62615 0.37315 0.38815
0.75257 0.19245 0.24033
-0.57023 0.08785 -0.00384
-0.40535 -0.29630 -0.30343
-0.63517 -0.08299 -0.09082
-0.41126 -0.27157 -0.34391
-0.17396 -0.21157 -0.34403
-0.16144 -0.11884 -0.14132
0.68964 0.19245 0.22286
0.52663 0.14840 -0.10728
0.64864 0.19245 0.32653
-0.50067 -0.27223 -0.27768
-0.37758 -0.12089 -0.02090
-0.50087 -0.27118 -0.34647
0.41576 0.05240 0.19642
0.29126 0.10862 0.34092
-0.57012 -0.34427 -0.49646
-0.01529 0.05731 -0.24625
0.59790 0.23395 0.39160
0.03037 0.12700 -0.21145
-0.61386 -0.22287 -0.05660
-0.04009 -0.02612 0.01655
0.45945 0.11297 0.14468
-0.20088 0.14166 0.28123
0.21205 0.04620 0.21403
0.28831 0.05200 -0.08497
-0.70764 -0.27118 -0.23042
-0.34463 -0.23634 -0.27289
-0.68028 -0.25793 -0.34071
-0.72643 -0.30734 -0.49060
-0.25912 -0.12659 -0.11391
0.75997 0.20569 0.34502
-0.46783 -0.31754 -0.44181
-0.27690 -0.21728 -0.36087
0.51349 0.13434 0.10560
0.15700 0.18472 0.39093
0.39700 0.11297 -0.01770
0.56433 0.40588 -0.11258
-0.54236 -0.22022 -0.08496
-0.50446 -0.06158 0.07121
0.38346 0.11297 0.13843
0.12212 -0.00722 0.10174
0.26805 0.06661 0.14395
-0.44299 0.14530 0.11617
0.33823 0.02550 0.15208
-0.50644 -0.30294 -0.29174
0.66280 0.25222 0.38131
-0.10579 -0.05007 -0.33828
-0.66687 -0.10397 -0.14172
0.59261 0.14753 0.39225
-0.44148 -0.04736 0.12488
0.29144 0.06661 0.31837
-0.25968 -0.19470 -0.05709
0.22783 0.13883 -0.12374
-0.01843 -0.09224 0.10837
0.20967 0.23998 -0.12867
0.15480 0.02024 0.00727
0.35270 0.11297 0.24280
-0.76441 -0.31763 -0.39073
0.47916 0.14609 0.36421
0.33678 0.11297 0.35501
0.69878 0.19245 0.36628
0.20128 0.02024 0.06721
-0.60351 -0.27118 -0.25075
-0.13382 -0.17845 -0.30642
0.07771 0.12805 -0.18276
0.83127 0.37243 0.33320
0.08290 0.18207 0.37844
-0.23830 -0.11884 0.03683
0.24185 0.29901 0.40224
0.49246 0.14609 0.07578
-0.71921 -0.13401 -0.24846
0.60540 0.14111 0.15903
-0.35380 0.03752 0.19352
0.59459 0.26010 -0.12018
0.22844 -0.01300 0.12651
0.15505 0.13067 0.39067
-0.64235 -0.01976 -0.10234
0.24462 0.00700 -0.05373
-0.64773 -0.27502 -0.25902
-0.64040 -0.32070 -0.41168
-0.13763 -0.13012 0.08671
-0.44082 -0.32946 -0.49398
0.13348 0.01078 0.29008
-0.04933 -0.07248 -0.09811
0.36410 0.23594 0.40772
-0.03596 0.08990 0.34623
-0.08375 -0.06406 0.07053
0.58869 0.10622 0.19242
0.62520 0.15278 0.27400
-0.08836 -0.07248 -0.03006
-0.19971 -0.14359 -0.10399
0.53102 0.36172 0.39976
-0.06399 -0.02557 -0.29058
0.06375 -0.06424 0.13292
-0.03843 -0.03572 0.27897
-0.41524 -0.13473 0.09401
-0.48906 -0.23622 -0.19971
0.36119 0.21612 -0.10023
0.19481 0.06606 0.10858
-0.68178 -0.30430 -0.45572
-0.51657 -0.22482 -0.23450
0.66765 0.16044 -0.01685
-0.16146 -0.08573 0.03537
-0.16248 0.19883 0.29754
-0.16404 -0.16521 -0.25277
-0.33054 -0.30430 -0.54686
-0.45653 -0.16521 0.03217
-0.43854 0.01233 0.12733
-0.25622 -0.19721 -0.10614
0.15162 0.23780 -0.14852
-0.22926 -0.21157 -0.32426
-0.43748 -0.26186 -0.17234
0.16365 -0.03320 0.13085
0.55467 0.27550 0.39688
0.35425 0.10950 0.40767
0.30204 0.20798 0.40745
0.29504 0.06661 -0.00609
0.13728 -0.02612 -0.05870
0.62797 0.20569 -0.00365
0.31268 0.02330 0.21219
-0.11858 -0.08460 0.11847
0.53671 0.37164 -0.10851
-0.62930 -0.25909 -0.36324
0.76085 0.30659 0.35669
-0.06560 -0.12085 0.03522
-0.27622 -0.27118 -0.41448
0.77635 0.38451 0.35280
0.40300 0.09662 0.31779
-0.19408 -0.07248 0.17831
-0.16728 -0.12900 -0.18602
0.83465 0.23531 0.34204
0.40055 0.32344 -0.09962
-0.39263 -0.20474 -0.11582
-0.68903 0.01902 -0.20634
-0.18535 -0.16521 -0.17796
0.32883 0.17841 -0.10455
0.01405 -0.02612 0.16906
-0.13483 -0.10465 -0.01222
-0.67337 -0.22482 -0.17609
-0.35790 -0.27118 -0.37940
-0.17047 -0.15471 0.01285
0.44874 0.11297 0.24272
0.24443 0.01841 0.12750
-0.03523 0.00853 -0.26286
-0.07308 -0.02612 0.22542
0.31820 0.06661 0.06712
-0.07602 -0.09560 -0.05272
0.63176 0.20569 -0.04563
-0.54868 0.10434 0.03826
-0.64989 -0.30171 -0.32021
0.70605 0.20569 0.26790
-0.35862 -0.17845 -0.03717
-0.17571 0.08982 0.29192
0.40310 0.09226 0.03467
0.16444 0.31468 0.39545
-0.34656 -0.31754 -0.44759
0.68606 0.17977 0.19487
-0.23679 -0.29632 -0.45820
-0.46446 -0.24836 -0.21566
0.03858 0.15486 0.36643
0.28431 0.31327 -0.09977
0.46207 0.13359 0.17202
-0.12329 0.08145 0.31419
0.02053 -0.03937 0.03136
0.19443 0.06661 0.34808
-0.15953 -0.13209 -0.10514
-0.03052 -0.13209 -0.24602
-0.11791 -0.08169 -0.35633
0.25809 0.05336 0.27921
0.62777 0.32005 0.38796
-0.29982 -0.00812 0.22624
-0.57766 -0.21157 -0.16432
-0.54398 -0.17845 -0.03771
-0.33668 -0.13953 0.06375
-0.63232 -0.31754 -0.46232
0.03123 -0.08573 -0.15421
0.16191 0.24703 0.39158
0.14843 0.00700 0.22873
0.38914 0.07495 0.22310
-0.53483 -0.30362 -0.36086
0.75437 0.19619 0.14833
0.44193 0.26943 -0.09944
0.62882 0.39557 -0.12878
-0.45193 -0.28231 -0.41467
0.45560 0.06462 0.19375
-0.04598 -0.07616 0.01854
-0.61694 -0.21157 -0.10958
0.50460 0.15933 -0.01384
0.08323 -0.03937 -0.11724
0.07961 0.02024 0.25717
-0.20515 -0.09046 0.05146
0.66858 0.20569 0.07174
0.46366 0.25135 0.40798
-0.75648 -0.18723 -0.33711
-0.00673 0.00700 0.28249
-0.55326 -0.16925 0.01552
-0.30660 -0.08573 0.18321
0.32914 0.33728 0.40757
0.62468 0.19013 0.20211
0.08498 0.07375 -0.17836
-0.73171 -0.02873 -0.27889
0.48460 0.38381 -0.10215
-0.55909 -0.30430 -0.41620
-0.51110 -0.35066 -0.42176
-0.42701 -0.21157 -0.23220
-0.30350 -0.21157 -0.25695
-0.31248 -0.08573 0.20991
-0.67729 -0.14143 -0.15845
-0.05166 0.19728 0.34198
-0.54917 -0.30749 -0.51878
0.06679 0.00266 -0.18938
0.63486 0.14609 0.37270
-0.44034 -0.17950 -0.03706
0.56407 0.13954 0.30441
-0.16981 -0.21904 -0.30565
-0.61476 -0.11764 -0.05803
-0.60215 -0.06663 -0.04027
-0.42011 -0.27118 -0.38458
-0.11879 -0.03937 0.18756
0.11176 0.06481 0.35436
-0.44171 -0.27043 -0.28974
-0.33159 -0.17004 -0.20982
-0.38298 -0.24163 -0.26751
0.59927 0.14609 0.23608
0.09575 0.01483 0.02153
0.65998 0.20569 0.03755
-0.46652 -0.11884 0.09973
-0.38921 -0.21368 -0.17568
-0.00035 -0.02612 0.08942
-0.30760 -0.27118 -0.45617
-0.16574 -0.05067 -0.44302
-0.72801 -0.27118 -0.32487
-0.11601 -0.16521 -0.26959
-0.49682 0.04505 0.07877
0.28802 0.33142 0.40739
-0.23418 -0.31965 -0.50648
-0.23637 -0.09181 0.15803
-0.34927 -0.17845 -0.14313
0.49564 0.12188 0.21933
-0.18105 -0.11884 -0.07769
-0.54702 -0.27118 -0.30567
0.63046 0.14609 0.32729
-0.34439 -0.30845 -0.39973
0.77444 0.17293 0.30330
0.63992 0.12396 0.16684
0.63900 0.19007 -0.08761
-0.27135 -0.17845 -0.21670
-0.08870 -0.02612 0.13673
0.21412 0.31810 0.39854
0.26927 0.05336 0.18805
-0.68765 -0.26811 -0.18359
0.41484 0.08954 0.08363
-0.47509 0.08209 0.09688
0.51694 0.09612 0.13213
-0.24791 -0.13209 -0.00927
-0.73441 -0.16099 -0.28547
-0.23065 -0.18101 -0.03267
-0.14538 -0.22482 -0.38124
-0.70351 -0.03960 -0.21025
0.25840 0.22212 -0.11546
0.15405 0.19012 -0.14749
0.50809 0.14609 0.18251
0.07220 -0.02612 -0.04992
0.12114 0.02024 0.16671
0.56800 0.19245 -0.06040
0.55303 0.14527 0.10669
-0.20082 -0.17845 -0.24003
0.17533 0.00700 0.13856
0.66561 0.20569 0.15867
0.65671 0.14832 0.09592
0.70114 0.19245 0.06718
0.26571 0.06661 0.06529
-0.42502 -0.31787 -0.35718
-0.12059 0.02698 -0.36062
-0.24179 -0.27118 -0.43006
0.39546 0.11297 0.27099
-0.34759 -0.22482 -0.21812
-0.14300 -0.14721 -0.39662
-0.51429 -0.31754 -0.41058
0.00397 0.08434 -0.23020
0.33887 0.05354 0.13830
-0.49931 -0.30430 -0.51437
0.54659 0.09521 0.15613
-0.74110 -0.30430 -0.44671
-0.52711 -0.21157 -0.15794
-0.23454 0.19086 0.26580
-0.10079 -0.02689 0.09397
-0.12671 -0.14016 -0.13158
-0.27893 -0.18696 -0.00812
0.19945 0.02024 -0.13020
0.30864 0.04972 -0.04037
-0.35802 -0.22585 -0.08891
-0.00615 -0.09209 -0.08978
-0.48260 -0.17845 -0.11943
-0.13172 -0.13920 -0.16042
0.54843 0.27175 -0.10994
-0.28984 0.15648 0.23229
0.62312 0.20569 0.06670
-0.08346 0.07153 -0.31280
-0.24041 0.08984 0.26225
0.52043 0.14128 0.29859
-0.28529 0.05667 0.23505
0.71434 0.45014 0.37282
-0.42121 -0.11884 0.05695
0.60315 0.20569 -0.11164
0.48502 0.21797 -0.10220
0.25329 0.21146 0.40376
0.07506 0.00700 0.28707
-0.19465 -0.27118 -0.48644
-0.20083 -0.07248 0.13755
-0.34103 -0.13209 0.14127
-0.42576 -0.16521 -0.10554
0.00885 0.00700 0.31183
-0.31936 -0.13862 -0.00651
0.17021 -0.00255 0.04378
-0.63618 0.03046 -0.09243
0.64944 0.29983 -0.12508
0.45162 0.29644 -0.09940
0.08633 0.17558 -0.17754
0.40823 0.08798 0.24416
-0.26319 -0.16521 -0.14307
-0.59319 0.03157 -0.03005
0.46378 0.15933 -0.04943
0.33851 0.09972 0.31025
0.66567 0.20569 -0.01792
-0.74017 -0.09453 -0.33148
-0.37461 -0.31754 -0.50938
0.80184 0.20569 0.32250
0.70483 0.20569 0.12602
-0.44628 -0.21157 -0.28286
0.04552 0.00700 0.34376
-0.25632 -0.07248 0.20385
-0.15335 0.04822 0.30142
-0.10873 0.12739 0.32038
0.05289 0.11216 0.37031
0.10167 0.25351 0.38352
0.41346 0.19667 0.40793
0.52344 0.15933 0.14295
-0.60155 -0.22482 -0.20342
-0.62908 -0.22482 -0.16233
0.01489 0.17391 -0.22104
0.13875 -0.03937 -0.10584
-0.27777 -0.07248 0.11471
-0.41922 -0.04024 0.14344
0.70859 0.15069 0.09720
-0.43913 0.08971 0.12685
-0.30692 -0.14228 0.03370
0.65761 0.22050 -0.14525
0.17803 0.06661 0.21880
-0.32966 -0.22482 -0.33719
0.56383 0.14609 0.21756
0.53242 0.15933 0.02332
-0.04518 0.07050 -0.27116
0.49643 0.37572 0.40398
0.01949 0.02024 0.24787
-0.32753 -0.16521 -0.08386
0.01617 0.23230 0.36036
-0.16020 0.00654 -0.43422
0.36995 0.11297 -0.05488
-0.16425 -0.26262 -0.40949
-0.22964 -0.16521 -0.19453
0.74495 0.16833 0.12174
-0.46270 -0.22035 -0.13215
-0.55183 -0.01185 0.01715
0.00360 -0.02612 0.12361
-0.16507 -0.12750 -0.03317
-0.47041 -0.23508 -0.27735
-0.15074 -0.03937 0.20036
0.17376 0.05336 0.29169
0.37920 0.08838 0.10423
0.23002 0.05336 0.00439
-0.05597 -0.17169 -0.28143
0.56749 0.15933 0.35936
-0.42809 -0.30430 -0.45326
0.05381 -0.07414 0.09090
0.32101 0.11297 0.21497
-0.55613 -0.22482 -0.19260
-0.38543 -0.25878 -0.31403
0.24847 0.05336 0.35854
-0.46355 -0.17845 -0.08305
-0.32403 -0.27118 -0.37148
0.70533 0.14284 0.18186
0.40488 0.20221 -0.09960
-0.41226 0.14881 0.14924
0.30932 0.33022 -0.11421
0.73259 0.19245 0.20920
-0.04265 -0.07248 -0.05866
0.23408 0.06661 0.25780
-0.03965 0.00877 0.34523
0.70121 0.28530 0.37167
0.57058 0.45028 -0.11015
0.53398 0.31533 0.39940
-0.37427 -0.13209 0.06359
0.01454 -0.03730 -0.06476
-0.68812 -0.05717 -0.17585
0.07407 -0.02612 0.00716
-0.01671 -0.05013 0.04751
-0.66491 0.03266 -0.14750
0.40149 0.29636 0.40788
0.25625 0.25860 -0.11604
-0.77464 -0.30588 -0.43006
0.29150 0.04262 0.08776
0.23741 0.06661 0.14668
0.04766 0.26300 0.36889
0.15232 -0.00405 0.06769
0.47509 0.33658 0.40659
0.65957 0.30107 0.38213
0.41007 0.08817 0.13861
-0.09102 0.03084 -0.32143
-0.25349 -0.23181 -0.30241
0.14843 0.09295 -0.14988
0.61272 0.12394 0.11868
0.08271 0.02024 0.18829
-0.28401 -0.19080 -0.16359
-0.40475 -0.17845 -0.14318
0.56233 0.15045 -0.09113
0.74382 0.16739 0.26761
-0.22239 -0.16521 -0.26254
0.07773 0.00700 0.11134
0.67608 0.45028 0.37411
0.73988 0.41693 0.36196
-0.31485 -0.19932 -0.17114
-0.10316 0.21476 0.32274
-0.34239 0.00246 0.20044
0.34812 0.30451 -0.10197
0.23328 0.17544 -0.12227
0.03875 0.00685 0.13090
-0.00773 -0.08573 -0.14129
-0.09443 -0.02612 0.21856
0.36262 0.09407 0.32891
-0.19338 -0.07248 0.08055
0.30264 0.13972 -0.10804
-0.28761 -0.20721 -0.07696
0.20678 0.03764 0.12248
-0.41778 -0.22046 -0.14452
0.06157 -0.04747 -0.02043
0.34889 0.25666 -0.10187
-0.37754 0.01299 0.17817
-0.09898 -0.03937 0.27579
0.79097 0.31445 0.34913
-0.01845 0.14607 0.35098
0.62497 0.41026 0.38830
0.35846 0.06661 -0.06695
-0.57230 -0.25793 -0.27858
-0.09578 -0.12270 0.06726
-0.06396 -0.10926 0.08798
-0.17114 -0.08451 -0.45616
-0.29766 -0.11884 -0.00276
-0.70556 -0.13029 -0.21522
0.20295 0.02024 0.02180
0.45875 0.11297 -0.02883
-0.39075 0.07419 0.16715
-0.38165 -0.27118 -0.36122
0.30534 0.09972 0.30622
0.60319 0.15580 0.12107
0.14330 0.02024 0.08542
-0.54082 -0.17429 -0.08587
0.49811 0.14083 0.03853
-0.21963 0.04128 0.27326
0.59417 0.40543 0.39206
0.58654 0.13331 0.20823
0.66985 0.17053 -0.06114
0.64020 0.18751 0.11178
-0.66255 -0.00471 -0.13479
0.48944 0.31604 -0.10274
-0.06994 -0.11884 -0.20910
0.30104 0.29150 0.40744
-0.17726 -0.09695 -0.02059
0.32728 0.25281 0.40756
-0.47129 -0.30430 -0.48170
-0.23351 -0.07248 0.24862
-0.43799 -0.27118 -0.32369
-0.36637 -0.25793 -0.41315
0.41989 0.09972 0.38075
0.31057 0.06253 0.22486
0.74599 0.17213 0.17165
-0.54921 -0.27118 -0.33337
0.23028 0.19186 0.40070
-0.15316 -0.07248 -0.03483
0.05657 0.02024 0.31199
-0.48665 -0.17845 0.02162
-0.72159 -0.30430 -0.36453
-0.03612 -0.02612 0.15092
0.35334 0.09972 0.08334
0.76172 0.20569 0.28866
-0.17681 -0.09705 -0.49934
0.14534 0.28339 0.38937
-0.24918 -0.32011 -0.52981
-0.50846 -0.00071 0.06664
-0.57132 -0.30430 -0.48452
0.49356 0.15933 0.28087
-0.16311 0.23878 0.29999
0.44271 0.11297 0.04377
-0.20476 -0.21157 -0.31528
-0.01846 -0.04629 0.14779
-0.53103 -0.35066 -0.48978
-0.23194 -0.22482 -0.35170
0.36245 0.09972 -0.00454
-0.60228 0.08035 -0.02255
-0.52450 0.11742 0.06047
-0.28356 -0.13209 0.05666
0.47905 0.15933 0.16422
0.30753 0.06661 0.03191
0.17885 0.00700 -0.04905
-0.14898 -0.07248 0.06177
-0.19367 -0.11884 -0.03870
-0.19195 -0.13698 -0.50049
-0.38452 -0.16521 -0.04764
0.57475 0.37882 0.39443
-0.73363 -0.25793 -0.29581
0.43053 0.09972 0.12324
-0.30656 -0.31754 -0.52620
-0.34107 -0.13363 0.01302
-0.21724 -0.16194 0.03325
0.05487 -0.08573 -0.17726
-0.70967 -0.09899 -0.22525
0.40568 0.09972 -0.04337
-0.11925 -0.13209 -0.09770
0.01251 -0.03248 -0.22309
-0.43054 0.05642 0.13400
-0.23802 -0.13209 -0.08383
0.57435 0.19465 -0.02129
-0.08867 -0.13709 -0.17877
0.46533 0.15933 0.08346
-0.04883 0.13138 -0.27126
-0.73899 -0.12504 -0.29664
-0.15864 -0.03937 0.24791
0.43718 0.05898 0.15904
-0.48400 -0.18292 -0.01159
-0.40934 -0.21157 -0.20899
0.32110 0.09428 0.16160
-0.34100 0.13929 0.20128
0.69182 0.36683 0.37403
-0.58520 -0.30430 -0.40381
0.48474 0.13308 0.13606
0.02188 0.00700 0.21260
0.08638 -0.03937 0.02628
0.70689 0.18380 0.24706
0.42794 0.11297 -0.09922
-0.33324 -0.23749 -0.19212
0.21358 0.01158 0.20979
-0.59246 -0.02068 -0.02921
-0.06951 -0.02855 0.05093
0.43234 0.09972 0.30661
-0.14221 -0.09040 -0.39535
0.39246 0.04524 0.21991
0.06748 -0.03744 0.07577
-0.54478 -0.21157 -0.12733
0.69560 0.20569 0.32831
-0.16589 -0.15676 -0.44338
-0.45891 -0.30500 -0.28450
-0.13892 0.00440 -0.39006
0.22923 0.20649 -0.12336
0.54826 0.15933 0.07262
0.15469 0.00683 -0.02234
-0.10713 -0.17845 -0.32599
-0.32951 -0.13209 0.11010
-0.24332 -0.08990 0.12268
-0.39059 -0.19038 -0.08218
0.40423 0.36170 -0.10200
0.12497 -0.04359 0.14274
-0.64221 -0.30430 -0.36494
0.40751 0.11297 0.16171
0.37424 0.07838 0.13846
0.11897 0.02024 0.32589
-0.51833 -0.17845 0.02814
-0.37571 0.13253 0.17969
0.68324 0.19245 0.29168
-0.32408 -0.20966 -0.06291
-0.06422 -0.08573 -0.00781
-0.27720 -0.15776 -0.09971
0.06404 -0.00763 0.17625
0.63034 0.27137 -0.12916
-0.63224 -0.03996 -0.08611
0.12656 0.16662 -0.15917
0.11600 -0.01827 0.19032
-0.04743 -0.08573 -0.13184
-0.71171 -0.02431 -0.23020
-0.12814 -0.04575 -0.37274
0.49450 0.14609 0.24581
0.12197 0.07475 -0.16112
0.55509 0.14609 0.39179
0.59643 0.37641 -0.12064
0.46234 0.15308 0.39679
0.18303 0.12259 -0.13588
-0.29743 -0.22501 -0.13100
0.20978 0.04620 0.29598
-0.27100 -0.30506 -0.46712
0.32481 0.05183 -0.07703
-0.20003 -0.18638 -0.20317
-0.34521 -0.11884 -0.04001
-0.40734 -0.29061 -0.26641
-0.02369 0.24450 0.34956
-0.38740 -0.11884 0.12575
-0.56711 -0.07969 -0.00028
-0.14988 -0.14043 0.05047
0.26036 0.06661 -0.07273
0.30704 0.09972 0.37125
0.13159 0.21284 -0.15703
0.52708 0.14609 0.21195
0.31225 0.06588 -0.10676
-0.50913 -0.17863 -0.04207
0.22873 0.26712 0.40049
-0.31674 -0.16521 -0.14331
0.15729 0.02024 -0.09507
-0.16273 -0.07248 0.12263
-0.48527 -0.26944 -0.40500
-0.57311 -0.16521 -0.01462
0.24558 0.05336 0.39393
-0.25655 0.06192 0.25246
0.12874 0.02024 0.01320
-0.06061 -0.05093 0.15661
0.46212 0.09805 0.21312
-0.35590 -0.21157 -0.28405
-0.09340 -0.08863 -0.32414
-0.47371 -0.33094 -0.51448
0.33631 0.08493 0.22287
-0.74068 -0.19221 -0.30073
0.37372 0.03878 0.17483
0.54326 0.30979 -0.10931
0.46212 0.13453 0.21280
-0.41237 -0.00249 0.14914
0.23753 0.00700 -0.09681
-0.34267 -0.16521 -0.17829
-0.76278 -0.26448 -0.33155
-0.38159 -0.13209 0.00996
0.41697 0.36670 0.40795
-0.04838 -0.03937 0.21176
-0.67542 -0.31754 -0.40120
0.61337 0.20569 0.17162
-0.05178 -0.05923 -0.27666
-0.47417 0.12857 0.11088
0.24599 0.05336 0.20747
-0.41361 -0.30430 -0.50895
-0.66495 -0.27118 -0.29022
-0.58754 -0.21157 -0.11523
-0.19348 0.18399 0.28437
-0.54470 -0.28237 -0.38489
-0.30019 -0.31754 -0.46811
-0.04174 -0.11884 -0.21813
0.43818 0.07354 0.22331
-0.62465 0.04876 -0.07392
-0.25698 -0.17845 -0.18096
0.42375 0.11297 -0.06565
0.05574 -0.04530 -0.06750
0.43467 0.28775 0.40802
0.81029 0.39602 0.34428
-0.31638 -0.25793 -0.34436
0.44317 0.09972 0.17752
0.66815 0.13035 0.18921
-0.08681 -0.04950 0.16825
-0.09644 -0.05942 0.11467
-0.49209 -0.30430 -0.46827
-0.47106 -0.04718 0.10023
-0.58695 -0.27118 -0.34655
0.64569 0.12791 0.13119
-0.50327 0.09083 0.07256
-0.68523 0.01714 -0.17120
-0.30325 -0.27796 -0.40745
-0.03305 0.09929 -0.26105
0.03359 -0.02612 0.00799
-0.28261 -0.07248 0.17955
-0.13726 -0.07248 0.09359
-0.53580 -0.30679 -0.31825
0.04854 0.03171 -0.20044
-0.74096 -0.05396 -0.30141
-0.71646 0.01589 -0.21006
0.27598 0.06661 0.10532
0.54380 0.24252 -0.10937
-0.18593 -0.01699 -0.50230
0.42090 0.09972 0.26669
-0.40773 -0.22482 -0.26851
0.65357 0.39722 -0.14554
0.65922 0.40161 0.38221
-0.21602 -0.08725 0.01942
0.35315 0.11297 0.27195
0.30570 0.01618 0.17440
-0.03331 0.17517 0.34695
0.53950 0.44067 -0.11710
-0.04350 0.27187 0.35148
0.64734 0.18061 0.08418
-0.43540 -0.31048 -0.41946
0.24200 0.06661 0.09089
-0.29415 -0.23373 -0.29319
0.80220 0.35889 0.34631
0.33942 0.36923 0.39804
0.60147 0.26909 0.39116
0.03593 -0.00034 0.25662
0.65863 0.35850 0.38236
-0.71265 -0.17836 -0.23249
-0.59859 -0.32805 -0.42115
-0.01649 -0.12379 -0.18652
0.07684 0.02024 0.35847
0.19660 0.16936 0.39621
-0.51926 -0.21157 -0.10979
-0.08761 -0.16531 -0.24857
-0.09398 -0.12368 0.01253
-0.75895 -0.30603 -0.35988
-0.56757 -0.22482 -0.09094
0.20068 0.16725 -0.13110
-0.01306 -0.02612 0.21291
-0.17711 -0.14179 -0.13152
-0.20966 0.09361 0.27750
-0.60979 -0.26640 -0.21720
-0.17880 -0.22686 -0.37460
0.39830 0.24128 -0.09963
-0.25487 0.17645 0.25348
0.52240 0.28282 0.40081
0.49454 0.15933 -0.10067
-0.48201 -0.25023 -0.24384
0.36542 0.26785 0.40772
-0.12930 -0.08573 0.00821
-0.10196 0.15173 0.32325
-0.48003 -0.29026 -0.24067
0.62607 0.18314 0.04298
-0.30400 -0.13209 -0.03606
-0.47683 -0.21157 -0.21607
-0.28221 -0.11884 -0.08717
-0.15613 -0.06833 -0.41961
-0.08769 0.17600 0.32932
-0.28273 -0.08213 0.08826
-0.53674 -0.25793 -0.27673
-0.21666 -0.25793 -0.43680
0.01595 0.06143 -0.22022
0.61307 0.11567 0.20353
0.27685 0.06661 0.35014
-0.58084 -0.21856 -0.06216
-0.14864 -0.17845 -0.27645
-0.07428 0.21971 0.33501
-0.50387 -0.27118 -0.31293
0.17425 -0.00245 0.16943
0.56478 0.22991 0.39564
0.79649 0.27716 0.34774
-0.56923 0.00838 -0.00271
0.35264 0.09972 0.37889
-0.51023 -0.31754 -0.48469
-0.35294 -0.26521 -0.44337
0.53270 0.15933 -0.03685
-0.34665 -0.20363 -0.20089
0.03911 -0.06825 0.15585
-0.24907 -0.21157 -0.26211
0.66119 0.19245 0.21102
-0.51758 -0.35066 -0.45493
0.43740 0.34059 0.40803
0.11127 0.19767 0.38483
0.26779 0.04073 0.11931
0.16279 -0.01307 0.20300
-0.63201 -0.21436 -0.08573
-0.44545 -0.33002 -0.46138
-0.70225 -0.07328 -0.20717
-0.23347 -0.27009 -0.37961
0.66359 0.20569 0.12597
-0.06465 -0.06724 0.04424
-0.19086 -0.02612 0.27254
0.58563 0.15933 0.27655
0.04641 0.09737 -0.20173
0.39561 0.22415 0.40785
0.30760 0.04529 0.13592
0.66485 0.28569 -0.14020
-0.47762 -0.31754 -0.40964
-0.16548 -0.02288 -0.44238
-0.33589 0.07685 0.20437
-0.22716 -0.08573 0.21350
0.59582 0.40780 -0.12049
0.09427 -0.05359 0.13900
0.02452 -0.04379 0.06758
0.00737 -0.07248 -0.07902
0.50513 0.24685 0.40292
-0.40991 -0.25427 -0.15241
0.73052 0.18721 0.28963
-0.54902 -0.22482 -0.21849
-0.06867 -0.03937 0.30322
-0.63530 -0.12006 -0.09102
0.00207 -0.07248 -0.18802
-0.21112 -0.13848 -0.06856
-0.02447 -0.07805 0.14524
-0.43142 0.12076 0.13326
0.35148 0.11297 0.14238
0.48960 0.15933 0.11050
-0.47727 -0.22482 -0.16064
0.41285 0.29240 -0.09957
-0.07166 0.00446 -0.29934
-0.29787 0.12632 0.22742
-0.27479 -0.25793 -0.46034
-0.45654 -0.16521 -0.02348
0.44024 0.22507 0.40804
0.19899 -0.02168 0.13591
-0.17570 -0.18472 -0.22614
0.17120 0.07066 -0.14020
-0.27723 -0.20027 -0.12820
0.52646 0.14489 0.36890
-0.01423 -0.00805 -0.24536
-0.53001 -0.23296 -0.16720
0.19062 0.06661 0.18937
0.28093 0.06661 0.20945
0.22088 0.05336 0.08203
0.27029 0.04799 -0.01372
-0.69642 -0.31754 -0.47761
-0.29998 -0.07248 0.15006
0.08029 -0.00259 0.23505
0.58970 0.20569 0.00426
-0.33209 -0.21157 -0.27080
0.18090 0.24041 -0.13646
0.45756 0.39217 -0.09938
-0.62204 -0.29461 -0.33361
-0.13040 -0.02612 0.16529
0.33387 0.14244 -0.10387
0.05130 0.02024 0.16560
0.73239 0.19245 0.35288
-0.26889 -0.25793 -0.39148
0.41698 0.09972 0.00914
-0.75564 -0.31754 -0.48440
0.28378 0.05336 0.28966
0.67873 0.19245 0.25548
0.69101 0.19245 -0.00461
0.21907 0.02024 -0.04086
-0.52432 -0.05252 0.04855
-0.16263 -0.17845 -0.30919
0.30461 0.35286 0.41518
0.20854 0.00338 -0.05953
0.36150 0.09972 0.20831
-0.39788 -0.21157 -0.24517
-0.28214 0.02552 0.23695
-0.06154 -0.03937 0.25809
-0.31914 0.18869 0.22631
-0.17831 -0.16602 -0.50051
-0.61065 -0.27861 -0.29920
0.79362 0.45065 0.34990
0.22663 0.05336 0.18645
-0.31587 -0.30375 -0.41174
-0.03643 0.12119 0.34611
-0.62610 0.00612 -0.07626
-0.41792 -0.22482 -0.18107
0.02880 -0.07858 0.10914
-0.52499 0.01755 0.04778
-0.68509 -0.25793 -0.26238
0.09146 0.22579 0.38076
0.46646 0.06810 0.15325
0.21597 0.26888 -0.12696
-0.72258 -0.10416 -0.25668
-0.55216 -0.05838 0.01677
0.18277 0.05336 0.37878
0.03248 -0.02107 0.14293
-0.30171 -0.25793 -0.37840
-0.24285 -0.27524 -0.40871
-0.05476 -0.12841 -0.14702
0.60330 0.34909 0.39094
0.48233 0.09393 0.13635
0.33232 0.20179 0.40758
0.11776 0.02024 0.19934
0.00695 -0.02612 0.05942
-0.43763 -0.18765 -0.07095
0.60207 0.20569 0.13399
0.45201 0.24274 -0.09940
-0.08759 -0.09099 0.07580
-0.64893 -0.04694 -0.11290
-0.73111 -0.00145 -0.29300
-0.09161 0.09871 -0.31357
-0.35980 -0.12161 0.16781
-0.09475 -0.02612 0.18637
0.81469 0.17872 0.31584
0.65426 0.20569 0.35514
0.28553 0.18184 0.40737
-0.03684 0.00700 0.27731
-0.17794 0.22015 0.28375
-0.59994 -0.22842 -0.14285
-0.37664 -0.30430 -0.44933
-0.43888 -0.16521 0.00729
0.37435 0.18835 -0.09974
-0.52560 -0.25793 -0.33456
0.10924 0.02024 0.09884
-0.22969 -0.11884 -0.11460
0.18880 0.05336 0.32130
0.65590 0.16700 0.19427
-0.07950 -0.03937 0.07748
0.11577 -0.03937 -0.04192
-0.07389 -0.05192 -0.30188
-0.00721 -0.12378 -0.23951
0.05058 -0.04930 0.01263
-0.23712 -0.31745 -0.56838
0.48128 0.14609 -0.00722
0.03933 0.16303 -0.20602
0.56332 0.35788 -0.11233
0.58410 0.20569 -0.08224
-0.12557 0.04858 0.31322
0.37274 0.36086 -0.09136
-0.30075 -0.17879 -0.08122
-0.63536 -0.25793 -0.23071
0.18557 0.19735 0.39474
-0.74570 -0.31908 -0.41429
-0.10043 -0.13280 -0.14451
0.37327 0.11297 0.02474
-0.02776 0.02024 0.31005
0.69772 0.25310 0.37255
-0.75419 -0.07507 -0.31728
-0.44634 -0.22482 -0.20019
-0.49632 -0.31989 -0.31413
0.06043 -0.04557 0.17527
0.14576 -0.04228 0.10878
-0.19939 -0.21157 -0.35961
0.68699 0.19245 -0.03712
-0.36847 -0.31754 -0.54178
-0.05587 -0.07248 -0.02835
-0.65103 -0.11718 -0.11628
0.53375 0.25426 0.39943
0.76285 0.33626 0.35619
0.38615 0.18495 0.40781
0.48388 0.34522 -0.10206
0.57030 0.10171 0.17281
-0.02327 -0.09136 -0.11657
-0.37962 -0.26997 -0.26212
-0.69624 -0.27118 -0.31953
-0.43965 -0.12347 0.12641
-0.05693 -0.09612 -0.02943
-0.54112 -0.31516 -0.38881
-0.00917 -0.04140 -0.24115
0.58494 0.15933 0.15497
-0.57258 -0.26976 -0.23326
-0.55214 -0.34233 -0.41599
-0.24003 -0.17652 -0.09265
-0.11806 0.04968 -0.37352
0.07163 0.09818 -0.18644
-0.37891 -0.16521 -0.13809
-0.17475 -0.09781 0.06988
-0.42073 -0.31462 -0.32821
0.24763 0.06661 0.33179
-0.05550 -0.11884 -0.26318
0.42964 0.31658 -0.09950
-0.44682 -0.01876 0.12043
-0.15589 0.03593 -0.41169
-0.65606 -0.30430 -0.47348
-0.45261 -0.22482 -0.24873
-0.31023 -0.30430 -0.50028
0.27229 0.29714 0.40630
0.26016 0.01754 -0.08482
-0.33160 -0.16361 -0.04791
0.23576 0.34699 0.40018
0.56485 0.15933 0.33042
0.19298 0.06661 0.14054
-0.18646 -0.13209 -0.16413
-0.16681 -0.13971 0.07470
-0.75997 -0.12881 -0.31952
0.52515 0.13998 0.00274
-0.39005 -0.22482 -0.29180
0.02123 0.03169 -0.21699
0.49060 0.14609 0.39561
-0.46995 -0.27118 -0.30552
0.46665 0.15933 0.04622
-0.50918 -0.17845 -0.10326
0.47048 0.26855 -0.10043
0.28682 0.05336 0.05030
0.36100 0.20658 0.40770
-0.02303 -0.02612 0.11194
-0.16611 -0.25793 -0.44323
-0.43426 -0.28008 -0.22251
0.25009 0.06661 0.03364
-0.69195 -0.13319 -0.18209
0.83380 0.26790 0.33640
-0.37151 -0.16521 -0.07354
0.52677 0.15933 0.11174
-0.32170 -0.11884 0.04210
-0.03004 -0.10029 0.08312
-0.39369 -0.28248 -0.38073
0.39063 0.11297 0.22544
-0.17566 -0.24412 -0.48672
-0.12762 -0.02612 0.21145
-0.16783 0.11621 0.29527
-0.34633 -0.22482 -0.31368
0.14519 0.01707 0.25543
0.56240 0.11804 0.21118
-0.35846 -0.23673 -0.12872
-0.65411 0.01905 -0.12123
0.17799 0.02024 0.02314
-0.09858 -0.02612 0.24554
-0.03975 -0.02059 -0.26663
0.18466 0.02024 -0.10573
0.36167 0.06713 0.22298
0.35563 0.09972 -0.03402
-0.00677 0.01877 -0.23915
-0.28153 -0.19405 -0.03559
0.00810 0.15351 0.35817
0.28325 0.01107 0.20913
0.73765 0.15423 0.15118
-0.48475 -0.13209 0.06638
-0.11643 -0.02798 -0.35395
-0.43268 -0.29917 -0.29363
0.29502 0.04659 0.01525
0.15367 0.02024 0.20409
-0.24158 -0.18780 -0.20699
0.18955 0.32385 0.38577
0.33331 0.05541 0.08824
0.34045 0.02890 0.19909
-0.12645 -0.07248 -0.02556
0.10762 0.10468 -0.16721
-0.67696 -0.27118 -0.20957
0.44399 0.11297 0.35426
0.45751 0.11297 0.38729
-0.22134 -0.31754 -0.52952
0.50557 0.14207 -0.03244
-0.12645 -0.12794 -0.00714
0.02998 0.12812 0.36410
0.46214 0.28153 0.40814
0.22476 0.05336 0.37499
-0.26675 -0.21157 -0.33526
0.17678 0.02024 0.11253
-0.14450 0.21570 0.30518
0.28318 0.26457 -0.11063
0.56433 0.32809 -0.11258
0.74173 0.18921 0.31530
0.64037 0.45045 -0.12877
-0.25739 -0.28831 -0.44441
-0.18531 -0.07248 0.04188
-0.71751 -0.25793 -0.25309
-0.18558 -0.18029 -0.26329
-0.70856 -0.30946 -0.34026
0.00252 0.15101 -0.23141
-0.62152 -0.30430 -0.42425
0.08383 -0.06106 0.11369
-0.27420 -0.11884 -0.01799
0.38968 0.09366 0.00943
0.31673 0.10767 0.18786
-0.35743 -0.30430 -0.46966
-0.15063 0.16193 0.30258
0.42448 0.09347 0.05774
0.35527 0.32753 0.40768
0.62458 0.25376 0.38835
-0.51775 -0.28442 -0.39558
-0.12464 -0.10648 -0.36713
-0.45864 -0.16521 -0.05791
0.73620 0.44129 0.35322
0.52124 0.15933 0.06336
-0.25767 -0.30430 -0.55107
0.60648 0.42952 0.39850
-0.74807 -0.00815 -0.31399
-0.06400 0.07675 -0.29059
-0.55920 -0.17845 -0.06552
0.13534 0.15001 0.38804
0.27388 0.15291 -0.11187
0.31400 0.11297 0.24180
-0.16842 -0.08573 0.14630
0.69791 0.19245 0.10269
-0.60174 -0.31754 -0.46740
0.00483 -0.08771 0.09402
0.16460 0.05425 0.19798
-0.71634 -0.30430 -0.39361
0.59656 0.11137 0.13860
-0.21961 -0.29366 -0.47957
-0.41585 -0.11884 0.02983
-0.21445 -0.11884 -0.02051
0.25181 0.04397 0.05774
-0.30681 -0.25793 -0.42612
-0.22673 -0.07248 0.04013
-0.25678 -0.12760 0.06148
-0.14171 -0.11884 -0.18423
-0.38429 -0.17845 -0.11292
0.07197 0.02944 -0.18624
-0.15555 -0.02612 0.17682
-0.55050 0.08527 0.01867
-0.41043 -0.18844 -0.05881
0.65192 0.20569 0.01140
0.36366 0.08792 0.24317
-0.12127 -0.04076 0.29292
-0.07675 -0.07985 -0.12433
-0.46138 0.10275 0.10831
-0.65935 -0.02811 -0.12964
0.08128 0.00841 0.04928
0.12350 0.11667 0.38646
0.54075 0.13539 0.08326
-0.21871 -0.17845 -0.22021
0.16309 0.21245 0.39174
-0.07252 -0.06756 0.12483
-0.50883 -0.02792 0.06621
0.82408 0.44418 0.35155
-0.00411 0.01631 0.21313
0.64624 0.16902 -0.04771
-0.74587 -0.16862 -0.31894
-0.43552 -0.30140 -0.37608
-0.69895 -0.01526 -0.19913
0.28571 0.06661 -0.06301
-0.33734 -0.22482 -0.24324
0.04453 -0.03033 0.11980
-0.48215 -0.17845 0.04834
-0.07455 -0.03937 0.10702
-0.19204 0.10987 0.28498
-0.65810 -0.30430 -0.42379
-0.49916 -0.21157 -0.26057
0.50123 0.34918 0.40340
0.15271 0.06086 0.23318
0.12536 -0.00443 0.06770
-0.41924 -0.25793 -0.40804
0.40572 0.17527 -0.09960
0.03884 -0.01431 0.16942
-0.44917 -0.17845 -0.11953
0.16699 -0.03814 -0.11517
0.05903 0.00701 0.09199
0.53198 0.11492 0.21489
0.71801 0.19245 0.18768
0.53159 0.15933 0.17467
-0.03480 0.21671 0.34655
0.67673 0.27610 0.37782
0.74541 0.19733 0.12303
0.43378 0.11297 -0.01255
0.10644 0.02024 0.25818
0.38124 0.11297 0.39036
0.05196 -0.08573 -0.13717
-0.39585 -0.27690 -0.28818
0.08836 -0.00557 0.19292
-0.00269 -0.07248 -0.11789
0.63827 0.36704 -0.13115
0.42622 0.31623 0.40798
0.25897 0.17962 0.40452
0.61440 0.18923 -0.06612
-0.36099 -0.11884 0.12935
-0.05592 -0.04197 0.13188
0.13303 0.25100 0.38773
-0.41393 -0.32817 -0.49701
-0.19308 -0.21671 -0.29186
-0.47258 -0.30430 -0.51476
-0.75892 -0.29015 -0.32544
0.07983 -0.03768 0.05207
0.39689 0.11297 0.35630
0.33915 0.05787 0.05316
0.41727 0.05702 0.22322
0.82089 0.34329 0.35161
-0.03231 0.03488 -0.26044
-0.59906 0.00649 -0.03674
0.40716 0.11297 0.09511
-0.07752 -0.07248 -0.06580
0.25155 0.06661 -0.01679
0.49618 0.27982 0.40401
-0.49373 0.01581 0.08135
-0.30825 -0.13209 0.06646
-0.68237 -0.27118 -0.23857
-0.62348 -0.06834 -0.07204
0.62860 0.20569 -0.11911
-0.21366 0.16426 0.27580
-0.54760 -0.31754 -0.43169
0.09934 0.02024 0.34368
-0.22956 0.06543 0.26882
0.02564 0.09437 0.36292
0.76630 0.42437 0.35532
-0.18734 -0.25793 -0.42151
-0.33639 -0.07609 0.20407
-0.26869 -0.30430 -0.52172
0.26504 0.05336 -0.09735
0.46698 0.06810 0.22272
-0.31929 -0.11884 0.01454
-0.29386 -0.14495 -0.00866
-0.35671 0.15819 0.19176
-0.17885 -0.14360 -0.08646
0.77459 0.17405 0.27698
0.24119 0.05336 0.30650
-0.53540 -0.21157 -0.18329
-0.17424 -0.07655 0.19508
-0.33426 -0.23485 -0.13880
-0.10190 0.24722 0.31125
0.16493 -0.01365 0.11334
-0.13092 -0.21157 -0.35877
-0.44234 -0.25793 -0.34596
0.02515 0.08541 -0.21462
0.23336 0.02866 0.21242
-0.03722 -0.02612 0.05416
-0.23386 -0.17329 0.00348
-0.02714 -0.03937 0.08750
-0.33202 -0.27947 -0.39505
-0.44373 -0.31306 -0.31583
-0.13218 -0.08573 0.04669
-0.08796 0.08315 -0.33578
0.65346 0.20569 0.26752
-0.36316 -0.22482 -0.23930
-0.39910 -0.13209 0.06980
-0.14046 -0.16521 -0.25762
0.51820 0.14247 0.27264
-0.57487 -0.32963 -0.43183
-0.66231 -0.13214 -0.13439
0.61901 0.15933 0.38859
0.17615 0.02024 0.07404
-0.09292 -0.08813 0.11616
-0.03116 -0.09304 -0.08350
-0.06295 -0.11488 0.06038
0.22811 0.04932 0.34291
0.03533 -0.02612 0.05191
0.63332 0.20569 0.12897
-0.19524 -0.16203 0.01019
-0.66027 -0.27118 -0.33083
0.57328 0.27738 -0.11483
0.02792 0.02024 0.27118
0.09955 0.15437 -0.17064
0.10586 0.02024 0.04476
0.11487 0.06661 0.37997
-0.15321 -0.08573 -0.01262
-0.06247 0.17398 0.33905
-0.32377 -0.18295 -0.06315
-0.08947 -0.08573 0.05058
0.64691 0.24276 -0.12615
0.53890 0.40799 -0.10878
-0.48735 -0.21157 -0.19233
0.52841 0.15933 -0.06283
0.22048 0.06661 0.11077
-0.02804 0.14265 -0.26102
0.14215 -0.00107 0.00789
-0.60507 -0.04127 -0.04360
-0.32578 -0.11884 0.08835
-0.13687 -0.02612 0.27862
0.12042 -0.04122 0.17958
0.25328 0.19313 -0.11685
-0.15139 0.00593 -0.41009
-0.45042 -0.13209 0.08403
0.05296 0.02024 0.11420
-0.25302 -0.08573 0.17663
-0.36948 -0.22482 -0.18778
0.02121 -0.08738 -0.17957
-0.47869 -0.28491 -0.27378
0.27815 0.05336 -0.03756
0.61323 0.16096 0.20446
-0.05534 -0.09292 0.03554
0.52365 0.08744 0.16453
-0.53675 -0.35066 -0.43473
0.54793 0.14609 0.14411
-0.32096 -0.22482 -0.21818
0.29918 0.05336 0.19736
-0.32649 -0.01510 0.21007
0.15866 0.02024 0.04367
-0.35817 -0.11884 0.00122
0.67109 0.20569 0.32137
0.07619 0.15757 0.37662
-0.54436 0.02071 0.02568
0.79157 0.41262 0.34898
-0.34022 -0.25793 -0.35321
0.11994 0.23507 -0.15301
-0.23981 -0.31754 -0.48179
0.25097 0.32267 0.40346
0.58166 0.43473 0.39768
0.35757 0.11297 0.29693
0.83099 0.21103 0.34833
-0.60219 -0.21157 -0.17068
-0.57384 -0.32556 -0.51309
0.67009 0.20569 0.23573
-0.26518 -0.16521 -0.23735
-0.59077 -0.29977 -0.31881
0.28423 0.11124 0.38315
0.48205 0.15933 -0.02874
-0.57495 -0.30430 -0.38072
0.72528 0.19982 0.06623
-0.17530 -0.28293 -0.49763
0.33432 0.22856 0.40759
-0.10956 -0.02612 0.15093
0.27896 0.28944 -0.11119
0.05439 0.02024 0.25690
0.80883 0.24746 0.34465
0.29475 0.06661 0.13196
0.50580 0.14440 0.12812
0.21965 0.00700 -0.11448
-0.12537 -0.11884 -0.14484
0.79854 0.17401 0.29623
0.04623 -0.05354 0.07869
0.25025 0.04739 0.25760
-0.00746 -0.03937 -0.00038
-0.05978 0.09459 0.33978
0.25174 0.25756 0.40356
-0.21253 -0.17845 -0.18292
0.25192 0.14128 -0.11722
-0.29477 -0.16521 -0.20305
0.02551 0.27707 0.36289
0.09490 0.02024 0.07281
0.38211 0.32461 0.40780
-0.38091 -0.32673 -0.48690
-0.63060 -0.27118 -0.33568
-0.17488 0.14002 0.29227
0.17259 0.21326 -0.13961
-0.37979 -0.22541 -0.10117
0.64758 0.19245 -0.05969
0.14278 0.31772 0.37901
-0.18428 -0.08573 0.12440
-0.63265 0.05071 -0.10655
-0.11566 -0.11884 -0.12070
-0.22061 0.11560 0.27285
-0.24427 -0.07248 0.14446
-0.48326 -0.06636 0.09007
0.74080 0.32047 0.36173
-0.47918 -0.25793 -0.28170
0.50757 0.15933 0.02302
0.61723 0.15933 0.25140
-0.45640 0.07375 0.11245
-0.25455 -0.18574 -0.02809
0.65980 0.13144 0.15126
0.28380 0.06661 0.02475
0.67949 0.15679 0.18835
0.54023 0.14609 -0.08010
-0.13885 -0.12374 -0.38995
-0.32058 0.05978 0.21365
0.05663 0.02024 0.14145
0.02240 0.00700 0.33503
-0.52390 -0.28375 -0.30582
-0.12250 0.10871 0.31453
-0.70783 -0.15718 -0.22077
-0.73231 -0.06417 -0.28036
0.13491 -0.00331 0.19545
0.59029 0.20569 -0.05183
-0.21993 -0.07248 0.15312
-0.21314 -0.08573 0.08698
0.48992 0.29143 -0.10280
-0.48757 -0.32633 -0.33772
-0.27015 -0.14168 0.00329
0.38949 0.08958 0.26638
-0.09692 -0.07248 -0.00704
0.42420 0.09972 0.32981
0.65458 0.20569 -0.09838
0.20667 0.12431 -0.12948
-0.56438 -0.32341 -0.47076
-0.71962 -0.15853 -0.24947
0.42655 0.09972 0.15267
-0.35106 -0.24904 -0.21626
0.60952 0.12856 0.18295
0.53589 0.15933 0.28103
0.02510 -0.04818 0.15709
0.68028 0.18079 0.07261
-0.42221 0.07901 0.14095
-0.10451 0.04179 -0.33682
0.61049 0.14609 0.36989
0.23942 -0.00702 0.14750
-0.52183 -0.07657 0.05139
0.54127 0.15933 0.31825
-0.20758 -0.17437 -0.02823
-0.41024 -0.19005 -0.09668
0.60815 0.11383 0.15995
-0.13903 -0.11884 -0.10483
-0.49988 -0.34528 -0.40076
0.29695 0.19100 -0.10880
0.63319 0.20569 0.03706
0.17582 0.28133 0.39344
-0.19407 -0.22832 -0.34272
-0.08736 0.12045 0.32946
-0.40371 -0.30261 -0.37134
0.13447 0.02024 -0.02456
-0.35654 0.08005 0.19186
0.55134 0.09683 0.13094
-0.02241 0.27263 0.33935
0.37407 0.11297 0.25443
0.44878 0.36210 0.40808
-0.61211 -0.30430 -0.40181
0.13081 0.06661 0.33935
-0.27224 0.14353 0.24295
0.23883 0.23555 -0.12076
-0.25133 -0.16521 -0.12185
-0.38098 -0.13654 0.08652
-0.14045 -0.05265 -0.39252
0.22069 0.00714 0.03200
0.49615 0.14609 0.34685
0.43490 0.11297 0.07214
0.08350 -0.03937 -0.02694
0.09392 0.02024 0.15731
0.33222 0.10297 0.09480
0.26360 0.31104 -0.11214
-0.21117 -0.11045 0.01441
-0.28338 -0.22482 -0.24001
0.52538 0.26491 -0.10713
0.42564 0.34044 -0.09951
-0.28945 -0.08573 0.20256
0.77026 0.20569 0.26605
0.51428 0.40492 0.40180
-0.25552 -0.23126 -0.32696
0.05354 0.13628 0.37048
0.68145 0.39405 0.37663
0.59129 0.15933 0.36324
-0.32993 -0.27118 -0.43933
-0.73963 -0.31754 -0.37344
-0.18742 -0.25793 -0.46506
0.03826 -0.06911 0.13183
0.64462 0.42655 -0.12787
-0.57140 -0.27118 -0.31799
0.42196 0.11297 0.28947
0.27641 0.06661 0.16934
0.22870 0.06661 0.21756
-0.41068 -0.26163 -0.17523
0.27089 0.35179 0.39666
-0.52902 -0.16521 0.01123
-0.73857 0.00212 -0.27048
-0.61065 -0.27799 -0.27262
0.65755 0.19332 -0.12487
0.05493 -0.00278 0.22540
-0.69140 -0.29297 -0.33781
-0.15987 -0.13209 -0.06635
0.16079 0.12213 -0.14462
-0.52490 -0.26132 -0.25384
0.57263 0.25993 0.39469
0.27675 0.23685 -0.11149
-0.43704 -0.16521 -0.06214
-0.15846 -0.22482 -0.33168
0.66986 0.19245 0.34116
0.68647 0.20569 0.04670
0.31661 0.06661 0.12215
-0.21069 -0.27356 -0.42224
0.32593 0.06661 -0.03421
0.00484 -0.02612 -0.04612
-0.04374 -0.05014 0.17642
-0.12179 0.20033 0.31483
0.05831 -0.02612 -0.03066
-0.41451 -0.25561 -0.30148
-0.09174 0.24820 0.33625
0.27566 0.20417 0.40675
-0.27954 -0.16521 -0.12563
0.15687 0.00700 0.15637
-0.32122 -0.22236 -0.17841
0.54113 0.42506 0.39733
-0.54358 -0.21157 -0.23735
-0.17169 -0.17518 -0.45749
0.39154 0.27488 0.40784
0.02819 0.20567 0.36361
-0.27754 -0.20500 -0.09945
0.05666 0.02024 0.18863
-0.23508 0.16721 0.26547
-0.36449 -0.22482 -0.26645
-0.74405 -0.10050 -0.30894
0.19459 0.02024 0.04390
0.01157 -0.07248 -0.13804
-0.44209 -0.13209 0.05632
-0.10744 -0.04561 0.22153
-0.43076 -0.25793 -0.36818
0.14852 0.02024 0.17877
-0.01551 -0.07248 -0.07320
-0.33875 -0.22613 -0.10510
-0.44337 -0.21317 -0.14359
-0.21316 0.20136 0.27601
0.19872 0.06661 0.30005
-0.26811 0.04262 0.24546
0.48501 0.14609 0.18725
0.38691 0.11297 0.17320
0.71759 0.15888 0.23882
-0.39300 0.13929 0.16528
0.37129 0.11297 0.06026
0.56515 0.30204 -0.11279
-0.28385 -0.31754 -0.53378
-0.10200 -0.09495 0.09564
-0.47761 -0.22831 -0.23679
-0.00927 0.00700 0.33725
-0.39227 -0.00047 0.16589
-0.35282 -0.16521 -0.05769
-0.53122 0.10076 0.02309
0.61644 0.42695 -0.12567
-0.43073 -0.31754 -0.47458
0.71694 0.42115 0.36772
0.00591 0.00700 0.26150
-0.01076 0.17529 0.35306
0.41535 0.25725 -0.09956
0.03469 0.01446 -0.20883
-0.18950 -0.01768 -0.47629
0.51095 0.15933 0.23591
0.21325 0.20763 0.39843
0.65707 0.32423 0.38275
0.49157 0.41993 -0.09896
-0.13344 -0.17845 -0.23931
0.02741 -0.04900 -0.00343
-0.11540 -0.08573 -0.04718
-0.17261 -0.03174 0.19283
-0.44563 -0.22482 -0.22811
0.10609 0.00700 0.31183
-0.27462 -0.27118 -0.44129
-0.75654 -0.31754 -0.45787
-0.14629 -0.09283 0.08713
-0.56121 -0.22482 -0.15476
-0.67500 -0.31754 -0.37739
0.42665 0.05557 0.13868
-0.18826 -0.08573 0.15826
0.33631 0.11297 0.39346
-0.17398 -0.02612 0.23673
-0.16057 -0.14056 -0.14927
-0.26564 -0.08573 0.22038
0.65372 0.45037 0.37999
-0.01376 0.08326 -0.24498
0.52260 0.14609 0.32137
0.71773 0.14730 0.16290
0.06339 0.28183 0.37315
0.62855 0.15933 0.30846
-0.38277 -0.30430 -0.52644
-0.24133 -0.07248 0.22602
0.71544 0.20569 0.24682
0.31169 0.04758 -0.00067
-0.19677 -0.16813 -0.48683
-0.16175 -0.14985 -0.02854
-0.09466 -0.13209 -0.20047
0.49010 0.15933 0.05705
0.44811 0.11297 0.11636
0.37685 0.09858 0.04237
-0.47584 0.03676 0.09626
-0.62954 -0.31754 -0.37888
0.66331 0.16987 0.00369
-0.68487 -0.32288 -0.42418
-0.40007 -0.24207 -0.16925
-0.57873 -0.27118 -0.26093
-0.20746 -0.11884 -0.12930
-0.18778 -0.16521 -0.22502
0.16089 0.00700 0.09196
0.72738 0.15552 0.10950
0.33094 0.05336 -0.10214
0.47935 0.14609 0.29897
-0.09196 -0.05936 -0.32250
0.32072 0.03447 0.16387
0.14388 0.00700 0.03038
-0.17645 0.01102 -0.44975
0.45593 0.11297 0.06304
-0.32118 -0.30430 -0.47395
-0.15953 -0.22482 -0.36243
0.34619 0.11297 0.33415
-0.17366 -0.07466 -0.02430
-0.36177 -0.27118 -0.34990
-0.47145 -0.29279 -0.40901
-0.25693 -0.13209 0.03646
0.66416 0.19245 -0.03838
-0.21187 -0.07248 0.11488
0.62535 0.15933 0.34519
0.23697 0.04470 0.27830
-0.35596 -0.11884 0.06025
-0.28885 -0.21157 -0.29471
0.73716 0.19245 0.18086
-0.01936 -0.11884 -0.20862
-0.22143 -0.27118 -0.47609
-0.58939 -0.32902 -0.45202
-0.07156 -0.08573 0.01380
0.38989 0.24976 0.40783
0.35116 0.03088 0.17008
0.54097 0.13814 0.28778
0.61708 0.15909 0.22686
0.43729 0.11297 -0.03649
0.06745 0.22767 0.37425
0.31068 0.16102 -0.10697
-0.63903 0.00214 -0.09701
0.51534 0.40792 -0.10590
0.00021 -0.02612 0.18707
0.19021 0.00362 0.12019
0.76650 0.20569 0.32329
0.39290 0.11297 0.29354
-0.42900 -0.02148 0.13528
0.06036 -0.01547 0.08943
0.08963 -0.02612 -0.08237
-0.25560 -0.22482 -0.36230
-0.29402 -0.18484 -0.18914
0.69726 0.17029 0.09745
-0.32841 -0.21157 -0.31763
-0.67339 0.00487 -0.15219
-0.43121 -0.11884 0.09190
-0.37112 -0.29888 -0.39555
0.03650 -0.03937 -0.05849
0.46210 0.11524 0.19845
-0.07846 -0.16521 -0.30090
-0.61215 -0.32748 -0.43919
-0.14420 -0.13209 -0.08650
-0.13205 -0.01405 -0.37902
0.72539 0.20569 0.08876
-0.03721 -0.13327 -0.20140
0.12683 0.00700 0.13371
0.17878 0.15411 -0.13703
-0.26031 -0.11884 -0.08184
0.37062 0.11297 0.31963
0.23156 0.02024 -0.01578
0.57493 0.14609 0.19380
-0.35981 -0.00709 0.18988
0.63246 0.31814 -0.12969
-0.07763 0.03348 -0.30614
0.77800 0.19245 0.34712
-0.52678 -0.33195 -0.39297
-0.62677 0.07190 -0.06090
-0.13451 0.02757 -0.38299
0.42962 0.39667 0.40745
-0.33643 0.16111 0.20405
0.54553 0.14290 0.35361
0.07414 -0.05791 0.15177
-0.34447 -0.17845 -0.11453
0.25259 0.01692 0.21499
-0.05892 -0.04861 0.19427
0.40250 0.09078 0.06127
-0.36426 -0.18841 -0.19046
0.13869 0.05867 -0.15402
0.69613 0.44106 0.36346
0.64249 0.42404 0.38616
0.16449 0.02024 -0.03734
0.44274 0.09972 -0.08891
0.81345 0.22022 0.33495
0.38387 0.30855 -0.09969
0.54647 0.34122 -0.10970
-0.11113 0.07067 -0.33188
-0.25582 -0.26257 -0.36997
-0.03328 -0.03937 0.22819
0.55303 0.36416 0.39708
0.04167 0.02024 0.36126
0.55346 0.14609 0.04777
-0.69263 -0.30430 -0.49510
0.08530 -0.00043 0.09176
0.59399 0.14609 0.10328
0.00650 0.10634 -0.22809
0.08681 0.27661 0.37950
-0.15708 -0.01200 -0.42193
-0.51422 -0.33655 -0.35768
0.80115 0.33672 0.34657
-0.31568 -0.16521 -0.18760
-0.57482 -0.21157 -0.20113
-0.43070 -0.24381 -0.16145
-0.68668 -0.15466 -0.17353
0.28041 0.27657 0.40735
-0.11583 -0.07248 0.09914
-0.68611 -0.08454 -0.17261
0.10958 -0.00012 0.20220
0.19529 0.00700 0.00582
0.39466 0.09972 0.33803
-0.20140 -0.11884 -0.06563
0.81211 0.41922 0.33661
0.64654 0.16864 -0.06979
-0.69507 -0.30430 -0.40099
-0.61115 -0.25793 -0.35075
-0.18868 -0.21755 -0.39894
-0.24508 -0.11884 0.01584
0.07011 -0.03937 -0.13496
0.10089 -0.00144 0.22252
-0.27263 -0.13209 -0.03638
-0.71307 -0.04605 -0.23352
0.64819 0.19245 -0.01976
-0.23877 -0.16521 -0.17451
-0.39193 -0.22482 -0.20194
-0.28301 -0.17805 -0.23859
0.03656 0.02024 0.30288
0.55371 0.15933 0.02881
-0.08230 -0.04606 0.22505
-0.35956 -0.31754 -0.48705
-0.10814 -0.17845 -0.25396
-0.16240 -0.09033 -0.43487
0.72113 0.20569 0.14559
-0.37267 -0.27118 -0.39686
0.19770 0.02024 -0.03600
-0.54597 -0.17845 -0.00298
-0.27709 -0.07248 0.14768
-0.66004 -0.21157 -0.16484
-0.34462 0.11781 0.19908
-0.23876 -0.16052 0.02946
-0.32363 -0.07248 0.17954
0.21100 0.01618 0.12305
-0.34712 0.17915 0.19041
-0.18860 0.15896 0.28644
0.42430 0.11297 0.17569
-0.30838 0.15384 0.22105
-0.56349 -0.34985 -0.51650
-0.30300 -0.14357 0.01110
-0.31446 -0.17845 -0.16480
-0.02639 -0.07856 -0.00843
-0.53738 -0.04123 0.03364
0.49931 0.36782 -0.10394
-0.65030 -0.31754 -0.39253
0.03754 -0.04713 0.04659
0.06839 0.02024 0.33029
0.62961 0.18523 0.00363
-0.03506 -0.05979 -0.26272
-0.53758 0.00153 0.03342
0.37059 0.11297 0.08684
-0.06660 0.05427 -0.29356
-0.03601 -0.03937 0.03698
0.33178 0.11297 0.15859
-0.50519 0.11658 0.07037
0.65151 0.19245 0.14172
