-0.28134 -0.68560 0.25433
0.24483 -0.91921 0.27207
0.17676 0.25184 -0.20981
0.24715 -0.92493 -0.27253
-0.27882 -0.92436 -0.25180
-0.24883 -0.01770 -0.25186
0.21852 -0.01806 0.25180
-0.24029 0.12702 0.20797
-0.03683 -0.45851 0.26356
0.03431 -0.46951 -0.24358
0.23793 0.47081 0.23191
-0.21786 0.43374 -0.12817
0.23973 0.50809 -0.22588
0.24747 -0.45228 0.02733
-0.25145 -0.46724 -0.01314
0.21085 -0.20908 -0.23951
-0.06796 -0.46952 0.24542
0.15589 0.38151 0.16725
-0.23072 -0.25340 0.23811
-0.14547 0.42365 0.22333
0.24521 -0.60139 -0.23841
-0.21035 0.32040 -0.18399
0.25397 -0.57196 0.24331
-0.26205 -0.36135 -0.23101
0.01562 0.41699 -0.05071
-0.25252 -0.69040 -0.25406
0.21628 -0.29170 0.23907
-0.15733 0.36889 0.12312
0.23274 0.55661 0.01795
0.24252 0.02390 -0.23479
-0.27970 -0.92322 0.25431
-0.27376 -0.46981 0.24528
0.03323 0.42008 -0.22807
0.22345 -0.39655 -0.25239
0.06029 0.46238 0.18303
0.21806 0.19310 0.20250
-0.22828 -0.04214 0.21296
-0.21874 0.42062 0.07472
0.14273 -0.46185 0.24285
-0.23078 0.13591 -0.19657
-0.17488 -0.45285 -0.24708
0.26071 -0.75908 -0.27805
0.23352 -0.46167 -0.15548
0.15508 0.39341 -0.13981
-0.08057 0.45167 -0.13049
0.15049 0.45316 -0.11420
-0.24823 -0.17959 -0.21709
0.17800 0.45739 0.10250
0.26590 -0.73472 0.25634
-0.28367 -0.51622 -0.25745
-0.05947 0.45292 0.14153
-0.20550 0.25875 0.22068
0.21784 -0.01242 -0.24933
0.23277 -0.15833 0.21944
0.24635 -0.45199 0.16227
-0.21344 -0.00363 0.22663
0.03958 0.38279 0.07601
0.26362 -0.41777 0.25493
-0.13820 0.35248 -0.11467
-0.25277 -0.46933 -0.15677
-0.10709 0.42524 -0.22461
0.19820 0.12412 -0.19309
-0.03564 0.37738 0.05206
-0.11725 0.43981 0.02771
0.21670 0.49729 -0.10439
-0.25370 -0.45472 0.12365
-0.21870 0.43335 0.11863
0.16245 -0.46565 -0.24146
0.12793 0.43909 -0.00315
-0.28011 -0.79351 -0.27729
-0.27092 -0.33814 0.24157
0.24933 -0.29408 -0.23497
0.16738 0.27038 0.16078
0.24236 0.47729 -0.23169
-0.28359 -0.80508 0.25739
-0.23521 0.06149 -0.20143
0.24253 0.55589 0.15002
-0.16600 -0.47328 0.25335
-0.00531 0.43784 0.06365
-0.24588 -0.13409 0.26061
0.23176 -0.49265 -0.26008
-0.01588 0.42714 0.22798
-0.18658 0.23488 -0.20244
-0.25831 -0.57657 0.27078
0.19299 0.10205 0.22701
0.03999 0.45928 -0.16811
0.23928 -0.64668 -0.24673
-0.06136 0.38049 -0.02581
0.20662 -0.14722 0.23492
0.14692 0.43999 0.22620
0.19775 0.19398 -0.18116
-0.14196 0.44779 0.08787
0.14433 0.44010 -0.22444
0.21366 -0.09534 -0.21620
0.08119 0.39640 -0.06139
-0.22525 0.20855 0.22948
0.25473 -0.49653 0.24355
0.12412 0.33605 -0.15768
-0.20871 0.44364 -0.03698
0.25016 -0.50886 -0.27395
0.26259 -0.81911 0.25360
-0.17630 0.36243 0.18502
0.10982 0.42538 0.10843
-0.07097 -0.47325 -0.25109
-0.25725 -0.26794 -0.26579
-0.27108 -0.60994 -0.24172
-0.14949 0.38228 -0.16615
0.23991 -0.45268 -0.07220
0.05744 -0.45185 0.25488
0.22112 0.06172 0.20628
-0.22823 -0.07351 -0.24222
0.06041 0.46131 -0.17560
-0.12951 0.45092 -0.21518
0.19612 0.26862 0.18007
-0.01163 0.46178 0.18251
-0.23746 -0.18068 0.25257
0.03370 0.38515 -0.01396
0.18158 0.32205 -0.19549
-0.18875 0.45947 0.16012
-0.21194 0.09973 -0.22700
-0.18168 0.27617 0.15904
-0.24120 -0.44876 -0.25162
-0.12514 0.40354 0.14421
0.24122 -0.65327 0.27028
-0.17434 0.45789 -0.13026
0.26021 -0.36083 0.24846
0.21311 0.48545 0.01661
-0.25825 0.05255 -0.23030
0.16728 0.42300 -0.22377
0.23644 -0.19100 -0.22138
0.25333 -0.25426 0.25615
0.16736 0.47500 0.18063
0.07803 0.41601 -0.11293
-0.04297 0.41710 0.00788
0.24096 -0.84508 -0.26661
0.14098 0.31747 0.14347
-0.24195 -0.10694 -0.21177
0.25122 -0.12207 -0.24340
-0.03495 0.46225 -0.20906
0.23578 -0.45177 -0.22038
-0.10888 0.44115 -0.05830
0.18149 0.15153 0.20381
-0.24567 -0.40895 0.25927
-0.25709 -0.73464 0.25438
-0.23763 0.21106 -0.20396
0.08721 0.41920 0.22846
-0.18033 0.31319 -0.14501
0.22967 -0.06320 0.21561
0.24410 -0.45177 0.11274
-0.07769 0.39783 -0.09564
-0.24044 0.06212 0.24936
0.26265 -0.52283 -0.24981
-0.20854 0.14308 0.22567
0.14109 0.46763 0.19279
-0.14293 0.44486 -0.06403
-0.08597 0.41141 0.10568
0.04592 0.43510 0.00952
0.21929 0.06543 -0.24776
-0.28471 -0.56589 0.25817
-0.28033 -0.86465 0.28204
0.21793 -0.31309 -0.23775
-0.11226 0.46151 0.17185
0.11566 0.35685 -0.11047
-0.26709 -0.31143 0.26416
0.16018 0.44709 -0.05579
-0.25843 -0.17643 -0.25948
0.20368 0.49374 0.15033
0.24797 -0.59767 0.27708
0.23304 0.54958 -0.15533
-0.20679 0.16540 -0.22221
-0.10111 0.39151 0.06603
-0.28623 -0.62734 -0.25828
-0.26240 -0.45184 -0.08462
0.23072 0.14188 0.21585
0.23009 0.54739 0.08824
0.23284 0.55546 -0.05847
0.09302 0.36502 0.12587
0.22339 0.14528 -0.23181
0.18501 0.48335 -0.20012
0.18019 0.45405 0.06760
-0.17082 0.45082 0.09165
0.18836 0.27010 0.21840
0.03217 0.44711 0.12086
0.20442 -0.46308 0.26066
-0.21318 0.26752 -0.17818
0.10736 -0.47097 -0.25841
-0.28884 -0.73561 -0.26331
-0.04440 0.43293 -0.05545
0.21733 -0.24431 -0.24732
0.25830 -0.35977 -0.24437
-0.24273 -0.32532 -0.25507
-0.24407 -0.48504 -0.25512
0.21434 -0.06965 -0.24546
-0.27064 -0.61028 -0.27656
-0.25034 -0.46245 0.05545
-0.18976 0.43341 -0.20087
-0.27764 -0.43429 -0.24709
-0.22456 -0.03896 0.24060
-0.24584 -0.11014 0.21532
0.22589 0.00434 0.21140
0.05133 0.44466 -0.10599
-0.14464 0.40906 -0.10852
-0.10906 0.45749 -0.21298
0.21344 -0.21256 0.23273
-0.11200 -0.47061 0.26065
-0.20042 0.20748 0.18086
-0.26528 -0.87123 -0.27391
0.02078 0.46386 -0.19362
-0.27446 -0.25467 0.24648
-0.25471 0.01643 0.22305
0.06004 0.38841 -0.09511
-0.23261 -0.00753 -0.20425
-0.25285 -0.64666 0.26484
0.18487 0.26413 -0.16697
-0.26218 -0.40424 0.23329
0.25062 -0.55641 0.27715
-0.24754 -0.50730 0.26048
0.22489 0.52403 0.20284
0.16707 0.21621 0.19855
0.19421 0.20168 -0.22693
0.23780 -0.72994 -0.25437
0.11782 0.44784 -0.10515
-0.09104 0.37220 -0.07350
-0.21283 0.31368 0.18699
0.12903 0.39911 0.11160
0.00043 0.39308 -0.03551
-0.25841 -0.25711 -0.22668
-0.18896 0.44444 0.02370
-0.25010 -0.13895 0.21941
0.24697 -0.76391 0.24949
-0.06824 0.43892 0.06053
-0.00899 0.45129 -0.13692
-0.23116 0.17655 0.23432
-0.27676 -0.83130 -0.24894
0.22138 0.50215 -0.05163
0.24808 -0.78075 -0.24776
0.22696 -0.08713 0.25867
0.03069 0.38202 0.01334
0.23793 -0.45637 -0.26650
-0.25752 -0.47265 0.18531
0.09222 0.46089 -0.21337
0.20386 0.06548 -0.20029
-0.08519 0.44129 0.22546
-0.03150 0.39847 -0.04948
-0.26764 -0.40751 -0.26899
0.25492 -0.23553 -0.25116
0.17412 0.33150 -0.15575
0.25329 -0.43788 0.27010
0.07843 0.39996 0.06046
0.02148 0.46364 0.21036
-0.21705 0.24123 0.18406
0.22905 -0.55975 -0.25568
0.08208 0.43842 -0.05650
-0.21746 0.43531 -0.05876
-0.23517 0.06908 0.20317
0.20135 0.05721 0.23511
0.26983 -0.70007 0.26031
-0.00877 0.42170 -0.22383
-0.25512 -0.28185 -0.22388
0.18178 0.46900 -0.14585
0.20595 0.44881 0.22501
0.26627 -0.86257 0.27890
0.24856 -0.30326 0.26491
0.10435 0.43944 0.05712
-0.22320 -0.47209 0.24331
-0.16331 0.31312 -0.17975
-0.13362 0.40434 0.09888
0.21557 -0.01229 -0.20467
-0.28627 -0.62237 0.26087
0.24872 -0.46230 0.22124
0.13304 0.46225 -0.16137
-0.24496 -0.35951 -0.25706
0.10441 0.38609 0.14066
-0.02709 -0.46184 -0.26247
-0.07310 0.43692 -0.02012
0.16004 0.33565 0.19463
-0.06297 0.40346 0.02787
0.22217 0.04172 0.25149
-0.26291 -0.19936 0.23263
0.26275 -0.42658 -0.25777
-0.24927 -0.54718 -0.24580
0.04367 0.43861 0.07145
0.11131 0.45600 0.14468
0.16372 0.29605 -0.14844
-0.26305 -0.01589 0.23704
0.22109 -0.35446 0.25209
-0.24063 -0.12084 -0.25430
0.21997 -0.26644 -0.24982
0.25874 -0.68530 -0.27668
0.21865 0.49558 0.08585
-0.22541 -0.13299 -0.23891
-0.20035 0.41949 0.19048
-0.13401 0.35176 0.15278
-0.25161 -0.05018 -0.21853
0.15212 0.38248 -0.16795
-0.24046 0.11949 0.23958
-0.17048 0.29155 0.18858
-0.11549 -0.45296 -0.25664
-0.19206 0.35489 -0.15675
-0.03657 0.41713 0.05637
-0.05050 0.45165 0.22263
-0.24867 -0.45889 -0.20447
-0.18957 0.27653 -0.20566
0.15350 0.29251 -0.18689
-0.25897 -0.42338 -0.23015
-0.21391 0.19060 -0.18098
0.23067 -0.21225 0.22022
0.24128 -0.15519 -0.25758
-0.11346 0.37521 -0.13085
0.01012 -0.45229 0.25685
-0.27232 -0.20646 -0.24721
-0.26435 -0.30420 -0.23294
0.23892 -0.04194 -0.22291
-0.28913 -0.75874 0.26727
0.22851 0.53847 0.02969
-0.02494 0.44331 -0.09976
-0.11081 0.45012 0.11636
0.04118 0.43550 -0.02012
0.23732 -0.26500 0.22487
-0.25067 -0.07648 0.25831
0.18275 0.20227 0.21733
0.22210 -0.41297 0.25137
-0.17321 0.27964 -0.16231
-0.15275 0.45749 0.20434
0.24048 -0.42114 -0.22979
0.15509 0.34799 0.13831
-0.25345 -0.74885 -0.26056
0.10972 -0.45185 0.25499
0.27278 -0.86595 -0.27065
-0.25318 0.10970 -0.22431
-0.22861 -0.22368 -0.23922
0.23354 -0.46376 -0.12815
-0.01685 0.37343 0.00994
0.06825 0.41620 0.10508
-0.01061 0.43499 -0.00799
-0.21144 -0.46837 -0.25964
0.24342 -0.61501 0.24205
-0.23841 -0.34979 0.25241
0.26431 -0.88638 -0.25395
-0.17577 0.32688 0.14205
0.10675 0.35923 0.14241
0.19988 0.46433 -0.02780
0.18646 0.30617 0.17014
0.23311 -0.48316 0.26332
0.23507 -0.46817 -0.02003
-0.09742 0.36916 0.09953
-0.27715 -0.87208 0.25162
0.11958 0.41962 -0.10410
0.20176 0.09610 0.19807
0.25842 -0.64694 -0.27526
-0.28758 -0.68020 -0.26324
-0.15940 0.45939 0.14716
0.10504 0.37606 -0.13942
-0.20686 0.09697 0.22363
-0.20720 0.45273 -0.10941
0.27004 -0.81928 -0.25922
0.23484 0.10238 -0.21830
-0.15026 0.46240 -0.17771
0.24583 -0.11545 0.23212
-0.11347 0.42821 -0.10668
-0.26884 -0.89301 0.27914
-0.16628 0.39138 0.16040
-0.22305 0.14865 0.19114
0.20605 0.18056 0.23665
0.20493 0.26714 -0.20512
-0.26635 -0.71688 0.27787
-0.15021 0.31747 0.15136
0.23991 -0.68857 0.25109
-0.23787 -0.21850 0.25273
-0.21223 0.45151 -0.14942
0.24461 -0.21256 0.26125
0.26792 -0.88296 0.25937
-0.14942 0.44186 -0.01462
0.20657 -0.14177 -0.23059
-0.28207 -0.56667 -0.26457
0.24781 -0.47265 0.06866
0.19941 0.11723 -0.23167
0.25427 -0.46634 -0.02894
-0.22510 0.02725 -0.23972
0.21866 0.42628 -0.22398
-0.26598 -0.07357 -0.24044
0.21349 0.22911 -0.21398
0.21592 0.52333 -0.18819
-0.09366 0.45982 -0.16441
-0.25655 -0.47226 0.14664
-0.03796 0.46001 -0.17139
0.21871 0.15524 0.20336
0.24090 -0.31637 -0.26762
0.06403 0.45137 0.13587
-0.25630 -0.45905 -0.26773
0.09587 0.46354 0.21100
0.08500 0.45383 -0.14078
-0.26675 -0.13426 -0.23430
0.16189 0.23544 -0.19025
0.23612 -0.53187 0.24235
0.20277 -0.45838 -0.25850
-0.17267 0.44624 0.05548
0.22956 -0.15193 -0.21538
-0.21749 0.42221 0.00548
0.25209 -0.45627 -0.19959
-0.23909 -0.30796 0.23481
0.06624 0.41133 -0.04643
-0.25659 -0.82782 0.26291
0.26491 -0.56053 -0.25232
0.20992 0.14361 -0.19277
0.22138 0.51766 -0.00516
-0.11018 0.41169 -0.07332
-0.27694 -0.51006 0.24874
0.14948 0.33221 -0.13196
0.19164 0.24208 0.22447
0.25243 -0.80218 0.28047
0.19448 0.22091 0.17882
0.04679 0.37246 -0.05887
0.26929 -0.63557 0.26455
0.15357 0.28822 0.18876
-0.26614 -0.45605 0.21313
0.23928 0.56101 -0.09578
-0.25759 -0.44452 0.27096
0.24941 -0.69405 -0.24194
0.03250 0.42289 0.22807
0.23253 -0.37453 0.23117
0.12421 0.44396 0.08281
0.17889 0.45144 0.02026
0.03826 0.45859 0.16720
-0.05534 0.42890 -0.22596
-0.26622 -0.47198 -0.05361
-0.00791 0.44995 0.13314
0.22367 0.18278 -0.20648
0.13198 0.40788 0.14620
0.18271 0.46570 0.21624
0.24628 -0.08306 -0.24516
0.23998 -0.84418 0.26447
-0.25197 -0.07031 0.22085
0.21298 -0.04737 0.24608
0.20552 0.00656 0.23896
0.20952 0.48838 0.21876
0.22078 0.49997 0.05448
0.23348 -0.46273 0.14222
-0.27769 -0.52714 0.26847
-0.28172 -0.49071 -0.26023
-0.27774 -0.77616 -0.24952
-0.25485 -0.78316 0.26412
0.17679 0.17111 -0.20133
0.07012 -0.45198 -0.24971
-0.26876 -0.37452 0.26727
0.16213 0.35680 -0.18592
-0.13200 0.45313 -0.12004
-0.26874 -0.45495 0.02331
0.21396 -0.24064 0.24548
0.02207 0.40835 0.00410
0.25099 -0.18057 0.25200
-0.18228 0.35671 0.14842
0.24463 -0.72702 0.27319
-0.04194 0.44391 0.10263
-0.23362 0.18259 0.20100
-0.06763 0.46224 0.18315
-0.22293 -0.13464 0.23327
0.09631 0.42249 -0.22907
-0.23999 0.01685 0.25316
0.23716 0.09754 0.22489
-0.24019 0.17649 -0.22348
0.08602 0.43713 0.03517
0.18553 0.45786 -0.08218
-0.22250 0.28177 -0.19074
0.22684 0.03961 -0.21031
0.26281 -0.46919 -0.24965
0.22261 0.52984 0.13010
-0.15318 0.33983 -0.16986
0.26123 -0.57803 -0.26895
-0.00332 0.40436 0.01345
-0.23532 0.10394 -0.20129
-0.16953 0.39299 -0.13474
-0.24008 0.15132 -0.23057
0.14374 0.46118 0.15437
0.22849 0.54449 -0.11107
-0.10312 0.43460 0.08155
-0.20087 0.29935 0.16747
0.11986 0.40471 -0.15095
-0.27348 -0.30115 0.24388
-0.21095 0.04084 0.22676
0.19312 0.03315 -0.22058
-0.25107 -0.37993 0.23057
-0.10890 0.36894 -0.08775
-0.24337 0.14069 0.23201
-0.20570 0.22401 -0.17325
-0.21746 -0.03297 -0.23135
0.00598 0.43535 0.02115
-0.14380 -0.46152 0.26427
0.20368 -0.10160 0.23357
-0.20848 0.21595 -0.22418
0.05647 0.45185 0.22314
-0.21753 0.16351 -0.18568
0.20661 0.49797 -0.14639
-0.13929 -0.46925 -0.24335
-0.18504 0.44911 -0.07365
-0.26640 -0.62500 0.24104
-0.23100 0.05980 -0.24561
0.00395 0.45012 -0.22212
-0.00982 0.43800 -0.06360
0.24015 -0.02353 0.22586
-0.28413 -0.86895 -0.25654
0.15161 0.44866 0.08882
0.17985 0.29449 -0.20955
-0.25405 -0.64674 -0.26422
-0.26927 -0.65464 0.27935
-0.03981 0.39340 -0.00289
-0.07598 0.43692 0.01841
-0.06676 0.43348 -0.07963
-0.25945 -0.48933 0.23496
0.08401 0.43634 -0.01444
-0.27178 -0.46126 0.09104
0.21297 0.13531 0.24286
-0.17065 0.35401 -0.13486
0.10567 0.37119 0.09111
-0.17434 0.44486 -0.03674
-0.24525 -0.00118 0.21369
0.24614 -0.19520 -0.25633
-0.21283 0.42060 -0.17014
0.24387 0.56233 -0.01980
0.03267 0.43648 0.04647
-0.06423 0.38953 0.08403
-0.02454 0.37380 -0.03355
-0.27009 -0.45664 -0.13151
-0.20497 0.45501 0.12223
0.22115 -0.18273 0.25336
0.21347 0.02091 -0.24516
-0.26429 -0.23299 -0.25868
-0.11423 0.43986 -0.03202
0.04104 0.43771 -0.05948
0.05825 0.45340 -0.14289
-0.27091 -0.16886 0.24669
-0.25122 -0.68727 0.26113
-0.24452 -0.28259 0.25897
0.04968 0.46025 -0.21421
0.18153 0.42460 0.22962
0.19917 0.47145 0.11695
-0.15184 0.42160 -0.21973
0.23197 -0.14312 0.26207
-0.23939 -0.17252 0.21935
0.26415 -0.45624 0.25984
-0.20905 0.04860 -0.22123
0.22358 -0.34749 -0.25288
-0.27695 -0.90673 -0.28282
0.24158 0.51058 0.22764
-0.15259 0.32580 -0.13783
-0.25745 -0.53942 0.23887
-0.19897 0.13801 -0.20710
0.19518 0.08986 -0.22730
0.22476 0.51822 -0.08047
-0.18810 0.22901 0.20574
-0.23809 -0.39794 -0.24586
-0.20562 -0.45375 0.25921
0.21409 -0.04756 -0.20908
-0.11364 0.41425 -0.13010
0.23934 -0.49766 -0.23463
0.22054 -0.22684 -0.22547
0.20245 0.46683 -0.06725
0.26403 -0.60970 -0.26777
-0.22001 -0.07601 0.23491
0.14590 0.32388 -0.17952
-0.14235 0.33739 0.13541
0.26831 -0.77294 -0.25717
0.24953 -0.79544 -0.27580
-0.26772 -0.11026 0.24467
0.14116 -0.46796 -0.26104
0.27168 -0.77168 0.26910
-0.23132 -0.20549 0.23115
-0.26694 -0.44422 0.23829
0.01830 0.44119 -0.08998
0.07104 0.44283 -0.09448
-0.11476 0.46052 0.20892
0.21202 0.46385 -0.22246
0.12428 0.46550 -0.20266
0.13463 0.35745 0.17038
-0.00087 -0.47002 0.26129
-0.25850 -0.49529 -0.23355
0.26865 -0.59667 0.26210
-0.25849 -0.10225 -0.25203
0.23653 -0.37604 -0.22751
0.23856 0.56051 0.05873
0.25310 -0.40086 0.24127
0.18375 0.30403 0.20701
0.01452 0.37394 0.04303
0.03554 0.40465 -0.07063
-0.26411 -0.04957 -0.24006
-0.23084 -0.18565 -0.24410
0.18534 0.18269 0.18920
0.20152 0.16854 -0.23385
0.20291 0.50879 0.18051
-0.25827 -0.87112 0.26745
-0.25217 0.05489 0.22028
-0.26919 -0.45546 -0.17985
0.24853 -0.38734 0.27100
-0.07631 0.44474 -0.09850
0.19907 0.02680 0.21408
0.22491 0.54027 0.17176
0.24431 -0.31336 0.23190
0.10790 0.39572 -0.08835
-0.23669 -0.28580 0.23481
0.11971 0.44077 -0.05684
0.26104 -0.38689 -0.25681
0.05545 0.38428 0.03775
-0.07711 0.44651 -0.22261
0.14517 0.44359 0.05156
0.22900 0.53694 -0.03885
-0.07753 0.37245 0.07526
-0.25594 -0.79397 -0.26463
-0.19953 0.29787 0.21043
-0.22545 0.24050 0.21635
-0.22741 -0.46998 -0.23598
0.20029 -0.02995 0.22210
-0.20217 0.33551 0.18372
-0.26769 -0.82773 -0.27662
-0.22878 0.24623 -0.20846
-0.21934 0.42850 -0.03299
0.24362 -0.33779 -0.22954
0.22406 -0.32910 0.25532
-0.27550 -0.59061 0.24784
-0.08423 0.39494 -0.04731
0.20204 0.50758 -0.17766
-0.18055 0.31582 -0.19690
0.25503 -0.31419 -0.24079
0.10862 0.46276 0.17492
0.17239 -0.45182 0.25451
-0.19591 0.16756 0.20150
0.03447 -0.47278 0.25036
-0.28852 -0.72479 0.26578
0.00330 0.45966 -0.17074
0.25149 -0.52393 0.27604
-0.24136 0.02845 -0.20778
0.24119 -0.47284 -0.09622
0.23949 -0.47241 0.19670
0.00697 0.41183 0.04389
0.00168 -0.45423 -0.24491
0.24814 -0.28042 -0.26164
-0.27403 -0.77733 0.24792
-0.05502 -0.45178 -0.25211
-0.21810 0.43239 0.03726
-0.09020 0.41229 0.05511
0.25377 -0.72314 -0.27892
0.08900 0.37276 0.07784
-0.26841 -0.48310 0.27445
0.00113 0.44888 0.22447
-0.10460 0.44009 0.05248
-0.08655 -0.45196 0.25552
0.24740 -0.06787 0.24393
0.20542 0.46922 0.04866
-0.23521 -0.28174 -0.24784
0.15825 0.25013 0.19073
-0.19438 0.19687 0.21183
0.13864 0.39166 -0.11955
-0.20032 0.29953 -0.16508
0.18486 0.14155 -0.21728
-0.13706 0.45864 -0.14757
0.22160 -0.47315 -0.23536
-0.23807 -0.29956 -0.23310
0.16676 0.44722 -0.02028
-0.26065 -0.45179 -0.04084
-0.18333 0.45903 -0.18130
-0.25660 0.02745 -0.23783
-0.26414 -0.27591 0.23437
0.11714 0.43463 0.22759
0.00036 0.44669 -0.11778
-0.21597 0.43682 0.14710
0.19367 0.45965 0.00804
0.09122 -0.47186 0.24822
-0.26085 -0.65950 0.24511
0.25077 -0.22668 0.23779
-0.26762 -0.22475 0.25644
-0.25355 -0.22143 -0.22162
0.12992 0.35723 0.11459
0.23018 -0.26765 -0.22177
0.03879 0.40755 0.02081
-0.06404 0.37702 -0.07841
-0.26893 -0.81513 0.27977
0.08297 0.43484 0.08268
0.17747 0.35459 0.16217
-0.11055 0.42052 0.22354
-0.17642 0.35462 -0.18742
0.20059 0.23743 -0.18290
-0.11692 0.44581 -0.08896
-0.24788 -0.59161 -0.25760
-0.25662 -0.72789 -0.25251
-0.21019 0.44583 0.06679
0.21585 0.08684 0.24742
0.00117 0.44195 0.09639
-0.23250 -0.10774 0.24810
0.16409 0.36367 -0.14544
-0.01802 0.43589 0.03043
0.07101 0.38141 0.10756
-0.18725 0.24524 0.17431
0.17722 0.46615 0.14634
0.23611 0.06577 -0.21944
0.24789 -0.82145 -0.25090
0.21791 0.52264 -0.14117
0.24947 -0.26157 -0.23489
0.14349 0.44192 0.02362
0.25281 -0.46901 0.00105
0.23471 -0.69594 -0.26060
0.21656 -0.11699 -0.24738
-0.22077 0.24126 -0.18596
-0.11054 0.38034 0.12985
0.24044 0.00065 0.24253
-0.18740 0.20174 -0.19823
-0.25635 -0.01098 -0.22302
-0.15670 0.39883 0.12230
-0.21924 0.13175 -0.23447
-0.28603 -0.70551 -0.25732
0.22614 -0.42072 -0.25494
-0.17960 0.43934 0.20780
0.19030 0.44482 -0.22332
0.25389 -0.89221 -0.27949
-0.09271 0.45858 0.16059
0.26648 -0.66527 0.26995
0.09206 0.45794 0.15759
-0.24038 -0.44029 0.24830
0.23472 0.55632 0.11514
-0.12860 0.38503 -0.09201
-0.26961 -0.29138 -0.25818
-0.15672 0.45172 -0.20758
-0.01657 0.38868 -0.00915
0.07675 0.37220 -0.07072
-0.21652 0.19631 -0.23098
0.24190 -0.34715 -0.26868
-0.10294 0.43789 -0.00307
-0.05020 0.42047 -0.01355
-0.05064 0.37373 0.02445
-0.01166 0.43606 -0.03400
0.15945 0.26933 -0.16702
0.22703 -0.44707 0.25749
-0.24488 -0.46526 0.24754
-0.21993 0.11554 0.19411
0.15684 0.47035 -0.19047
0.22822 -0.11746 -0.21346
0.21773 0.53270 -0.16528
0.04575 0.41766 0.08267
-0.26020 -0.58165 -0.23817
-0.22051 -0.09531 -0.23198
-0.23329 -0.25761 -0.24608
0.22892 -0.56530 0.25582
-0.25112 -0.03576 0.25362
-0.22115 0.28194 0.18912
0.10102 0.39209 0.08321
0.24691 -0.47295 -0.05682
0.07880 0.36892 -0.10302
0.06607 0.43458 -0.22541
-0.24915 -0.03493 0.21780
0.24091 -0.86813 -0.26459
0.24312 0.53982 -0.18849
0.21348 0.22422 0.21781
0.24354 -0.25311 -0.26382
0.10964 0.41861 0.13518
0.13656 0.45334 0.12507
0.23424 -0.61918 -0.26172
-0.06992 0.46139 -0.17578
0.22134 0.51521 0.11002
0.22018 0.12238 -0.20317
0.13843 0.44130 -0.02579
-0.03245 -0.46591 0.24338
-0.08459 0.43005 -0.04978
-0.23708 -0.14925 -0.21685
0.20907 0.50087 -0.20823
-0.21816 0.17852 0.18613
0.01068 0.42986 -0.01862
0.12768 0.36808 -0.16173
0.02641 0.45201 -0.13967
0.11982 0.43903 0.02776
0.24511 -0.53926 -0.27297
-0.27813 -0.34591 -0.24957
0.03997 -0.45903 -0.26190
-0.26731 -0.14725 0.24968
-0.13274 0.35895 -0.14974
0.21735 -0.18294 -0.24774
0.25384 -0.46732 0.13427
-0.13557 0.45334 0.12116
0.09466 0.44864 0.11876
-0.26802 -0.17737 -0.23577
-0.12233 0.35966 0.11565
-0.00017 -0.47143 -0.25776
-0.23485 0.09252 -0.24545
-0.15760 0.44990 -0.09046
-0.11961 0.46339 -0.18606
-0.24410 -0.23268 0.22204
-0.20879 0.07557 -0.21050
0.22398 -0.26665 0.25565
0.20047 0.47243 -0.11386
0.24221 0.03427 0.22983
0.22977 -0.09642 0.21591
-0.17848 0.25731 0.19632
0.15244 0.45977 -0.21462
-0.26268 -0.47316 0.11434
-0.25993 -0.46285 -0.23193
-0.25946 -0.47315 -0.09086
0.26029 -0.65266 0.25017
-0.11768 0.44396 0.07798
-0.13190 0.42087 0.12272
0.18072 0.46500 -0.21385
0.21637 0.09420 -0.19951
0.24527 -0.00506 -0.23310
-0.26831 -0.89285 -0.25276
-0.15453 0.44223 0.01608
-0.25774 -0.33070 -0.22677
0.19817 0.12462 0.19484
0.19503 0.05605 0.21280
0.25593 -0.50158 0.27163
0.19734 -0.00252 -0.22799
-0.10957 0.42990 0.10422
0.16360 0.46770 -0.16126
-0.09197 0.37819 -0.10919
0.26813 -0.66689 -0.25629
-0.21592 0.10145 -0.19781
-0.24883 -0.62644 -0.25752
-0.27604 -0.46600 -0.24571
-0.24956 -0.52189 -0.26057
-0.21846 0.42384 -0.08719
-0.15199 0.46220 0.17708
0.19842 0.28834 -0.18043
-0.25032 0.09992 0.21816
-0.17908 0.46055 -0.15968
-0.28424 -0.85508 -0.27588
-0.27702 -0.54280 -0.24721
0.13782 0.30661 -0.15602
0.10154 0.40342 -0.13610
-0.17613 0.25360 -0.17844
0.17316 0.20780 -0.20596
0.24175 -0.45206 0.08234
-0.04297 0.43676 0.04130
-0.18076 -0.47322 -0.25060
-0.23373 0.21136 0.20095
-0.23608 -0.07917 -0.21002
0.05363 0.42829 -0.08743
-0.28088 -0.42377 0.25493
-0.08626 0.44371 0.09190
-0.26705 -0.60292 0.27802
0.21279 -0.02101 0.20852
-0.26846 -0.52088 -0.27415
-0.05116 0.45232 -0.13822
0.04671 0.37248 0.05599
0.22181 0.10956 -0.24142
0.24509 -0.53676 -0.23525
-0.25665 -0.19668 0.26411
-0.15961 -0.46594 -0.26193
-0.27705 -0.78653 0.28147
0.19946 0.20806 0.23164
-0.05789 0.40626 -0.07586
0.26018 -0.89125 0.28426
0.23217 -0.03862 -0.25369
-0.25345 -0.53473 0.26620
0.14586 0.37503 0.12879
-0.12129 0.37441 0.08803
0.24851 -0.33834 0.26774
0.06057 0.42826 0.04390
0.08064 -0.46184 -0.26247
-0.08610 -0.45181 -0.25092
0.25800 -0.44313 -0.24462
0.00823 0.37745 -0.00649
-0.26720 -0.66498 -0.27690
0.06448 -0.47249 0.25765
-0.17741 -0.45313 0.24834
0.20829 -0.46786 0.23720
-0.27257 -0.73691 -0.27941
0.23830 -0.17968 0.22500
0.20455 0.46957 0.07542
0.27098 -0.83675 0.27305
-0.11692 -0.47143 -0.24573
0.10258 0.43727 0.01525
-0.01645 0.40106 0.03626
0.23982 0.06841 0.22995
0.25735 -0.28592 0.24511
-0.03619 0.46348 0.20106
-0.12035 0.44066 0.22272
0.21536 0.48807 -0.02624
-0.12999 -0.46253 0.24281
0.12936 0.38705 0.16490
0.25426 -0.41015 -0.24067
0.24298 0.53991 0.18956
-0.17272 0.41950 0.21095
-0.24897 -0.61509 0.26053
-0.08191 0.44853 0.11790
0.24548 -0.89147 0.26022
0.16043 0.45628 0.12403
0.11392 0.45561 -0.14039
0.24072 -0.04180 0.24763
-0.23224 -0.01103 0.24844
0.25106 -0.71333 0.24441
-0.06196 0.42433 0.22993
0.23336 0.44236 0.22540
-0.02726 0.46315 -0.19051
0.21348 0.49024 0.11099
0.11223 0.44566 -0.22412
-0.25107 -0.57278 0.24803
0.18541 0.48456 -0.17069
0.23785 -0.76175 -0.26406
-0.25703 -0.39437 -0.22855
-0.27128 -0.66812 -0.24248
0.22744 0.52595 0.06127
0.26182 -0.71886 -0.25032
-0.23507 -0.05273 -0.24918
0.20986 0.25318 0.20875
0.17981 -0.46706 -0.26149
0.12380 0.45667 0.22128
-0.04673 0.37606 -0.06004
-0.20618 0.25706 -0.21933
-0.27241 -0.71226 0.24578
0.25221 -0.15151 0.23964
0.20444 0.16397 0.18934
0.06256 0.37244 0.07971
-0.21420 0.00778 -0.21749
-0.26705 -0.74548 0.27838
-0.04985 -0.47309 -0.25371
-0.28306 -0.76286 -0.27299
0.26184 -0.84501 -0.28049
0.25866 -0.78431 0.24943
0.06219 0.41013 0.04421
-0.24333 -0.15584 -0.25678
-0.21774 0.07310 0.23447
-0.20282 0.22324 0.22040
0.22768 -0.52970 -0.25444
0.03099 0.44282 0.10039
-0.27190 -0.36667 0.24273
0.23807 -0.21735 -0.26372
-0.25514 0.03197 0.24048
0.16811 0.29701 0.15228
0.21955 -0.11954 0.25218
0.20024 -0.05101 -0.22925
-0.25199 -0.46823 0.01106
-0.25430 0.08091 0.23315
-0.27185 -0.46277 0.16960
-0.22511 -0.00041 -0.23956
-0.05066 0.42699 0.01860
0.23620 -0.07007 -0.22036
0.18452 0.30165 -0.16639
0.22496 -0.29287 -0.25463
-0.23859 -0.38758 0.25173
-0.14782 0.40852 -0.14411
-0.20412 0.26870 0.17092
0.23848 -0.63527 0.24848
0.04115 0.46351 0.19283
-0.03665 0.43963 0.07637
-0.26393 -0.06001 0.24362
0.21466 0.01595 -0.20222
-0.15318 0.34467 0.17171
-0.06995 0.41354 -0.03303
0.23471 -0.45752 0.05433
0.22079 0.03137 0.20613
0.23553 0.45025 -0.22974
-0.28368 -0.65093 0.25644
0.25244 -0.68354 0.27989
-0.26730 -0.31853 -0.26270
-0.01691 -0.45204 0.25591
-0.27910 -0.39724 0.25092
0.25415 -0.48384 -0.27045
-0.20526 0.29945 -0.20391
0.25964 -0.85213 0.25105
-0.06624 0.41695 0.08606
-0.28565 -0.59288 -0.26048
-0.26647 -0.27407 0.26174
0.10993 0.34781 -0.13534
0.13524 0.41152 -0.13243
0.20999 0.50978 0.20120
-0.02951 0.43493 0.00007
-0.27471 -0.25462 -0.24795
-0.17324 0.44278 -0.00431
0.22791 0.17488 0.21931
0.24286 -0.46338 0.27295
0.26407 -0.55387 0.25327
0.18655 0.48679 0.19643
0.13475 0.31835 0.17010
-0.25404 -0.45442 -0.11061
-0.07605 0.46259 -0.20385
0.17667 0.44995 0.00077
-0.27391 -0.55316 0.27377
0.25805 -0.85085 -0.24830
0.01527 0.38558 -0.05030
0.01335 0.45724 0.16256
0.09797 0.45971 -0.16180
0.25955 -0.49278 -0.24650
-0.24051 0.15946 -0.20619
0.22422 -0.44701 -0.25201
0.12070 0.44895 0.11111
-0.23977 0.16141 0.20727
0.20343 0.28769 0.19641
-0.27595 -0.38363 -0.25892
-0.11489 0.45713 0.14825
-0.22732 -0.15574 0.24260
0.18492 0.11496 -0.20983
0.14294 0.44581 -0.07673
0.24352 -0.22472 -0.22870
0.23733 -0.59024 -0.26499
0.22378 0.11461 0.20865
0.13439 -0.45262 -0.24755
-0.17172 0.45581 0.11808
-0.20319 0.33446 -0.16890
0.24549 -0.27378 0.26559
-0.15084 0.31092 -0.15622
-0.01936 0.41865 -0.03726
0.17962 0.24253 -0.16749
0.23623 -0.74297 0.26008
0.24942 -0.09391 0.24458
0.05061 -0.45341 -0.24605
0.24165 -0.45183 0.20507
0.27160 -0.73831 -0.26493
-0.12792 0.39980 -0.14523
-0.02187 0.38715 0.01506
-0.13219 0.38493 0.15120
0.16041 0.36087 0.18553
-0.23901 -0.05785 0.25488
0.21619 -0.16036 -0.24673
0.22135 0.50750 0.02806
0.15308 -0.46290 0.26432
-0.16486 0.29603 0.15837
-0.24804 0.07690 -0.23844
0.21544 -0.09630 -0.24639
-0.25171 -0.42671 0.23429
-0.24456 0.12665 -0.21042
0.26467 -0.51901 0.25376
-0.07526 0.45845 0.21570
-0.14693 -0.45311 -0.25694
0.23361 -0.47884 0.24015
0.24378 -0.89851 -0.26059
0.19762 0.15943 0.23194
0.20081 -0.05521 0.22609
-0.26819 -0.34806 0.26588
-0.28928 -0.90233 -0.26192
-0.20780 0.44623 0.17268
-0.25284 -0.51161 0.24101
-0.10193 0.40843 0.12146
-0.26085 -0.52699 -0.23488
0.24269 -0.35023 0.23055
0.14651 0.35574 -0.12775
0.23691 -0.09439 -0.22122
-0.18347 0.30336 0.15027
-0.02015 0.42377 0.01142
0.25231 -0.45545 -0.16934
-0.25398 -0.47057 -0.18498
-0.26813 -0.40268 0.26998
0.27070 -0.90793 -0.27465
-0.22507 0.04558 0.20236
-0.00950 0.40845 -0.01772
0.22837 -0.52037 0.25808
-0.03118 0.43095 -0.02727
-0.08964 0.43581 -0.08271
0.19106 0.32475 0.18571
0.08538 0.40664 0.12201
0.16367 0.36928 0.14682
0.24358 -0.66894 0.24598
-0.26062 -0.09399 0.22965
-0.20796 0.44173 -0.00872
0.19999 -0.00435 0.21835
0.24034 -0.62126 0.26962
0.03311 0.41208 -0.01330
-0.24711 -0.24091 0.26182
0.24093 -0.77586 0.26916
-0.02071 0.44617 -0.22369
-0.26463 -0.58518 -0.27490
-0.18470 0.44900 0.07485
0.17195 0.23091 0.18065
-0.10926 0.41567 0.07422
-0.02817 0.37306 -0.01153
-0.24541 -0.50584 -0.24610
-0.26792 -0.67995 0.27918
-0.26156 -0.23370 -0.22968
0.23472 -0.42440 0.26533
0.05997 -0.47204 -0.24674
-0.25265 -0.20006 -0.26294
0.06747 0.44180 0.09121
0.22755 0.54216 -0.00947
-0.01717 -0.46911 -0.24323
0.20225 0.24466 0.18635
-0.24428 -0.31094 0.25853
0.20373 -0.07857 -0.22395
-0.27335 -0.74111 -0.24508
0.23485 -0.13383 0.22124
0.24303 -0.44112 0.23292
0.15187 0.44290 -0.00184
0.02969 0.44473 -0.10804
0.23168 -0.23858 0.26352
0.23479 -0.45735 0.00156
0.18772 0.48521 0.16811
0.21977 -0.28833 -0.23307
0.22262 0.51066 -0.03118
0.24016 -0.11391 0.25629
-0.27870 -0.54302 0.25072
-0.24343 -0.42075 -0.25512
0.11998 0.34018 0.13700
0.23346 -0.46446 -0.19168
0.08942 0.44504 0.22589
0.23348 -0.46228 0.17803
-0.27912 -0.65009 -0.25003
-0.20172 0.44395 -0.18712
0.22493 -0.37800 0.25585
-0.28485 -0.91243 0.27964
0.24068 -0.05807 -0.24780
-0.19855 0.45274 0.10000
0.10512 0.42180 -0.12658
0.23291 -0.47138 -0.21328
-0.10288 0.45041 -0.11907
0.26324 -0.64091 -0.25121
0.02475 0.43613 -0.03743
0.23675 -0.41467 0.23183
0.24416 -0.56000 -0.27203
-0.25038 -0.34272 0.22805
0.09301 -0.45754 -0.24223
0.20376 0.03258 0.23736
0.22309 0.51819 -0.09891
0.23334 0.01092 -0.21699
0.09366 0.43021 -0.09966
-0.25035 -0.46287 -0.13607
-0.12757 0.43969 0.00505
0.20128 0.14152 -0.23367
0.24975 -0.81617 -0.27587
0.09284 0.46443 -0.18942
-0.00362 0.46396 -0.19831
-0.25259 -0.45519 0.19831
0.22090 0.01362 0.25285
0.22276 0.20631 -0.20855
-0.25218 -0.45654 0.08152
-0.17368 0.37803 -0.16919
-0.26626 -0.36351 -0.26712
0.09968 0.36557 -0.09721
0.26373 -0.71737 0.27502
-0.17643 0.45404 -0.10593
0.12957 0.42341 -0.22922
0.19121 0.22530 -0.22384
0.21520 0.51174 0.13812
-0.27127 -0.20767 0.25111
0.15784 0.26422 -0.19103
0.00253 0.37731 0.01390
-0.26321 -0.47306 0.07076
-0.26759 -0.45394 -0.00086
-0.08544 0.41976 -0.10333
-0.21877 0.43383 0.09383
0.23059 -0.60450 0.25680
0.06723 0.43325 0.22738
-0.09419 -0.47248 -0.25584
-0.27988 -0.83602 0.28123
0.16324 0.31180 0.19852
0.03748 0.37274 0.03282
-0.27059 -0.45749 0.05782
0.21358 -0.07476 0.24651
0.06950 0.37632 0.05578
-0.26353 -0.63417 -0.23976
0.24655 -0.45203 -0.04592
0.21933 -0.17384 -0.22051
0.20779 -0.08427 0.22246
0.10339 0.43757 -0.02093
-0.21970 0.42482 -0.10631
0.02104 0.39817 0.05795
0.13539 0.41943 0.22742
0.21599 0.52689 0.18310
-0.03583 0.45130 0.13722
0.06159 0.38209 -0.04254
0.02762 0.43178 0.02475
-0.24712 -0.45210 0.22648
-0.01647 0.45541 0.15488
0.12358 0.38124 -0.10432
0.05693 0.43415 -0.04352
-0.10160 0.39237 -0.06469
-0.03354 0.42449 -0.22513
-0.26144 -0.09327 -0.22864
-0.11241 0.36404 -0.10814
-0.24542 -0.07906 -0.25703
-0.14127 0.36656 0.10748
0.27023 -0.79612 -0.27018
-0.23474 0.17885 -0.20031
0.20258 0.16260 -0.18654
0.00662 0.40222 -0.01135
0.27207 -0.79940 0.26326
-0.09436 0.43849 0.03448
-0.26944 -0.56415 0.24161
0.12382 -0.46434 0.26417
0.17890 0.34427 0.18285
0.25049 -0.59393 0.24054
-0.24772 -0.59420 0.25892
0.03555 -0.45228 0.25033
0.22261 0.09015 0.20761
-0.23349 0.12228 -0.24228
0.25626 -0.32960 0.24396
-0.22762 -0.01253 0.20920
-0.21609 0.42239 0.16272
0.09986 0.41637 -0.08018
0.21549 -0.45592 -0.23152
-0.29011 -0.82158 -0.26310
0.06873 0.43577 0.01553
-0.27183 -0.46206 -0.15186
-0.13163 0.42439 -0.22299
-0.15630 0.45522 -0.11941
-0.26043 -0.90883 0.26389
-0.15273 -0.45684 0.24446
-0.26220 -0.23298 0.23215
-0.25210 -0.71277 0.26140
0.22421 -0.30805 0.25561
-0.06531 0.43564 -0.04510
-0.08840 0.46268 0.18426
0.21258 -0.11857 0.22211
0.22901 0.53837 -0.07397
-0.26097 -0.75765 0.25216
0.17460 0.23467 0.20938
0.04172 0.38648 -0.07681
0.08109 -0.45182 0.25451
0.01475 0.43774 -0.06130
0.21507 0.18527 -0.22854
0.24533 -0.47322 0.15842
0.27238 -0.90491 0.26398
0.25232 -0.45546 -0.11726
-0.02825 0.43894 -0.07100
-0.07866 0.37290 -0.05200
0.10456 0.41475 0.08676
-0.19421 0.17964 -0.19676
-0.24342 -0.20261 -0.21805
-0.12880 0.41338 -0.09215
0.06163 0.45689 0.15821
-0.05004 0.46297 -0.18897
0.15736 0.45837 -0.13565
-0.19944 0.27648 -0.16433
0.15236 0.27377 0.17284
-0.08468 0.42219 -0.22300
-0.16574 0.44657 -0.06143
0.18096 0.35087 -0.16578
-0.04715 0.38845 0.06696
0.17150 0.26151 0.20646
-0.10330 0.39336 -0.12095
0.08142 0.42575 0.06386
0.03088 0.45187 -0.22140
0.20011 -0.02486 -0.23125
0.26371 -0.47763 0.25261
-0.24036 -0.23835 -0.22411
0.24075 -0.81728 0.25956
-0.09423 0.46311 -0.18684
0.23821 -0.66915 -0.24954
-0.29049 -0.89051 0.27292
-0.22107 -0.05212 -0.21978
0.23244 -0.50057 0.24334
-0.23013 -0.06917 0.21504
0.17593 0.22112 -0.18010
0.21394 0.48112 -0.04767
-0.16632 0.29872 -0.15242
0.22436 0.10575 0.24152
-0.11160 0.45812 -0.15213
0.24939 -0.55790 -0.23726
-0.25800 -0.32186 0.22867
0.12968 0.46402 0.17257
0.25142 -0.47050 -0.14523
-0.28179 -0.45321 0.25707
0.24410 0.56051 0.03595
-0.06560 -0.45609 0.26219
0.24940 -0.36000 0.26844
0.23277 0.52984 -0.20121
0.24464 -0.36927 -0.26954
-0.16731 0.27187 0.17856
-0.08019 0.38331 0.09970
-0.19731 0.31619 0.20261
0.18116 0.45354 -0.05201
-0.25482 -0.11990 -0.22218
0.18655 0.27001 -0.21639
-0.19487 0.45856 -0.13743
-0.26834 -0.47046 -0.03323
-0.11987 0.36202 0.13816
0.24828 -0.47824 -0.23514
-0.17976 0.45981 0.18037
0.09932 0.44222 0.08409
0.02548 0.43484 -0.00544
0.16229 0.44637 0.03396
-0.05817 0.44796 0.12003
-0.24422 -0.38199 -0.25618
-0.24448 0.04278 -0.24771
-0.20194 0.11489 -0.21446
-0.16257 0.46017 -0.15146
-0.00437 0.43476 0.00477
-0.15475 0.39069 -0.11854
-0.22666 0.25901 0.20625
-0.28159 -0.48967 0.25355
0.16776 0.45323 -0.09396
-0.22348 0.16713 -0.23647
0.07208 0.43783 0.05529
0.22685 -0.13350 -0.25743
0.24378 0.53060 0.21170
0.10811 0.36056 0.10976
0.09414 0.38710 -0.07443
0.10759 0.44336 -0.08683
-0.06903 0.37246 0.05563
-0.19277 0.25344 -0.16423
0.25516 -0.91756 0.25289
0.02537 0.44315 0.22595
0.08993 0.42699 0.11729
0.24265 -0.47317 0.03139
0.01094 0.42015 0.22649
0.21399 0.42855 0.22458
-0.13781 0.46093 -0.19801
0.18674 -0.47329 0.25307
-0.25395 -0.29495 0.26761
-0.03306 0.44749 -0.11932
-0.26896 -0.46876 -0.19968
-0.19980 0.14633 0.20413
0.21086 0.08487 -0.24288
-0.19127 0.36576 0.16571
-0.08689 0.41997 0.22876
-0.10034 0.37150 0.07818
0.24488 -0.87380 0.27244
0.23454 -0.17937 -0.26205
-0.21040 0.28104 -0.20923
-0.19019 0.33392 0.15652
0.20329 0.14062 0.19085
-0.02899 0.45021 0.22364
0.05026 0.42320 0.03257
0.06785 0.43662 -0.07120
-0.25549 -0.15907 0.22494
0.08198 0.39520 -0.11680
0.20398 0.19841 0.18837
0.23882 -0.01928 0.24684
-0.05283 0.41918 0.07263
-0.25616 -0.18046 0.22575
0.13315 0.45383 -0.12682
-0.23423 0.10169 0.20205
-0.03149 0.46024 0.17459
-0.06944 0.45719 -0.15624
-0.22279 0.05529 0.23941
0.24967 -0.45324 -0.09620
-0.27016 -0.45675 0.14114
0.21669 -0.06910 -0.20991
-0.22672 -0.15424 -0.24006
-0.00550 0.37396 -0.02086
0.21768 -0.15733 0.25006
-0.20046 0.44271 0.19235
0.24815 -0.20428 -0.23319
-0.13397 0.46132 0.16580
-0.17463 0.42371 -0.21182
0.18951 0.07333 0.22091
-0.24109 0.19839 0.21541
0.22192 -0.25109 0.22869
-0.21263 0.43947 0.01640
0.19753 0.42535 -0.22551
-0.19171 0.44663 -0.04828
-0.22625 -0.18660 0.23593
-0.23971 -0.32896 0.25385
0.24005 -0.69401 0.26884
-0.09713 0.44559 -0.09695
0.26958 -0.69991 -0.26642
0.13927 0.39881 -0.15589
0.25491 -0.62623 -0.27668
0.02126 -0.46773 -0.26116
0.16770 0.43843 0.22628
0.21424 0.50354 -0.12783
0.21047 0.48167 -0.00368
0.18555 0.17947 -0.21817
-0.02600 0.43681 -0.04637
-0.00935 0.46207 0.21246
0.19195 0.05619 -0.21441
0.22731 0.54427 -0.13169
0.20456 -0.11619 -0.23103
0.00178 0.42180 -0.03616
-0.21915 0.19914 0.18641
-0.09471 0.38481 0.11429
0.00364 0.41621 0.00628
0.22427 -0.20459 -0.25451
-0.10870 -0.45181 0.25289
-0.21198 0.02879 -0.21637
-0.25985 -0.45184 -0.06468
-0.14463 0.40913 0.14769
-0.22647 0.26088 -0.19239
0.19090 0.14123 0.22513
0.15361 0.45794 0.21886
-0.25397 -0.11410 0.25940
-0.16092 0.44711 0.07227
-0.24233 -0.31951 -0.23101
0.04895 0.46377 -0.19241
0.23442 -0.45812 -0.05322
-0.24725 -0.56373 -0.25769
-0.12234 0.46336 0.18956
0.25708 -0.46356 -0.26617
-0.27521 -0.45200 -0.26439
-0.24857 -0.24577 -0.26142
0.23516 -0.19476 0.26451
0.25217 -0.38332 -0.23840
-0.25272 -0.66722 0.26457
0.23606 0.55996 -0.03849
-0.27161 -0.46473 -0.11115
-0.04757 0.43625 -0.02514
-0.25327 -0.71062 -0.26278
0.14888 0.31388 0.18425
0.25177 -0.83529 0.27958
0.26440 -0.91109 0.28292
-0.07637 0.43051 0.04391
0.13183 0.41495 0.12714
0.26283 -0.67566 0.25287
-0.21458 0.09655 0.20215
0.01082 0.42491 -0.22711
0.12387 0.44055 0.05168
-0.03462 0.45479 -0.14971
0.07255 0.45268 -0.22100
0.25201 -0.45510 0.06463
0.25534 -0.19920 0.24535
-0.26857 -0.15009 -0.24678
0.21391 0.48183 -0.07452
-0.20006 0.18663 0.19011
-0.23892 0.10008 0.24508
-0.14276 0.32574 -0.15629
-0.27775 -0.70380 -0.27568
0.13772 0.33247 0.13035
-0.27059 -0.38063 -0.23968
0.23756 -0.39378 -0.26654
0.02196 0.42427 0.05844
-0.02588 0.40552 -0.00921
-0.23265 -0.16868 -0.22370
0.20488 0.25821 -0.18709
-0.27564 -0.58628 0.27393
0.22224 0.50528 0.21650
-0.24916 -0.28572 -0.26175
0.09770 0.43818 -0.04412
-0.19533 0.32704 -0.19552
-0.28108 -0.65154 -0.26995
0.21383 0.48269 0.03647
0.00187 0.43601 0.03601
-0.25515 -0.16166 -0.22279
0.25314 -0.26669 0.24043
0.24687 -0.17738 -0.23174
-0.12551 0.46141 -0.16618
0.15980 0.32828 -0.19326
0.05055 0.44397 0.10458
0.22022 0.20463 0.21872
0.25486 -0.46414 0.17569
0.26689 -0.74557 0.27311
-0.21580 0.07327 0.20577
-0.26268 -0.21213 -0.23066
-0.14803 0.36240 -0.16490
-0.21466 0.07480 -0.22957
-0.04950 0.37269 -0.03985
0.22760 -0.05455 0.25762
0.05836 0.46402 0.20292
-0.25371 -0.47034 0.03081
-0.21794 -0.05361 0.22556
-0.23573 -0.46674 0.22878
-0.24564 0.04745 -0.21195
0.23678 -0.67213 0.26571
-0.25378 0.00454 0.24575
-0.02034 0.42022 0.03985
-0.26642 -0.51257 0.27596
-0.26397 -0.03057 -0.23421
-0.20136 0.42236 -0.18628
0.21838 -0.33355 -0.23973
-0.27213 -0.51117 -0.24211
-0.24263 -0.46532 -0.25367
-0.25774 -0.46756 0.23265
0.22557 0.53446 0.00866
-0.18766 0.33537 0.19719
-0.26038 -0.50304 -0.27149
0.22059 0.06774 0.24935
-0.05072 0.44183 -0.08757
-0.15370 0.36440 0.17236
0.18637 0.25447 0.17036
0.16981 0.45705 -0.11513
-0.28475 -0.90349 0.25923
-0.24452 -0.52587 0.25180
-0.13373 0.44166 -0.03437
0.26915 -0.81714 0.27402
0.24673 -0.47298 0.11678
-0.26164 -0.77620 -0.27092
-0.20365 0.23443 -0.21945
-0.23393 -0.10355 -0.24772
0.26011 -0.87373 -0.28203
-0.26838 -0.11279 -0.23871
0.21569 -0.13115 -0.21880
0.22683 0.53791 0.11272
-0.24502 -0.48800 0.25809
0.02683 -0.45182 -0.25087
0.23379 -0.13302 -0.21835
0.18737 0.20130 0.18044
-0.23736 -0.20295 -0.25051
0.00536 -0.46553 0.24325
-0.24991 -0.55965 0.26250
0.19730 0.24384 -0.22257
-0.18175 0.38176 0.15330
0.24766 -0.73436 0.24676
0.22738 0.52568 -0.05944
-0.15997 0.34050 0.12758
-0.28782 -0.70229 0.26210
0.18280 0.46241 0.12248
0.21981 0.16436 -0.23017
-0.28584 -0.88909 -0.27578
0.24082 0.01517 0.22636
-0.12812 0.36606 -0.09685
0.24097 0.49178 0.23260
0.25699 -0.30046 -0.25443
-0.25223 -0.22192 0.26539
0.26883 -0.61599 0.26401
0.09545 0.36448 -0.12720
-0.22163 -0.01975 -0.21452
0.03332 0.40952 0.07024
-0.12116 0.35604 -0.13464
0.12174 0.36429 0.15766
0.23064 -0.00505 -0.21438
0.05773 0.38686 0.09463
0.14180 0.30547 -0.17534
-0.21878 0.11963 -0.19200
-0.25977 -0.17726 0.26004
-0.13485 0.44843 -0.09449
-0.26167 -0.82048 -0.25416
0.18980 0.09237 -0.20897
-0.22261 0.08346 -0.19630
-0.26650 -0.67780 0.24309
0.13625 0.46723 -0.18771
0.26448 -0.62113 -0.25232
-0.23905 -0.26499 0.25362
-0.04319 0.42362 0.22588
0.23051 0.12229 -0.22998
-0.05227 0.45797 -0.21599
-0.23269 -0.13067 -0.21884
-0.22460 0.20935 -0.18998
-0.18598 0.22499 0.18710
-0.03329 -0.45309 -0.24658
0.02909 0.42150 -0.06419
-0.09215 0.43586 0.06640
-0.23685 -0.08343 0.25261
0.14522 0.36221 -0.17879
0.24416 0.54935 0.16787
0.21420 -0.26663 0.23923
0.22365 -0.34325 0.23688
0.22547 0.51839 0.04313
0.20119 0.46525 -0.04834
0.25338 -0.54242 0.24251
-0.07389 0.45851 0.16313
-0.25683 -0.83642 -0.26370
0.05338 0.41677 -0.03357
0.21721 -0.19569 0.24934
0.20131 0.11687 0.23540
-0.14736 0.43792 -0.21656
0.06577 0.46390 -0.20492
-0.26876 -0.80865 -0.27782
-0.25086 -0.20840 0.22117
-0.25441 0.00927 -0.24262
0.07480 0.43664 -0.03087
-0.10343 0.45332 0.13396
0.24573 -0.47318 -0.11458
0.22817 -0.21112 -0.21824
-0.06346 0.46314 0.20172
-0.21772 0.42490 -0.14487
0.20488 0.00213 -0.21056
0.20441 -0.02013 0.23768
0.26276 -0.78501 0.27897
0.18408 0.45413 0.03814
0.22878 0.15853 0.22444
-0.17436 0.44550 -0.20567
0.18223 0.45314 -0.02917
-0.22104 0.42042 0.13207
0.21227 0.20666 -0.22415
-0.02380 -0.47184 0.25897
-0.24302 -0.38227 -0.23674
-0.16883 0.44389 0.02816
-0.00073 0.43668 -0.04720
-0.21349 0.29811 -0.17838
-0.26452 -0.88598 0.25788
0.16333 0.42019 0.23027
-0.24503 -0.35957 0.23426
0.23370 -0.40375 -0.23112
0.21819 -0.13762 0.25070
0.17440 0.18127 0.20429
0.14284 0.39989 0.12602
-0.25075 -0.38305 0.26453
-0.25243 -0.46889 -0.06635
0.21117 0.49473 0.12894
-0.28331 -0.80377 0.27637
-0.24924 -0.02671 -0.21601
0.23141 0.14180 -0.21536
-0.22877 0.08337 0.24536
-0.19922 0.45794 0.13968
-0.26908 -0.48447 -0.27234
0.20672 -0.02620 -0.21325
0.23360 -0.46090 0.09649
0.01334 0.45453 -0.14996
0.11644 0.39430 0.09883
-0.26463 -0.04288 0.23651
0.23622 -0.70708 0.25622
0.22283 -0.30831 0.23400
-0.26553 -0.46477 0.27448
0.10736 0.46553 0.19658
-0.13295 0.45707 0.21009
-0.04364 0.37287 -0.02226
0.15323 0.44670 0.07047
0.12423 0.34486 -0.12396
0.16226 0.46514 0.15721
-0.25445 0.09136 -0.22210
0.13533 0.32370 -0.14032
0.06212 0.43880 0.07038
0.19723 0.29377 -0.19805
-0.23519 -0.09511 0.21386
0.15471 0.45216 0.10696
-0.19169 0.44297 -0.00008
-0.26181 -0.85342 -0.27057
-0.26157 -0.79735 0.25443
0.03149 0.45436 0.15057
-0.09945 -0.46009 -0.24128
0.24000 -0.11257 -0.25448
0.12514 -0.46764 -0.24229
0.00061 0.41728 -0.01683
-0.22017 0.42648 0.05734
0.19727 0.30669 -0.18127
0.26673 -0.57444 0.25633
0.24014 0.55986 0.07923
-0.26004 -0.25751 0.26642
0.25938 -0.40870 -0.26022
-0.25189 -0.47854 -0.23712
-0.17417 0.32924 -0.13858
0.19568 0.47303 -0.13156
-0.23814 -0.19180 0.22273
-0.23986 0.01543 0.20819
0.22465 0.50134 -0.21800
0.17247 0.44077 -0.22396
0.26274 -0.39410 0.25526
-0.17746 0.33349 -0.19333
-0.05008 0.43816 0.05860
0.00727 0.44751 0.12325
-0.18660 0.37430 -0.15682
-0.04346 0.44461 -0.10411
0.07906 0.45967 0.21702
-0.27817 -0.76840 0.27995
-0.21969 0.42003 -0.06845
-0.22985 -0.45314 0.23935
-0.19484 0.45260 -0.09605
-0.14609 0.41344 0.11412
0.04736 0.41181 -0.08245
0.23327 0.08348 -0.21649
0.14310 0.28926 0.17084
-0.23331 0.19323 -0.22473
-0.28937 -0.79604 -0.26191
0.26019 -0.54814 -0.26825
0.12506 0.44322 -0.07523
0.25524 -0.66997 -0.24340
0.10405 0.43703 -0.00280
0.22192 -0.38271 -0.24082
0.26581 -0.83639 -0.25510
-0.26992 -0.45639 -0.01864
0.11384 0.35195 0.12471
0.26521 -0.58514 -0.25280
-0.23830 -0.27765 -0.23049
0.21542 0.48405 0.06117
-0.18435 -0.45678 -0.26083
-0.07692 0.43666 -0.06508
-0.22300 0.42364 -0.01163
-0.11395 0.42942 -0.08208
-0.25013 -0.66268 -0.25681
-0.28582 -0.59764 0.26082
-0.05394 -0.45837 0.24364
0.23437 -0.53617 0.26422
0.22351 -0.18865 0.22009
-0.25717 -0.47325 0.21561
-0.27348 -0.43714 0.26697
-0.20133 0.27568 0.21641
0.20941 0.10968 -0.19375
-0.26266 -0.85474 0.27324
0.26365 -0.54150 0.26623
-0.24832 -0.34484 -0.22768
-0.07817 0.42530 0.09750
0.26788 -0.82916 -0.27399
-0.24730 0.15633 0.22269
0.17100 0.27987 -0.20423
-0.04790 0.39052 0.01281
-0.20418 0.10901 0.20969
0.22537 0.53734 -0.18231
-0.20573 -0.47155 0.24711
0.15667 0.28463 0.15930
0.05027 0.42425 -0.22456
0.22535 -0.22306 0.25729
-0.20886 0.45418 -0.12721
-0.25230 -0.08100 -0.21941
-0.12268 0.41310 0.08779
-0.22394 0.02133 -0.20540
-0.20983 0.44364 0.04838
-0.27509 -0.28321 0.24642
-0.04436 0.44283 -0.22419
0.02016 0.46205 -0.21145
0.25022 -0.74047 -0.27686
0.17664 0.28773 -0.15855
0.22441 -0.29025 0.25593
-0.24725 -0.15181 0.26168
-0.28156 -0.74859 0.25498
-0.19508 0.32160 -0.15968
-0.20737 0.06623 0.22175
-0.16481 0.46030 0.18999
0.08481 0.36921 0.09472
0.24535 -0.60394 -0.27292
0.24181 -0.04110 0.22763
-0.00761 0.42296 0.02512
-0.25127 -0.46688 -0.04557
-0.23154 0.23254 -0.19698
0.22431 -0.46410 -0.25033
0.22056 0.50143 -0.07981
-0.20259 0.16157 -0.19496
0.24218 -0.09850 0.22835
0.07680 0.43166 0.10469
-0.14364 0.44524 0.06917
-0.22500 -0.45753 -0.25644
-0.02608 0.44202 0.09511
-0.27299 -0.27473 -0.25345
-0.20060 0.20217 -0.18132
0.16957 0.31457 0.15311
0.11700 0.38135 -0.15125
0.16430 0.34604 -0.14577
0.03789 0.37262 -0.04365
0.22359 -0.25169 -0.22526
-0.19033 0.20074 0.19408
-0.26933 -0.92171 -0.27762
-0.25989 -0.45184 0.09989
-0.22863 0.22733 0.19575
0.15517 -0.45740 -0.26120
0.18062 0.33647 -0.18555
0.26707 -0.68279 0.27015
0.20811 -0.16548 -0.23207
0.22918 -0.36060 -0.23127
-0.22329 -0.11205 -0.23674
-0.11576 0.39283 -0.13322
-0.03733 0.44714 0.11918
-0.15704 0.44363 -0.03452
0.24407 0.56068 -0.07898
-0.10149 0.46343 0.19793
-0.26037 -0.33353 -0.26829
-0.26732 -0.47129 0.00087
-0.23951 0.00837 -0.20608
-0.25343 -0.30410 0.22569
-0.16940 0.39019 -0.15748
0.17946 0.28412 0.21314
0.25129 -0.52365 0.24029
-0.25271 -0.05153 0.22146
0.23719 -0.54920 0.24277
0.10508 0.44081 -0.06984
-0.26208 -0.12801 0.25292
-0.24029 0.03991 0.20847
-0.22987 -0.15094 0.22612
-0.27067 -0.41869 0.24186
0.23485 -0.39171 0.23096
-0.28037 -0.75534 -0.25201
-0.22624 -0.45308 -0.23958
-0.26827 -0.82883 0.25016
0.16466 0.31240 -0.19810
0.17746 0.28555 0.16123
-0.07101 0.43664 0.07744
0.26067 -0.92299 -0.28310
-0.22268 0.10959 -0.23779
0.23836 0.54768 -0.17389
0.06759 0.37172 -0.09021
0.25885 -0.78154 -0.27993
0.22960 -0.57972 -0.25373
-0.24860 -0.27951 0.22408
0.00833 0.39184 0.01147
0.19451 0.46020 0.02522
-0.02870 0.39271 0.04850
-0.11960 0.45441 -0.13189
-0.01677 0.42209 -0.01462
0.19259 0.04341 0.22415
0.23436 -0.51611 -0.26252
0.22934 -0.24190 -0.25933
-0.21166 0.44722 0.08583
0.04860 -0.46600 0.24341
0.16465 -0.46171 0.24286
0.14360 0.44399 -0.05882
-0.20764 0.13060 -0.22288
-0.27932 -0.37753 0.25412
0.19393 0.28544 0.17777
0.21845 -0.03715 0.20838
0.07681 0.46347 0.18726
0.22839 0.54631 0.14955
0.20952 -0.18248 -0.23188
0.25192 -0.33493 -0.26224
-0.26622 -0.47198 0.13100
-0.15558 0.41103 -0.12913
0.19431 0.47163 0.13330
0.01514 -0.46396 -0.24108
-0.26425 -0.24075 0.26125
0.21664 0.03739 -0.24808
0.14727 0.40041 0.14702
-0.24629 0.13561 -0.22845
0.19490 0.01668 -0.22447
0.21990 0.51375 -0.11504
0.23345 -0.07052 0.25788
-0.25414 -0.30836 -0.26610
0.14576 0.36760 0.18017
-0.27757 -0.72761 0.25084
-0.25578 -0.75117 0.26707
0.23786 -0.40806 0.26858
0.19103 0.23871 0.17513
-0.25944 -0.73037 -0.26904
-0.29135 -0.86489 0.26916
-0.26578 -0.47219 -0.13666
-0.20559 0.19083 0.22298
0.08962 -0.47281 -0.24863
-0.13695 -0.47327 0.25384
0.24273 -0.47318 0.01395
-0.03194 0.43567 0.02087
-0.26637 -0.47190 -0.07535
0.20040 -0.45764 -0.23884
0.08156 0.36922 0.11251
0.09653 0.40039 0.13299
-0.26426 -0.91945 -0.25873
0.25495 -0.46177 0.10459
-0.26690 -0.75943 -0.27630
-0.08958 0.39592 -0.10742
0.19521 0.07302 -0.22724
0.06088 0.44781 -0.11948
0.25003 -0.87575 -0.25269
-0.24204 0.10827 -0.23858
-0.22994 0.14241 0.24198
0.19714 0.30724 0.18308
0.01927 0.37294 0.02166
-0.21444 0.29193 0.20083
-0.19520 0.45827 -0.15561
0.09212 0.44598 -0.10520
-0.11241 0.38660 0.07742
0.25449 -0.45933 0.19176
-0.05238 0.37258 0.05368
0.23191 -0.58840 0.26132
0.23348 -0.46229 0.07195
-0.06847 0.39691 -0.03155
-0.24064 0.08901 -0.20670
0.12065 0.45353 0.13101
0.25505 -0.70151 -0.27865
-0.18220 0.22735 -0.18817
-0.09195 0.45762 0.21617
0.19117 0.49287 -0.18785
0.05310 0.42439 0.22668
-0.28219 -0.66122 0.27116
0.25419 -0.18201 -0.24596
0.23278 -0.11745 0.21907
-0.19436 0.35505 -0.17323
0.24617 -0.71053 0.27485
0.24953 -0.45316 0.04818
-0.21758 0.43711 -0.07721
-0.19967 0.13152 0.21170
-0.12771 -0.46257 -0.26251
-0.15278 0.30506 0.16533
0.21903 -0.10296 0.25177
0.08180 0.44129 -0.08197
-0.11790 0.42891 0.08922
-0.28206 -0.72112 -0.25346
0.19325 0.47848 -0.21364
0.24259 -0.71549 -0.26940
-0.20712 0.25130 -0.17221
0.19578 0.46135 -0.22045
-0.12923 -0.45610 -0.24312
0.16852 0.37581 -0.15578
0.03319 -0.46387 0.26425
0.19388 0.45982 -0.00849
0.21147 0.44115 -0.22402
0.22871 -0.42873 -0.23853
-0.00689 0.37332 -0.00319
-0.21953 0.22485 -0.18481
0.10747 -0.46274 0.24282
0.27015 -0.88414 -0.27415
-0.13544 0.39936 -0.09890
0.25691 -0.73383 -0.24551
0.21638 -0.27177 -0.23466
0.11180 0.44538 0.09774
0.24976 -0.80752 0.24986
0.21233 0.16009 0.23926
0.22825 0.45827 0.22750
0.21198 0.48304 -0.09772
-0.16020 -0.47201 -0.24668
-0.15814 -0.45416 -0.24499
-0.25010 -0.22579 -0.26269
0.23033 0.05543 0.24457
0.21670 0.23669 0.20764
-0.28281 -0.74359 0.27421
-0.26097 -0.70231 0.27259
0.23569 0.51949 -0.21360
-0.21536 0.14721 -0.23067
-0.28333 -0.83254 -0.27580
0.19624 0.49234 -0.16119
0.08594 0.46154 -0.17275
0.16119 0.44726 0.05617
-0.15812 0.37096 -0.17452
0.12088 0.36902 0.10403
-0.22383 0.21156 -0.22776
-0.27726 -0.61841 0.27393
0.25737 -0.32053 -0.25568
-0.28183 -0.82125 0.25575
0.23821 -0.57617 0.24408
0.09593 0.44463 -0.22416
0.22994 0.54688 -0.08788
-0.05913 0.43452 0.04077
-0.24293 0.17466 0.22318
-0.27164 -0.60986 0.24412
0.22264 0.53716 -0.15039
0.24084 0.56079 -0.00386
0.02050 -0.45957 0.24323
0.19269 -0.46320 0.24180
0.23465 0.11324 0.22065
0.23678 -0.75925 0.26125
0.05566 0.42664 0.09187
-0.26106 -0.08531 0.24954
-0.26842 -0.45487 0.19482
0.22791 0.54515 0.13006
-0.14366 -0.46853 -0.26066
0.21201 0.17292 -0.19472
-0.10079 0.43417 -0.07110
-0.12981 0.42024 0.22540
0.16469 -0.47243 -0.25595
0.20136 0.22420 0.22849
0.00287 0.43899 -0.07354
-0.10047 0.45372 -0.13469
-0.26464 -0.44242 -0.27196
-0.26177 -0.79490 0.27276
-0.28853 -0.78871 0.27035
0.23062 0.54797 0.06504
-0.05556 -0.46465 -0.24121
-0.09734 0.42993 -0.10719
0.25078 -0.87762 0.25392
-0.18784 -0.46415 0.24294
-0.28452 -0.87307 -0.27640
-0.17770 0.24341 -0.19208
-0.27882 -0.63324 -0.27128
0.20014 0.46880 0.10112
-0.27149 -0.68042 -0.27824
0.11916 0.39477 0.15516
-0.25048 -0.46419 0.10900
-0.22363 0.42121 -0.04665
-0.25614 -0.39634 -0.26797
-0.08774 0.43737 -0.01355
-0.23355 -0.16704 -0.24693
0.21826 0.15451 -0.20108
0.23407 -0.45901 0.01750
-0.28447 -0.84302 -0.25670
-0.20931 0.21005 0.22680
-0.25852 -0.01051 -0.24131
-0.09190 0.38090 -0.05622
-0.26300 -0.46998 -0.21791
0.24461 -0.27954 -0.23015
0.25124 -0.13752 0.24738
-0.22549 -0.08531 0.22202
-0.27715 -0.36211 0.25785
-0.20240 0.32936 0.16895
0.02573 0.43133 -0.01986
-0.23283 -0.23528 0.23311
-0.16280 0.35311 0.18131
-0.19557 0.17192 -0.21070
-0.03457 -0.47293 -0.24897
-0.01972 0.46023 -0.21351
0.25789 -0.26240 -0.24846
0.19562 0.01211 0.22771
0.01999 0.38148 0.05600
0.23453 -0.39278 0.26536
-0.27900 -0.47714 0.26410
-0.26931 -0.33913 -0.23813
-0.23548 -0.25388 -0.23073
-0.24847 -0.43734 -0.26005
0.01799 0.43497 0.01118
-0.26473 -0.25080 -0.25976
-0.12560 0.43986 -0.01075
0.14419 0.35157 0.12727
-0.27508 -0.52578 0.24699
0.12253 0.46547 0.18670
-0.28531 -0.68067 0.26891
-0.05769 0.44927 -0.12405
0.26806 -0.85835 -0.25751
0.18972 0.13656 -0.19819
-0.23409 -0.12348 0.24958
0.25209 -0.52503 -0.27404
0.25989 -0.60313 0.24944
0.21157 -0.05501 0.21442
0.09068 0.46142 0.17301
-0.04236 0.43552 -0.00887
-0.11367 0.44834 -0.10428
0.23277 -0.33916 0.26395
-0.12875 0.39006 0.09398
0.01308 0.44039 0.08603
-0.04244 0.43542 0.00800
0.20433 0.03976 0.20667
0.17143 0.22345 -0.20432
-0.12467 0.36376 0.10055
0.25049 -0.80624 -0.24738
-0.25701 -0.41392 0.27053
0.07726 0.45028 -0.12745
-0.06483 0.37246 -0.06330
0.21625 -0.21260 0.24828
0.20723 0.07061 0.24105
0.24132 -0.79281 -0.25540
0.22908 -0.02560 0.21479
0.02221 0.43909 -0.22468
0.22796 0.17199 -0.21902
-0.13512 0.44588 -0.07770
-0.21098 0.14905 -0.19030
-0.22902 -0.19275 -0.23013
-0.26218 -0.54268 -0.23553
0.18218 0.45852 -0.09755
0.23330 -0.30336 -0.26290
-0.19462 0.20882 -0.21030
0.19803 0.49713 0.19936
0.23374 -0.49887 0.26385
0.23353 -0.46150 -0.03418
0.13439 0.44121 0.04001
0.09239 0.42303 0.07477
0.23087 -0.32023 0.22752
-0.24608 -0.01460 0.25496
0.23328 0.02108 0.24678
-0.25253 -0.62691 0.25089
0.22269 -0.00317 0.25417
0.00786 0.42304 -0.00463
-0.22868 -0.06341 0.24457
-0.27233 -0.63933 0.27883
0.22744 -0.05791 -0.21151
-0.18697 0.42377 0.20624
0.21553 0.19260 0.22745
0.24988 -0.46975 -0.20711
0.03734 0.45488 -0.15042
0.23911 -0.31495 0.26903
0.24414 -0.88488 -0.26980
-0.23099 -0.11132 0.21987
0.04697 0.45059 -0.13254
-0.04701 0.40596 0.06682
-0.08790 0.45849 -0.21306
0.18280 -0.45274 -0.25620
-0.04137 0.39065 -0.05935
-0.04599 0.43960 -0.07294
0.25316 -0.46517 0.20663
0.25296 -0.45697 -0.23968
-0.22996 0.02659 0.24640
-0.14281 0.33707 -0.13354
-0.15086 0.45505 0.12320
0.24321 -0.35331 -0.22922
0.05703 0.39595 -0.03723
-0.01372 -0.45314 -0.24648
0.18264 0.15674 -0.21515
-0.23607 -0.00262 -0.25029
0.22143 0.50937 0.09567
0.23164 -0.60329 -0.25888
0.23745 -0.09134 -0.25484
0.25918 -0.34254 0.25733
-0.26972 -0.21788 0.23957
-0.25771 -0.51070 -0.23477
-0.21424 0.44563 -0.09759
-0.04249 0.46258 0.18699
-0.27871 -0.39871 -0.25707
0.10821 0.46518 -0.19054
-0.24930 0.10344 0.23418
0.23925 -0.82658 -0.26259
-0.24698 -0.47274 -0.22370
-0.15311 0.35154 -0.11846
0.23930 -0.44110 -0.26796
0.22259 -0.17331 0.21920
0.18488 0.21734 0.21953
0.13053 0.38294 -0.16446
-0.28217 -0.66632 -0.25319
-0.02937 0.45081 -0.13386
0.21584 0.49550 -0.00766
0.09366 0.45213 0.13367
0.01007 0.44941 -0.12933
0.13970 0.34270 -0.12342
-0.06046 0.42807 -0.02635
0.23452 0.55561 -0.11971
0.06515 0.41929 -0.22567
0.08042 0.46439 -0.20050
