-0.32897 0.28313 0.14993
-0.01882 -0.68090 0.11829
0.43220 0.28313 0.25553
0.06434 0.22936 -0.74796
-0.04233 0.22140 0.73445
-0.55174 0.22140 -0.29413
0.25608 -0.87431 -0.40883
0.04518 -0.04019 -0.10656
0.65144 0.28203 -0.41182
-0.43571 -0.86987 -0.18331
-0.21766 0.22140 0.64983
0.22032 -0.87360 0.43392
0.48019 -0.87276 0.07510
0.07428 0.28313 -0.25290
-0.29654 -0.86504 0.37606
-0.70175 0.22140 0.21960
-0.33691 0.28313 -0.58602
0.06822 0.22140 0.15220
0.75731 0.22402 0.04737
0.37818 0.23624 0.66730
0.00701 -0.21854 0.12140
0.01597 -0.45507 -0.11288
0.05775 -0.82808 -0.19792
0.39849 0.28313 -0.07265
-0.51276 0.28313 -0.19468
-0.22105 0.22140 -0.44756
0.02000 0.28313 0.38968
-0.28248 0.22140 0.51084
-0.21772 0.22140 -0.05851
-0.17073 -0.84769 -0.44223
0.26576 0.28313 -0.47772
-0.07605 0.03619 0.08779
0.04770 0.28313 0.14680
0.33373 0.22140 -0.54716
0.11161 0.22140 0.37928
0.67063 0.22140 -0.11009
0.64369 0.24063 0.41654
-0.22830 0.28313 -0.05337
-0.35898 -0.82808 0.11470
0.22665 0.22140 -0.08998
0.31941 -0.82808 -0.14752
-0.46637 0.22140 0.23124
-0.54802 0.28313 0.53355
-0.20195 -0.82808 -0.08886
0.00942 0.08476 -0.05148
-0.39263 0.28313 -0.63864
0.65409 0.28313 -0.19734
0.20202 -0.82808 0.13448
0.15652 0.28313 -0.26823
0.21696 0.22140 0.38750
-0.73031 0.28313 -0.13020
-0.17997 0.28313 0.35806
-0.06932 -0.82808 0.23417
-0.55021 0.28313 0.08805
-0.05740 -0.86349 0.47902
-0.18883 0.22140 0.15973
-0.07408 0.28313 -0.56509
0.14356 0.28313 -0.53783
0.37336 0.22140 -0.27493
-0.04703 -0.71255 -0.10090
0.29634 0.28313 0.49063
-0.20837 0.28313 -0.31944
0.06258 0.22140 0.65115
0.06080 0.22140 -0.49466
-0.57955 0.22140 -0.03936
-0.11053 -0.21811 0.01461
-0.00200 -0.43912 0.12050
0.62038 0.22140 0.26570
-0.45697 0.22140 -0.44279
0.46564 0.22140 0.04865
-0.18730 0.22140 -0.70829
-0.03156 0.22140 -0.18065
-0.04647 0.28313 0.54488
0.12354 -0.26336 0.00550
0.40265 0.28313 0.10359
0.44231 0.22140 0.41081
0.02355 -0.82808 0.02848
0.16586 0.22140 0.34546
-0.05757 0.28313 0.17929
0.38467 -0.86759 0.29780
-0.54250 0.28313 0.28339
0.13290 0.28313 0.64763
0.41666 0.28313 -0.32188
0.12319 -0.65505 -0.00082
0.59484 0.28313 0.06275
0.11982 0.22140 0.58158
-0.31531 0.22140 -0.26858
0.33549 0.24564 -0.68171
0.46969 0.22140 -0.25804
0.03812 -0.82808 -0.37552
-0.10982 -0.51954 -0.01269
-0.29417 -0.87269 -0.37054
0.12167 -0.03503 0.01967
-0.29361 0.28313 -0.32102
-0.09691 0.22140 0.39189
0.26882 0.22140 0.14174
0.54797 0.23040 -0.52722
0.52006 0.27753 0.57349
0.16958 0.28313 -0.04531
0.21838 0.28313 0.29312
-0.11042 -0.31064 -0.00810
-0.03355 0.22140 -0.11230
-0.07070 0.00664 -0.08486
-0.25205 0.22140 0.70449
0.32196 0.28313 0.55151
0.03095 -0.15882 0.11825
-0.65301 0.28313 -0.31509
-0.71920 0.28313 0.03405
0.46606 0.28313 -0.50841
0.68049 0.28313 0.18311
-0.49288 0.22140 0.39570
-0.01101 0.28313 -0.07108
-0.38275 0.28313 0.42700
-0.61029 0.22140 -0.10523
-0.29951 0.22140 0.30154
0.42436 -0.82808 -0.07403
-0.12807 -0.82808 -0.26841
-0.30474 0.28313 0.24038
-0.06177 0.22140 -0.36310
-0.39797 0.28313 -0.05475
0.00474 -0.82808 0.17547
-0.00103 -0.21135 -0.11329
-0.16293 -0.82808 0.08766
-0.41802 0.22140 0.03578
-0.40195 0.24349 0.64674
0.11641 -0.82808 0.31282
0.00541 0.22140 0.31451
-0.01087 0.16543 0.05639
0.71977 0.27014 -0.27213
0.29795 0.22140 -0.26950
-0.67852 0.28313 0.20290
-0.06970 0.28313 -0.65972
-0.38257 0.22140 -0.09306
0.64773 0.22140 0.22367
-0.21943 0.28313 0.52028
0.12850 0.28313 -0.36898
0.54633 0.28313 0.39410
-0.57239 0.28313 -0.45870
0.25011 -0.82808 -0.13484
0.11693 0.22140 0.15610
0.47089 0.22140 -0.11915
0.12068 -0.45034 0.02725
0.30283 0.22140 0.06984
-0.66289 0.23826 0.36558
0.47218 0.28313 -0.18387
-0.44002 -0.82808 -0.02881
0.26777 -0.82808 -0.31725
-0.43726 0.22140 0.39452
-0.34646 0.28313 -0.29661
0.15974 0.28313 0.49123
0.35857 -0.82808 0.14380
0.20273 0.22140 -0.43832
-0.39931 0.22140 -0.28677
0.20945 0.22140 -0.69021
-0.28848 0.22140 -0.58614
-0.08181 0.28313 -0.21192
-0.16085 0.28313 0.08760
0.45029 0.28313 -0.57235
0.07282 0.22140 -0.16945
0.53575 0.22140 -0.34645
-0.41003 -0.86326 0.24935
0.30396 0.22140 0.50812
-0.00833 -0.85653 -0.47815
-0.01892 -0.76912 -0.08749
0.29086 0.28313 -0.22060
0.21680 0.28313 0.13403
0.41753 0.22140 -0.42681
0.02105 0.22140 -0.60789
-0.16803 0.28313 0.67087
-0.57753 0.28313 -0.04619
0.46658 0.22140 0.34931
-0.24589 -0.82808 0.22271
-0.57662 0.22140 0.11483
-0.16350 -0.85766 0.45256
-0.29649 0.22140 -0.42526
-0.01389 0.28313 -0.42089
0.24510 -0.82808 0.28297
0.40060 -0.86418 -0.26970
-0.08035 0.22140 0.62760
0.06342 0.22140 -0.36570
0.10281 -0.13583 0.06935
-0.09055 0.22140 -0.50235
-0.24242 -0.82808 0.01142
-0.66938 0.22140 -0.03236
-0.18006 0.28313 -0.45922
0.04097 -0.29531 -0.10830
-0.16145 0.22140 -0.28836
-0.00034 -0.15782 -0.11339
0.33746 0.22140 0.22022
0.14819 -0.82808 -0.30566
0.07021 -0.82808 0.45075
0.24228 0.25557 0.73196
0.16139 0.22140 0.01656
0.31105 0.28313 0.16719
0.36776 0.22140 -0.07267
-0.38978 0.28313 -0.46814
-0.43449 0.28313 0.09655
0.14097 0.28313 0.55433
-0.06376 0.22140 -0.41825
0.01082 0.28313 0.69433
0.18625 0.28313 -0.68061
-0.07883 -0.82808 -0.28211
0.75679 0.28313 -0.06882
0.47562 -0.86188 -0.10246
-0.30626 -0.82808 -0.22929
-0.06360 -0.82808 0.35796
-0.11120 -0.11256 -0.00220
0.08514 -0.75654 0.05434
-0.06316 0.28313 -0.36049
0.30108 -0.82808 0.02781
0.61884 0.28313 -0.05735
-0.19244 0.28313 0.26785
-0.28251 0.28313 -0.68085
-0.56599 0.22140 0.24424
0.13644 -0.82808 -0.02648
0.49951 0.22140 0.18728
-0.32130 0.28313 0.61121
0.04243 -0.60991 -0.10770
-0.35118 0.22140 0.15845
0.60155 0.22140 0.01934
-0.21778 -0.82808 0.34148
-0.50049 0.25089 -0.56752
-0.08091 -0.74628 0.03896
0.41574 0.28313 0.39069
-0.08840 0.27018 -0.75559
-0.67612 0.28313 -0.15954
0.18772 0.22140 0.68116
0.02152 0.22140 0.47962
-0.16879 0.22140 0.03155
-0.51190 0.28313 -0.34123
-0.08212 -0.57298 -0.07359
0.28500 0.28313 -0.10225
-0.06408 -0.57829 0.09727
-0.12138 0.22140 0.28101
0.45208 0.28313 -0.44402
0.56104 0.28313 0.20669
-0.21655 0.28313 -0.18935
-0.05851 0.28313 0.43718
-0.70589 0.22140 -0.21055
0.08554 0.28313 0.24636
0.68722 0.22140 0.14948
-0.11174 -0.69692 0.00542
0.13170 0.22140 -0.59629
-0.13641 0.22140 0.54226
0.56909 0.28313 -0.31029
-0.04141 -0.34649 0.11056
-0.59770 0.22140 -0.39838
-0.08263 -0.78527 -0.02749
0.33049 0.22140 0.36411
0.24960 0.22140 -0.65391
0.50280 0.28313 0.00632
-0.29663 0.22140 0.08237
-0.46751 -0.87174 0.08173
0.06791 -0.54394 0.10340
0.52629 0.22140 0.48641
0.30173 0.28313 -0.38351
-0.43962 0.22140 0.52385
0.36893 0.28313 -0.57458
0.06197 0.28313 -0.63251
-0.19460 0.28313 -0.59447
-0.36434 -0.87168 -0.30157
0.12714 0.25878 0.75890
0.09105 0.28313 -0.15007
0.12191 -0.86565 -0.46475
0.10406 -0.12304 -0.06038
-0.46548 0.22140 -0.16811
-0.07083 -0.35433 -0.08476
0.01634 0.28313 0.56795
0.44296 -0.85938 -0.19431
0.60191 0.25683 -0.47430
-0.42823 0.28313 0.53495
0.03501 -0.04514 0.11771
-0.17405 0.22140 -0.16096
0.05799 0.07465 0.02199
0.70030 0.28313 0.30708
-0.06957 -0.14417 0.09306
0.08178 -0.73300 -0.08542
0.31979 0.28313 0.00296
-0.04335 -0.79699 0.08400
-0.14503 0.22140 -0.57961
-0.04040 -0.50933 -0.10365
-0.37337 0.28313 -0.17980
0.02467 0.28313 0.04399
0.61157 0.28313 0.30654
0.70842 0.28313 0.01869
-0.58014 0.22140 0.46101
0.41993 0.22140 0.55808
-0.33268 -0.82808 -0.11815
-0.61466 0.28313 -0.16745
-0.45692 0.22140 -0.07069
-0.05302 -0.82808 -0.13691
0.31347 0.28313 0.36815
-0.40626 0.28313 0.27947
-0.27405 0.28313 0.45412
-0.21570 0.22140 0.40883
0.05693 0.19040 -0.01723
0.31075 0.22140 -0.37270
-0.40157 0.28313 -0.38195
-0.39011 0.22140 -0.53695
0.46180 0.28313 0.16505
0.09123 -0.37906 -0.07711
0.10835 0.03574 -0.05439
0.30795 -0.82808 0.36847
0.15544 0.28313 0.36571
-0.74202 0.23495 0.10733
0.06572 -0.33526 0.10508
-0.22251 0.28313 0.04918
0.10414 -0.21043 -0.06028
0.59791 0.28313 -0.26455
-0.35023 -0.82808 -0.05053
-0.29612 0.28313 0.34922
0.52120 0.28313 -0.10621
0.71510 0.22140 0.22794
0.18254 0.22140 0.48762
-0.04810 0.06095 -0.00852
0.74666 0.24709 -0.19165
-0.11292 0.28313 -0.10256
-0.31466 -0.82808 0.28099
-0.33799 0.22140 0.43987
-0.04476 0.28313 0.30645
-0.07556 -0.82808 -0.34667
0.22682 0.28313 -0.44864
0.12014 -0.53398 -0.02395
-0.39693 0.28313 0.14015
0.15000 0.22140 -0.09548
-0.14367 0.23872 0.74707
0.75949 0.28313 0.12290
-0.67900 0.28313 0.28173
0.19022 -0.82808 0.37021
0.43967 -0.82808 0.20956
-0.20907 -0.82808 -0.33468
-0.23546 0.28313 0.19803
-0.34254 0.22140 -0.48177
-0.36716 0.22140 0.29248
-0.32734 0.28313 0.06183
-0.18510 0.28313 -0.69941
-0.28106 0.22140 -0.17316
0.56143 0.22140 -0.28986
0.06561 -0.64971 0.10516
-0.23018 0.22140 -0.35380
0.55538 0.22140 0.37617
0.38372 0.22140 -0.18002
0.22474 0.22140 -0.18737
0.57320 0.22140 -0.16555
0.64996 0.28313 0.13728
-0.52111 0.28313 0.16797
0.04036 0.22140 -0.26556
-0.07790 -0.19155 -0.07909
-0.56881 0.28313 -0.25607
0.41968 -0.82808 0.03942
0.03810 0.28313 0.28699
0.33815 -0.82808 0.24393
0.58855 0.28177 0.50112
-0.46469 0.28313 0.01783
0.19739 0.28313 -0.34420
0.53351 0.22140 -0.41130
-0.05240 0.22140 0.13824
-0.10978 -0.38898 0.02032
-0.26288 0.28313 -0.22985
-0.50663 0.28313 0.38672
-0.30508 0.28313 0.67287
0.13726 0.28313 0.05633
0.15410 -0.82808 -0.14030
-0.61561 0.28313 0.07137
-0.18398 -0.82808 0.27917
-0.18228 -0.82808 -0.18484
-0.08701 0.28313 0.00604
-0.67918 0.28313 -0.08122
-0.07003 0.28313 0.63338
-0.57898 0.22140 0.32306
-0.31111 0.28313 0.01271
-0.29108 0.28313 -0.47673
-0.46702 0.28313 -0.08915
-0.62864 0.22140 -0.35288
0.01681 -0.82808 0.28294
0.21392 0.22140 0.25438
0.37075 0.22140 0.15736
0.02097 -0.85597 -0.08887
0.35349 -0.87030 -0.33110
0.30661 0.28313 -0.16836
0.12301 -0.38204 -0.00221
-0.58134 0.28313 0.23054
0.26628 0.28313 -0.58790
0.29720 0.28313 0.65451
0.45340 -0.86695 0.17644
-0.59925 0.28313 0.41977
-0.12818 0.22140 -0.07297
-0.46280 0.22140 0.12740
0.01683 -0.82808 -0.24600
0.42832 0.28313 0.49121
0.40750 0.23108 -0.63796
0.21368 0.28313 -0.59115
0.07280 -0.40034 0.09964
-0.48874 0.22140 0.29347
0.09015 -0.86656 0.04516
-0.34269 -0.82808 0.19692
0.08398 -0.82808 0.13885
0.45530 0.22140 -0.52213
0.65552 0.22140 0.06658
-0.61065 0.28313 -0.35870
-0.12532 0.28313 0.18800
-0.13963 0.28313 0.56444
0.08953 0.28313 -0.71648
0.41423 0.28313 0.57535
0.16586 -0.82808 -0.38292
0.14998 0.22140 -0.30587
0.32383 0.22140 0.60107
0.01865 0.22140 0.58291
0.68015 0.22140 -0.19379
0.32644 -0.82808 -0.25488
0.23057 0.22140 -0.54636
0.47894 -0.82808 -0.01062
-0.07136 0.22140 -0.28159
-0.48280 0.22140 -0.33654
-0.44372 0.28313 -0.26507
0.21708 0.28313 0.60189
0.38469 0.28313 0.30188
0.02854 0.22140 0.24180
0.71365 0.22140 -0.01770
0.52595 0.28313 0.08415
0.10261 0.22140 0.43767
-0.06817 0.22140 0.07203
0.52071 0.28313 -0.45429
0.25260 0.22140 -0.00146
-0.75995 0.26279 -0.04054
0.07433 0.28313 -0.46394
-0.39394 0.22140 0.57926
0.04817 0.28313 -0.34830
-0.11128 -0.01264 -0.00158
0.66902 0.22140 -0.34370
-0.02821 0.22140 -0.54260
-0.04573 -0.21447 0.10877
-0.09011 0.22140 -0.69391
-0.04247 0.17947 -0.02362
0.20091 -0.82808 -0.22509
0.15330 -0.82808 0.19654
0.08151 0.28313 -0.05051
-0.32119 0.28313 -0.07661
0.18912 0.28313 -0.13580
-0.19963 0.22140 0.32939
0.21261 0.22140 0.12743
-0.44017 -0.82808 0.16126
0.52262 0.22140 -0.03148
-0.14518 -0.82808 0.20311
0.24033 0.22140 0.58595
0.47523 0.22140 -0.04978
0.24241 0.25515 -0.72438
0.54643 0.22140 0.21330
0.30587 0.22140 -0.14694
-0.11965 0.22140 0.20975
-0.08279 -0.05439 0.08005
0.29876 -0.82808 0.08562
-0.24629 0.28313 0.61484
0.53694 0.22140 0.09733
0.51926 0.28313 0.29995
-0.51382 0.22140 -0.15253
-0.15103 -0.82808 -0.01602
-0.12544 0.28313 -0.29022
-0.07227 -0.09366 -0.08366
-0.38440 -0.82808 -0.21257
-0.63568 0.22140 -0.26762
0.23934 -0.82808 0.04684
0.32187 -0.82808 -0.05304
0.49181 0.28313 -0.27546
0.42197 0.22140 -0.34104
-0.06714 -0.42376 -0.08759
0.10231 -0.48079 -0.06266
0.14861 -0.82808 0.06742
0.02891 0.28313 -0.54758
-0.25392 0.28313 -0.39795
-0.29376 0.22140 -0.06437
-0.30462 0.22140 0.61517
-0.65385 0.22140 0.05911
0.02401 0.03619 -0.11012
0.26689 0.22140 0.45133
-0.09127 -0.29016 0.06900
0.40193 0.28313 -0.16741
-0.10788 0.22140 0.48129
-0.05251 -0.82808 0.00259
-0.07748 -0.45798 0.08697
-0.08987 -0.82808 -0.18904
-0.24607 -0.82808 0.13189
0.03737 -0.82808 0.35112
-0.50690 0.28313 -0.41084
-0.37123 0.22140 -0.19183
-0.50390 0.22140 0.02967
0.09787 -0.78725 -0.01575
0.62476 0.22140 0.35815
-0.45241 -0.82808 -0.10167
0.10120 -0.59377 -0.06412
0.27052 0.28313 -0.67612
-0.14839 0.28313 0.44987
-0.25124 0.22140 0.10348
0.11156 -0.21597 0.05399
0.25513 0.28313 -0.06068
-0.43762 0.28313 -0.57257
0.39514 0.22140 0.00305
0.24378 0.22140 -0.33229
-0.62983 0.22140 0.17157
-0.34336 0.22216 -0.66339
-0.38464 0.22140 -0.38514
0.00403 0.28313 -0.17377
0.01152 0.03619 0.10859
0.40075 0.28313 0.62858
0.00075 0.28257 -0.76733
-0.55069 0.22140 -0.48680
0.38207 0.22140 0.30283
-0.21273 0.22140 0.24342
0.26584 -0.82808 0.18901
-0.22595 -0.82808 -0.23953
-0.07338 -0.70977 0.09013
-0.43880 0.28313 0.35271
-0.32478 -0.82808 0.04942
-0.22676 0.22140 -0.22945
-0.48610 0.25605 0.58851
0.37224 0.22140 -0.47081
0.24292 0.28313 0.34910
-0.13064 -0.82808 -0.13742
-0.03948 0.28313 0.75534
0.09562 0.03619 0.07154
0.58631 0.22140 -0.07445
0.36993 0.28313 -0.44753
0.39332 0.22140 0.50940
0.14525 0.24419 -0.74329
0.11945 0.22140 -0.22618
0.64544 0.28313 -0.33568
0.42791 0.22140 0.12904
0.39644 0.28313 0.01579
-0.02988 0.23435 -0.75295
-0.14832 0.22140 -0.37962
-0.27134 -0.82808 -0.06388
0.09732 0.28313 0.42193
0.27490 0.28313 -0.31314
-0.40873 0.28313 0.61865
0.25194 0.22140 0.67120
0.00286 -0.29769 0.12114
-0.09650 -0.82808 0.13287
0.14226 0.22140 0.25303
-0.65514 0.28313 0.13046
0.69967 0.28313 -0.13636
-0.15323 0.28313 -0.64121
0.04581 -0.68853 -0.10630
-0.24796 0.28313 0.11714
0.08975 -0.00966 -0.07904
0.10308 0.22140 0.28661
-0.02608 0.28313 0.11084
-0.20847 0.22140 0.49627
0.07159 -0.82808 -0.26447
0.19916 0.22140 -0.35681
0.08556 0.22140 0.06917
0.09593 -0.68380 -0.07099
-0.32282 0.28313 0.52218
-0.02018 0.22140 0.39245
-0.00952 -0.87260 0.09616
-0.15838 0.28313 -0.16770
0.62346 0.28313 0.39384
-0.24681 0.22140 -0.52610
-0.09474 -0.82808 -0.44381
0.22938 0.28313 0.20708
-0.59781 0.22140 0.03760
-0.51209 0.22140 0.50985
-0.14795 0.28313 -0.38217
0.05245 -0.79053 0.08582
0.49729 0.22140 0.41056
-0.10959 0.28313 0.70941
-0.47135 0.28313 -0.47684
-0.35012 -0.86247 0.32744
0.03316 0.28313 0.48746
0.52959 0.22140 -0.20045
-0.24895 0.28313 -0.54151
-0.60441 0.22140 -0.19088
0.14546 0.22140 -0.49709
-0.07898 0.28313 -0.47186
0.49326 0.28313 0.47642
-0.05624 -0.85699 -0.06678
0.14213 0.28313 0.16338
-0.07744 0.22140 0.30984
-0.54760 0.22140 0.16624
-0.04839 0.10517 0.01360
0.12214 0.22140 -0.42062
0.03513 0.27538 0.77149
0.32441 0.22140 -0.61087
0.37010 0.28313 -0.24621
0.02554 0.22140 0.05812
0.70144 0.28313 0.09303
0.12270 0.22140 0.51447
-0.05704 -0.27039 -0.09534
-0.52728 0.28313 -0.11345
0.06020 0.22140 -0.08983
-0.20283 0.22140 -0.63197
-0.06599 0.22140 -0.62268
-0.09493 0.28313 0.09879
0.07952 -0.70848 0.09449
-0.36169 0.22140 0.08504
-0.43540 0.28313 0.20898
-0.15326 0.28313 0.00628
0.21038 0.28313 -0.52612
-0.67861 0.28313 -0.23371
0.18094 0.26468 0.75229
0.08467 -0.82808 0.24088
-0.38267 0.22140 -0.01686
0.00770 -0.82808 0.48377
-0.47088 0.22140 -0.24092
-0.03385 -0.63193 -0.10636
-0.23962 0.28313 0.70588
-0.23519 -0.86617 0.42287
0.00377 0.22140 -0.67260
0.06822 0.22140 -0.54368
0.29599 0.28313 0.09139
0.11969 -0.60659 0.03436
0.56318 0.28313 -0.00204
-0.09968 -0.63650 -0.04682
-0.09592 -0.82808 0.42876
0.11117 -0.82808 0.39292
0.05686 -0.47719 0.10906
-0.48328 0.28313 0.48053
-0.13707 0.22140 0.67474
0.52899 0.28313 -0.38724
0.09617 -0.04183 0.07800
0.49297 0.23668 0.58253
-0.02865 -0.51360 0.11585
0.73656 0.22140 -0.09159
0.06753 -0.82808 -0.33540
-0.00642 -0.37720 -0.11258
-0.41851 -0.82808 0.06625
-0.26524 0.22140 0.01065
0.34321 0.22140 -0.21778
-0.60135 0.28313 0.35051
0.49398 0.22140 0.26544
-0.29598 0.22140 -0.33407
0.03953 -0.53724 -0.10890
-0.05932 0.22140 0.55652
-0.00659 0.28313 -0.25158
-0.01239 -0.09915 0.11913
-0.26775 0.28313 -0.12763
-0.01332 0.22140 0.67455
-0.38616 0.22140 0.21924
0.17283 0.22140 0.08363
-0.09701 -0.73116 -0.05327
0.58699 0.28313 -0.15543
-0.10684 -0.82808 0.28003
0.66583 0.22140 -0.27154
0.08433 -0.26047 0.09080
-0.13051 0.22140 0.12109
0.22339 0.28313 0.48469
-0.46751 0.22140 0.47874
-0.11294 0.22140 -0.17737
-0.27171 -0.82808 -0.29471
-0.14400 0.22140 -0.43483
-0.01712 0.28313 -0.58726
0.37924 -0.82808 -0.19594
-0.74077 0.22140 0.00343
0.08730 -0.82808 -0.10456
0.12303 -0.16761 -0.00199
0.42496 0.22140 -0.13926
-0.11293 0.28313 0.49401
0.59799 0.22140 -0.36517
0.32586 0.28313 0.24337
0.36198 0.28313 0.45179
0.01356 0.22140 -0.45242
0.00482 -0.60954 0.12140
0.27719 0.22140 -0.51636
0.32394 0.28313 0.62340
0.10217 -0.29053 -0.06286
0.60029 0.22754 0.46450
0.77720 0.28057 0.00080
-0.63160 0.22140 0.24858
0.50194 0.22140 -0.46372
-0.40804 -0.82808 -0.13790
-0.49087 0.28313 -0.28068
0.20216 0.28313 0.41402
0.40583 0.22140 0.24026
0.11404 -0.32997 0.04801
-0.11160 -0.59219 0.00088
-0.24061 -0.84743 -0.41164
0.28906 0.22140 -0.44572
0.31455 -0.82808 0.29273
0.20090 0.28313 0.67803
0.48369 0.28313 0.37981
-0.25898 0.22140 0.18417
0.20750 -0.82808 0.22533
0.60346 0.22140 0.17027
0.00084 0.22140 -0.37521
-0.36366 0.22140 -0.59801
0.41005 -0.82808 0.11953
-0.73366 0.25283 0.20995
-0.01182 -0.82808 -0.41284
0.19764 -0.82808 -0.06494
0.20025 0.28313 0.02289
0.36673 0.22140 0.42565
-0.15750 -0.82808 -0.34229
0.21214 0.22140 -0.26813
-0.10648 -0.45425 -0.03039
0.13428 0.28313 -0.17786
-0.70509 0.22140 -0.08608
0.09226 0.28313 0.71274
0.27915 0.28313 0.27669
-0.26776 -0.82808 -0.16885
-0.66615 0.22140 -0.14375
-0.35196 0.22140 0.33355
-0.28098 -0.82808 0.07523
-0.02631 -0.02375 0.11682
-0.44042 0.22140 -0.55843
0.47561 0.28313 0.07512
-0.17710 0.22140 0.58022
0.33828 0.28313 -0.50989
-0.58024 0.22140 -0.23571
-0.14022 0.28313 -0.54885
0.15140 0.28313 0.26496
0.06278 -0.82808 -0.43859
-0.34146 0.28313 -0.21171
0.34698 0.28313 -0.29928
0.20048 0.22140 -0.60858
0.08464 0.22140 -0.05068
0.14018 0.22140 0.64519
-0.05126 0.22140 0.22550
-0.07129 0.28313 -0.16250
0.01601 0.28313 0.23093
0.20954 0.22140 0.19886
-0.00783 -0.73755 0.09638
-0.17951 -0.82808 0.40337
-0.18979 0.22140 -0.51951
-0.44217 0.28313 -0.18270
0.61943 0.28313 0.23773
-0.09706 0.22140 0.02124
-0.37007 0.28313 0.35680
0.01702 0.28313 -0.66396
-0.01347 -0.82808 -0.32863
-0.09513 -0.63421 0.06397
-0.06420 0.28313 0.37496
0.29249 0.22140 0.26301
-0.68556 0.22140 0.11865
0.12325 -0.09599 -0.00032
0.11531 -0.53786 0.04493
0.64446 0.22140 -0.03688
0.15642 0.22140 -0.16439
0.23399 0.28313 0.07790
-0.35005 0.22140 -0.13966
0.68491 0.28313 -0.04706
0.13667 0.28313 -0.44644
0.32972 0.28313 -0.05640
-0.23941 0.22140 0.58288
-0.73258 0.28313 0.15370
-0.58822 0.28313 0.02122
0.38522 0.22140 0.07285
-0.12254 0.28313 0.25678
-0.52863 0.22140 -0.40516
-0.27361 0.28313 0.29400
0.57610 0.22140 -0.22135
-0.07346 -0.85014 0.05419
-0.73899 0.27255 -0.19721
0.55371 0.28313 -0.21577
-0.44674 0.28313 0.44065
-0.10648 -0.16119 0.03774
-0.05121 0.28313 0.04691
-0.10685 -0.49272 0.03684
-0.28033 0.22140 0.38198
0.53146 0.28313 0.15946
0.43175 0.28313 -0.27398
0.08845 0.28313 0.01898
0.07348 0.22140 -0.68972
0.48677 0.23621 -0.57972
0.00915 0.22140 0.18584
-0.45740 0.22140 -0.50817
-0.55993 0.28313 -0.40324
-0.62390 0.26599 -0.43232
-0.19089 0.28313 -0.12494
0.31067 0.22140 -0.03356
-0.60807 0.22140 0.39804
-0.59042 0.28313 0.14803
-0.12483 0.28313 -0.44656
0.37749 -0.82808 -0.12353
0.19556 -0.85220 -0.43684
0.01495 -0.82808 0.41563
0.03804 0.14335 -0.04117
-0.15420 0.22140 0.43084
-0.27410 0.28313 -0.60593
-0.23935 0.28313 0.39193
-0.68954 0.25211 -0.30838
0.52832 0.28313 -0.52331
-0.12288 -0.82808 0.36990
-0.36502 -0.82808 0.27903
0.01013 0.28313 0.63548
0.72012 0.28313 0.24214
0.04382 -0.87044 0.08940
-0.51241 0.28313 -0.03220
0.07646 -0.82808 -0.03991
0.11971 0.28313 -0.09284
-0.25845 0.22140 -0.64075
0.38092 -0.82808 -0.01565
-0.63101 0.28313 -0.02606
-0.08734 -0.50184 -0.06679
-0.10279 -0.38828 -0.03932
0.21723 0.22140 -0.03952
-0.48122 0.28313 0.25006
0.08006 0.22140 0.02890
0.07788 0.28313 0.57406
-0.01175 0.28313 -0.48717
-0.17970 -0.82808 0.14774
-0.37787 0.28313 -0.11865
-0.39927 0.22140 0.47172
-0.11352 -0.82808 -0.07291
0.04856 0.28313 -0.01261
0.44193 -0.82808 -0.13821
0.10221 -0.82808 0.08896
0.12341 0.01959 0.00087
0.71409 0.22140 0.09795
-0.16183 0.28313 0.52542
0.11246 -0.05477 -0.04448
0.34413 -0.85058 0.34860
-0.13533 0.28313 -0.03954
0.38127 0.28313 -0.39780
-0.38562 0.28313 0.50544
0.23977 0.28313 -0.26148
0.66522 0.28313 0.36332
0.14213 0.28313 -0.63136
0.62924 0.28313 -0.00587
-0.23786 0.26953 -0.72347
-0.38591 -0.82808 -0.00273
-0.37553 0.28313 0.02331
-0.32686 0.22140 0.02349
0.27177 -0.82808 -0.21944
0.08611 0.22140 0.71240
0.33975 0.28313 -0.12149
-0.43746 0.22140 0.33170
-0.44022 0.28313 -0.33005
0.15412 -0.82808 0.26121
0.39733 0.28313 -0.65481
0.46753 0.28313 -0.06965
-0.04529 0.22140 0.48298
-0.15228 0.22140 0.37380
0.54420 0.22140 0.31215
0.05508 -0.10090 0.10979
0.02037 0.22140 -0.13289
0.21423 -0.82808 -0.38654
-0.25101 0.22140 -0.27617
-0.60992 0.28313 0.30311
-0.65248 0.28313 0.02569
-0.01368 -0.82808 -0.18483
0.39227 0.22140 -0.57489
0.54705 0.22140 0.03358
0.41465 0.22140 -0.04582
0.10015 -0.74143 0.00151
0.07247 0.28313 0.08977
-0.08424 -0.38107 0.07815
0.32224 0.26102 0.70074
0.75827 0.26966 -0.14298
0.25118 -0.82808 0.38081
0.08552 0.28313 0.50948
-0.15000 0.25102 -0.74386
-0.48551 0.28313 0.30925
0.09488 0.22140 -0.45990
0.47869 0.28313 -0.32282
0.31263 0.22140 -0.08278
0.01792 0.10908 0.05769
-0.17567 0.28313 0.14834
0.59145 0.28313 0.14916
0.26858 0.22140 0.34937
0.01021 -0.38025 0.12098
0.04791 0.03619 -0.03864
-0.48235 0.28313 -0.52463
0.20771 0.28313 0.54467
-0.27111 0.22140 0.23444
-0.03318 0.05123 0.04317
-0.32440 0.28313 -0.51983
-0.26977 0.22140 -0.47380
-0.52000 0.28313 0.03126
0.07246 0.28313 0.64072
-0.41331 0.22140 0.13156
0.09532 0.28313 0.36361
0.27076 -0.82808 -0.03408
0.53374 0.22140 -0.10201
0.58467 0.28313 -0.41961
0.54199 0.28313 0.45888
0.61043 0.22140 -0.12831
0.23479 0.28313 -0.19344
-0.03965 -0.82808 0.41635
0.47225 0.22140 -0.31651
-0.51926 0.22140 -0.05383
0.02995 0.22140 0.70457
0.50352 0.28313 0.21262
0.08430 0.28313 -0.52068
-0.03491 0.28313 -0.30547
0.40151 0.22140 0.61201
0.01629 0.22140 0.75582
-0.20053 0.25128 0.74250
0.13457 0.22140 0.71446
0.05933 -0.11066 -0.10070
-0.17595 0.28313 -0.25477
-0.60708 0.28313 -0.10770
-0.03330 -0.03323 -0.10659
-0.00790 -0.82808 0.22594
0.46692 0.27711 0.61427
-0.13811 0.22140 -0.23546
-0.43216 0.22140 -0.35959
-0.24267 -0.82808 0.28233
0.23954 0.28313 -0.38856
0.02597 0.03619 0.05965
0.25199 0.22140 0.51497
-0.34749 0.22140 -0.32240
-0.31098 -0.82808 0.00236
0.39191 0.28313 0.16445
-0.71403 0.25954 -0.25701
-0.56952 0.22140 -0.17579
0.32918 0.22140 0.65691
0.07417 0.22140 -0.60895
-0.58912 0.22519 -0.45478
0.06420 -0.19114 -0.09868
-0.43765 0.22140 0.60028
-0.72925 0.22213 -0.15772
0.06002 0.13558 0.01499
-0.34757 0.22140 0.49061
-0.37396 0.28313 0.08459
0.46997 -0.82808 0.12436
-0.43087 -0.86655 0.20232
-0.22413 0.22140 0.53331
-0.09341 0.25557 0.76048
-0.30800 -0.82808 0.14333
-0.07203 -0.51794 0.09118
0.75155 0.25875 0.19760
-0.45698 0.28313 0.16088
0.70873 0.28313 -0.22431
-0.08552 -0.26297 -0.06916
-0.10367 -0.06454 -0.03719
-0.31263 0.28313 -0.40493
0.55394 0.25200 0.54097
-0.21024 0.22140 -0.12250
0.18890 -0.82808 -0.00448
-0.33921 0.28313 0.30527
-0.56198 0.28313 -0.19425
-0.01108 0.22140 -0.23397
0.44281 0.22140 0.18415
-0.08936 0.03619 0.01796
-0.26971 0.28313 0.55934
0.63649 0.28313 -0.12124
-0.31587 0.28313 -0.15534
0.03081 0.28313 -0.09672
0.42872 0.28313 -0.37155
-0.09226 0.22140 -0.02712
-0.72436 0.28313 0.08305
-0.66335 0.28313 -0.37219
-0.37281 0.22140 0.39203
-0.34318 0.28313 -0.67179
-0.16902 0.22140 -0.05409
0.00220 0.22140 0.11441
-0.52246 0.22140 0.09241
-0.08783 0.22140 -0.56734
0.26800 0.28313 0.01557
-0.09974 -0.00418 0.05400
0.14794 -0.82808 -0.25511
0.15364 0.22140 -0.67002
0.48830 0.22140 0.52434
0.11189 -0.68228 0.05319
0.26176 0.28313 0.56881
-0.08528 0.28313 0.26207
0.35366 0.28313 -0.63153
0.15473 0.28313 0.71125
0.65553 0.28313 0.05646
0.31787 -0.82808 -0.35182
0.44801 0.22140 -0.20338
-0.21247 -0.82808 -0.03848
0.37706 -0.82808 0.19896
0.22169 0.22140 0.04552
0.69691 0.25690 -0.32412
0.34732 0.28313 0.07187
-0.38386 0.28313 -0.52649
0.46761 0.22140 0.09667
0.12143 0.22140 -0.35761
0.72206 0.22932 -0.23456
0.09860 -0.58500 0.07484
0.10811 -0.40858 0.06231
-0.58209 0.28313 0.47516
0.07006 -0.82808 0.19029
0.05998 -0.00466 0.10776
-0.01487 -0.82808 0.32670
0.25809 0.28313 0.68540
0.41038 0.28313 -0.48709
-0.05218 -0.13548 -0.09877
-0.54221 0.28313 -0.50585
0.03560 0.22140 0.38964
0.45266 0.28313 0.43347
-0.33801 0.28313 -0.35801
-0.47137 -0.86497 -0.04506
-0.36805 0.26778 0.67688
-0.29798 0.28313 -0.26361
0.07228 0.24131 0.75907
-0.51439 0.22140 0.34826
-0.51579 0.22140 -0.51417
-0.09182 -0.20375 0.06828
0.16894 0.22140 -0.24547
-0.42328 0.28313 -0.13120
-0.02790 -0.82808 0.11793
-0.28037 0.28313 0.15838
-0.10637 0.22140 -0.12029
0.67561 0.22140 0.28045
0.06747 -0.78999 -0.06722
-0.52198 0.22140 -0.23699
-0.70277 0.24019 0.27131
-0.01956 0.28313 -0.71577
0.54525 0.28313 -0.05484
0.08048 0.28313 -0.57958
-0.64039 0.22140 0.30010
-0.31267 0.28313 0.41247
0.18874 0.22140 0.61580
-0.61425 0.28313 0.18390
0.59412 0.22140 -0.43028
-0.15978 -0.82808 0.32765
-0.30981 0.23708 -0.68375
0.74996 0.24212 0.15871
0.25123 0.28313 -0.14627
-0.25349 0.22140 0.34090
-0.29121 0.22140 -0.22699
0.65324 0.28313 -0.27414
-0.73384 0.23289 0.16319
-0.23960 0.22140 -0.68686
-0.16063 0.28313 0.72812
0.43204 0.28313 0.31214
0.03452 -0.75886 -0.08592
-0.30120 0.22140 0.13817
-0.10275 -0.09254 0.04673
0.07352 0.28313 -0.20121
-0.32876 -0.82808 -0.30620
0.42152 -0.82808 -0.01777
-0.43635 0.22140 0.18426
-0.11919 0.22140 -0.63326
0.31392 0.28313 -0.44144
0.26418 0.22140 0.19990
0.37328 -0.82808 0.06696
0.56319 0.28313 0.33338
-0.27619 -0.82808 0.31987
-0.09646 -0.02067 -0.05458
-0.41428 -0.86538 -0.23505
0.27824 0.22140 -0.19048
0.48237 -0.85445 -0.05122
0.28882 -0.82808 0.24484
0.36308 0.22140 -0.32983
-0.25795 0.28313 -0.16923
0.43665 0.22140 0.29112
-0.46415 -0.82808 0.04789
0.01888 -0.82808 -0.04642
-0.21963 0.28313 0.45543
0.27878 0.22140 -0.57283
0.67379 0.25445 -0.37737
0.34412 0.28313 -0.34741
-0.18841 0.28313 0.57178
0.11396 0.28313 0.20256
-0.33427 0.22140 0.25417
0.09132 -0.82808 0.00908
-0.23570 0.28313 -0.00460
0.47306 0.22140 -0.41924
0.07959 0.22140 0.54529
0.26648 -0.85585 0.40819
0.27618 0.28313 0.44631
0.02520 0.22140 -0.32572
0.34987 0.22140 0.10732
0.09175 -0.82808 -0.38483
-0.20463 0.28313 -0.50881
0.24750 0.22140 -0.13747
0.76479 0.24225 -0.03907
-0.02837 0.12889 -0.03952
0.40966 -0.83125 0.26524
-0.38462 -0.82808 0.16242
0.13056 -0.82808 -0.42597
0.03636 -0.73548 0.10247
0.36854 0.28313 0.59267
-0.65080 0.28313 0.40192
0.60198 0.22140 0.07348
-0.41961 0.22140 -0.23413
0.27928 0.22803 -0.69737
0.08696 -0.54455 -0.08145
-0.35780 0.22140 0.62634
0.14506 -0.82808 -0.08013
-0.36068 0.28313 0.56108
0.10739 0.28313 0.13521
0.12000 -0.82808 0.45483
-0.19549 -0.82808 0.22486
-0.19436 0.22140 -0.57322
0.08950 0.22140 -0.31858
0.09961 0.28313 0.46611
-0.32156 0.22140 -0.54480
-0.43513 0.22140 -0.02010
0.09893 -0.46428 0.07440
0.06653 0.22140 -0.22200
-0.10252 -0.82808 -0.00330
0.68904 0.24419 0.33716
-0.10688 -0.54449 0.03677
-0.06884 0.28313 -0.26504
-0.04381 -0.82808 0.28646
0.11986 -0.44681 -0.02611
-0.08969 -0.82808 0.18638
0.41560 0.28313 -0.21903
-0.18580 0.28313 -0.37132
-0.08439 -0.79886 0.03057
-0.75990 0.26129 0.04821
0.17590 -0.85073 0.45232
0.32427 0.28313 -0.26192
-0.06561 0.22140 0.43477
-0.02151 0.28313 0.27691
0.06516 -0.24180 -0.09817
0.00813 0.28313 0.32888
-0.35278 0.28313 0.25806
0.25665 -0.82808 -0.08183
-0.41184 0.22140 -0.13405
0.56613 0.22140 0.26243
-0.11569 0.28313 0.65666
-0.33021 0.22140 -0.02471
0.26176 -0.82808 0.33057
0.13595 -0.82808 0.14872
-0.49986 0.22140 -0.10239
0.04414 -0.85879 -0.47499
-0.53400 0.28313 0.34218
-0.51889 0.28313 0.43780
-0.22637 0.28313 -0.43384
0.17593 0.28313 -0.39209
0.45447 0.28313 0.02661
0.10344 -0.82808 -0.15261
0.63799 0.22140 -0.21992
0.29739 -0.86970 -0.37713
-0.01321 0.28313 0.45740
-0.10488 -0.20333 -0.03426
-0.05126 -0.82808 -0.46962
0.41475 0.22140 0.45340
-0.35017 0.28313 -0.03612
0.25708 -0.82808 0.11686
-0.32151 -0.82808 0.35068
-0.20684 -0.82808 -0.14253
0.16676 0.28313 0.59886
-0.42389 0.24731 -0.62450
-0.71349 0.28313 0.24456
-0.10764 -0.32974 0.03494
0.16789 0.28313 0.44085
-0.16940 0.22140 0.21028
-0.02341 0.28313 0.59895
0.48755 0.22140 -0.36419
-0.12121 0.22140 0.59586
-0.19261 0.22140 0.10853
-0.24680 0.22140 0.44999
0.21170 -0.82808 -0.17520
-0.16987 0.28313 0.62023
-0.60770 0.28313 -0.29454
-0.02901 0.22140 0.62687
-0.08035 0.22174 -0.74122
0.44289 0.22140 -0.59907
0.38019 0.22140 -0.39208
0.00267 0.22140 0.52643
0.26787 0.28313 0.39099
0.59075 0.22140 0.41289
0.17035 0.22140 -0.03726
-0.10111 0.28313 -0.40326
-0.32588 0.28313 0.47140
-0.47310 0.28313 -0.13826
-0.73460 0.22140 0.05953
0.02270 0.22140 -0.05693
0.12371 -0.31526 0.00312
0.06111 -0.82808 0.30802
0.26682 0.22140 -0.05877
-0.41505 0.22140 0.27629
0.02196 -0.82808 0.10509
0.38182 0.28313 0.25280
0.24799 0.22140 -0.41610
-0.42187 -0.82808 0.11487
-0.55063 0.22140 0.05247
-0.15867 0.22140 0.49955
0.18712 0.28313 0.09447
-0.01468 -0.82808 -0.08325
0.37652 -0.82808 -0.29196
0.20450 -0.82808 0.08283
0.01239 -0.64731 -0.11335
0.40176 0.22140 0.34802
-0.08159 0.22140 0.17982
0.29099 0.28313 0.32481
-0.48742 0.22140 -0.28654
-0.28919 0.25423 0.70705
0.20647 0.22140 -0.48799
-0.12929 0.28313 0.40404
0.27251 -0.82911 -0.39622
0.38342 0.28313 0.53770
-0.06849 -0.65877 -0.08655
-0.12262 0.28313 -0.49581
-0.40770 0.22140 -0.43689
-0.04599 0.15703 0.02246
0.75728 0.24480 0.11136
-0.00353 -0.10845 -0.11296
0.72657 0.22140 -0.14003
-0.07939 0.22140 -0.07801
-0.24258 0.22140 -0.57508
-0.67809 0.22140 0.16867
0.10468 0.22140 0.22306
0.10828 -0.08635 0.06190
-0.11559 0.28313 0.05862
-0.03309 0.03619 0.11103
0.14403 0.28313 -0.71389
0.23594 0.28313 -0.64212
0.19812 0.28313 -0.29367
-0.55772 0.22140 0.00491
-0.75360 0.26578 -0.08877
0.34843 0.22140 -0.01063
0.03186 0.28313 -0.70796
-0.02194 -0.30040 -0.11054
0.16551 0.22140 0.13956
0.43610 0.22140 -0.47141
-0.42346 0.28313 -0.01460
0.01492 0.28313 -0.44728
0.12221 -0.21701 -0.00827
-0.11235 -0.82808 -0.37793
-0.64938 0.28313 0.23057
0.03858 -0.82808 0.23959
0.09021 -0.80488 0.04504
-0.58085 0.22140 -0.34837
0.08333 0.28313 -0.38521
0.26750 0.22140 0.40340
-0.16922 0.22140 0.27856
0.35575 0.28313 0.20599
0.14227 0.28313 0.01190
0.07856 0.03619 -0.00020
-0.64846 0.24420 -0.38994
0.54619 0.28313 0.04085
0.44581 0.28313 0.53948
0.08363 0.28313 -0.29976
-0.36658 0.28313 0.17935
-0.47123 0.22140 0.56349
0.06811 -0.48137 -0.09591
0.62856 0.22140 -0.31901
0.60209 0.28313 0.43647
-0.03911 -0.27728 0.11151
0.64124 0.22140 -0.16630
-0.03122 -0.82808 -0.28073
0.20019 0.22140 -0.13236
0.03621 0.16683 0.04991
-0.01618 0.28313 0.01479
0.15498 0.28313 -0.58723
-0.05768 0.28313 -0.06232
-0.69658 0.22140 0.02068
0.01479 0.28313 0.18351
0.05180 -0.20695 0.11115
0.53825 0.28313 -0.34624
-0.72715 0.22140 -0.04194
0.01902 0.23894 -0.75779
-0.14257 0.22140 0.07097
0.55556 0.28313 0.12953
-0.14265 0.22140 -0.51649
-0.26238 0.28313 0.24804
0.31260 -0.82808 0.13266
0.10844 -0.63945 -0.05419
0.39915 0.22140 -0.52810
0.47182 0.22140 -0.00263
-0.15530 -0.82808 -0.08183
0.22131 -0.82808 -0.30935
0.16886 0.22140 -0.53791
-0.34297 0.22140 -0.23053
-0.66067 0.28313 0.35175
0.11437 0.22140 -0.00318
-0.13081 -0.82808 -0.21201
-0.29975 -0.82808 -0.34311
-0.52580 0.28313 -0.45310
-0.00787 0.28313 0.50951
-0.08550 -0.31265 -0.06919
0.52618 0.28313 0.51967
-0.03048 -0.82808 -0.03873
0.30014 0.28313 -0.64046
-0.12200 0.28313 -0.23589
0.41592 0.22140 -0.09334
0.35997 -0.82808 0.30384
0.03878 -0.82808 -0.15517
-0.19114 -0.82808 -0.27049
-0.10692 -0.15032 -0.02935
-0.22147 0.28313 0.65438
0.71507 0.24597 0.27617
0.04774 -0.59330 0.11283
0.32538 0.28313 -0.59441
-0.11093 0.28313 -0.62151
0.47817 0.28313 -0.12129
-0.18417 0.22140 -0.24240
-0.18320 -0.82808 0.04716
0.05757 0.22140 0.27692
0.30885 0.22140 0.32292
0.49861 0.28313 -0.22210
-0.31514 0.22140 0.54391
-0.44606 0.22140 0.08408
-0.65882 0.22140 -0.09017
-0.18631 0.28313 -0.03355
0.25689 0.22140 0.07689
-0.31253 0.22140 -0.63047
0.54107 0.28313 -0.14868
0.42805 0.22140 -0.29514
0.37849 0.28313 0.34773
-0.46679 0.28313 -0.03977
0.09894 -0.64100 0.07440
-0.52354 0.22140 -0.35822
-0.01949 0.22140 0.43520
0.19283 0.22140 0.42327
0.29646 0.28313 -0.52918
-0.51235 0.22140 0.13662
0.21136 -0.82808 0.17608
-0.05726 -0.40734 0.10251
0.24758 0.28313 0.16294
-0.08249 -0.70379 -0.07310
0.59712 0.28313 -0.09916
-0.34289 0.28313 -0.47784
0.05013 0.28313 0.42423
0.11151 -0.26414 0.05409
0.35574 0.22140 0.57022
-0.28745 -0.82808 -0.12529
-0.11931 0.22140 0.32671
-0.43785 0.28313 -0.44577
-0.24806 0.22140 0.05259
-0.04523 0.22140 -0.49765
0.12219 -0.59091 -0.00843
0.42419 0.28313 -0.61791
-0.13955 0.28313 -0.70189
0.39911 -0.82808 -0.24186
-0.01852 0.22140 0.07378
-0.17758 0.28313 0.41508
-0.22535 -0.82808 0.40018
-0.64135 0.22140 0.01971
0.11422 -0.73065 -0.04022
0.09953 -0.86677 -0.00314
0.10946 0.22140 0.11143
-0.02662 0.22140 -0.33456
0.50815 0.22140 -0.14483
0.49736 0.28002 -0.58357
0.33426 -0.82808 -0.29941
0.59737 0.28313 -0.20442
-0.55841 0.22263 0.50046
-0.13220 0.28313 0.35910
-0.40003 0.28313 -0.21610
0.27925 0.24146 0.71053
-0.47248 0.28313 0.52675
-0.04318 0.28313 -0.53240
0.25322 0.22140 -0.24980
-0.60988 0.28313 -0.23796
-0.08954 -0.82808 -0.23393
0.02202 0.28313 -0.61283
-0.05948 0.22140 0.35092
-0.29115 0.28313 0.10514
0.10266 0.22140 -0.51057
0.36901 0.22140 -0.61350
0.12442 0.22140 -0.13221
-0.60769 0.22140 -0.30253
-0.10782 0.28313 -0.35819
-0.59392 0.22140 0.19823
-0.24320 -0.82808 -0.37144
0.18412 0.28313 -0.48999
-0.08943 0.22140 0.24983
0.00529 -0.49837 -0.11413
-0.09114 0.28313 0.13978
-0.01271 0.22140 0.27377
0.55076 0.22140 0.44916
-0.39788 0.28313 -0.31613
-0.10746 0.22140 -0.36178
0.11095 0.22140 -0.65733
0.21154 -0.82808 -0.10725
-0.05029 -0.59111 -0.09955
0.50771 0.28313 0.43059
0.12603 0.28313 -0.67274
-0.05500 0.28313 -0.42653
0.43072 -0.86579 0.23121
0.05977 0.22140 0.59958
0.18831 -0.82808 -0.34465
0.42181 0.22140 0.04188
-0.47325 0.26654 -0.59302
-0.10431 0.22140 0.73772
-0.29966 0.28313 -0.56216
-0.49102 0.22140 -0.38817
-0.11227 0.28313 0.62040
-0.41318 0.28313 0.05861
-0.66367 0.22140 -0.22339
0.51643 0.22140 -0.24252
0.68984 0.22140 -0.05476
0.01028 -0.78633 0.09762
0.22660 0.22140 0.47907
-0.19817 0.22140 0.44914
-0.40736 0.22140 0.36234
0.04715 0.28313 -0.15146
-0.22105 0.22140 -0.01474
0.17291 0.28313 -0.19872
-0.24719 0.28313 -0.31262
0.15611 0.28313 0.21444
-0.02442 0.28313 -0.20707
0.16507 0.22140 0.30170
0.48527 0.28313 0.27240
0.16541 -0.82808 0.30347
-0.50949 0.28313 0.21013
0.32283 0.28313 0.28699
0.20907 0.28313 0.24427
-0.65854 0.22140 -0.31055
0.28180 0.22140 0.59966
-0.01402 -0.42336 -0.11158
-0.40516 0.28313 0.46640
0.26536 0.22140 -0.37606
0.07135 0.03619 -0.07743
0.09322 0.22140 0.48019
-0.03320 -0.46648 -0.10663
0.56613 0.22140 -0.03216
0.64508 0.23707 -0.40506
-0.26209 0.22140 -0.38336
-0.36479 -0.82808 -0.25137
-0.19342 0.22140 -0.41400
0.02424 -0.82808 -0.30701
-0.65749 0.28313 -0.27170
-0.17532 0.28313 -0.30608
-0.16860 0.28313 0.19207
-0.55794 0.22140 -0.13395
0.64922 0.22140 0.12852
0.34385 0.28313 0.51406
-0.03306 -0.07734 -0.10669
0.28414 0.28313 0.60591
0.42074 -0.82808 0.16148
0.04192 0.22140 0.10261
-0.75854 0.28313 0.01091
0.68473 0.28313 -0.09981
-0.05433 0.22140 0.01440
-0.03579 0.28313 0.71228
0.21421 0.28313 -0.07452
-0.37588 -0.87113 0.29386
0.01141 0.03619 -0.06170
0.05358 0.22140 0.19281
0.42123 0.24539 0.64197
-0.46438 -0.83590 0.10546
0.02329 0.22140 -0.71102
-0.37843 0.22140 0.53909
-0.00446 0.25860 0.77342
0.48084 0.28313 -0.36580
0.17319 0.27678 -0.74598
0.04931 0.28313 0.53216
0.20527 0.22140 0.29648
0.14070 0.28313 0.40604
-0.69450 0.25773 0.30961
0.17787 0.22140 0.53028
-0.43847 0.28313 -0.50439
0.48042 0.22140 0.30872
0.11895 -0.49223 0.03614
0.16884 0.22140 0.18226
0.05982 0.22140 0.43603
-0.00632 -0.70627 -0.11260
-0.21952 0.22140 -0.16430
-0.02171 0.28313 -0.02968
-0.34748 0.22140 -0.06378
-0.07955 -0.82808 -0.03931
-0.61467 0.28313 -0.06726
-0.05847 0.22140 -0.21379
-0.20686 0.28313 -0.55141
-0.09938 0.28313 0.57855
0.51018 0.22140 0.05497
0.16188 0.22140 0.57471
0.11140 0.28313 -0.02016
-0.05781 -0.22561 -0.09475
0.01130 -0.01544 -0.11350
-0.11060 -0.64546 -0.00671
0.11161 -0.82808 -0.28404
0.03950 0.28313 -0.22850
0.45690 0.22140 0.45866
0.29191 -0.82808 -0.18205
0.32461 0.22140 -0.46895
0.37835 0.28313 -0.52393
0.20177 0.28313 0.33878
0.33956 0.22140 0.29366
-0.37041 -0.82808 -0.15744
0.38527 0.22140 0.20318
-0.12006 0.28313 -0.18581
-0.10710 0.28313 0.53600
0.27182 -0.82808 -0.27507
0.15230 0.22140 -0.38554
0.21120 0.28313 0.72373
-0.07114 -0.03661 -0.08452
0.12293 0.22140 -0.27333
-0.00886 -0.14461 0.11960
0.39766 0.28313 -0.11490
-0.29649 0.22140 0.43249
-0.23593 -0.82808 0.05304
-0.33663 0.22140 -0.41264
-0.14827 0.22140 -0.12396
-0.07646 -0.34202 0.08777
0.47664 0.28313 -0.02660
-0.21002 0.22140 -0.28528
-0.38405 0.28313 -0.59754
-0.24684 0.28313 -0.35660
0.01943 -0.79788 -0.08908
-0.38416 -0.82808 -0.07516
0.32682 -0.82808 -0.10631
-0.08823 0.03619 -0.02387
0.33916 0.22140 -0.50569
0.01350 -0.32643 -0.11321
0.00248 -0.82808 0.37412
0.04339 0.28313 0.72041
-0.62565 0.24211 0.42563
-0.57107 0.28313 -0.34555
-0.44882 0.27170 0.61910
0.09863 -0.35793 0.07481
-0.30448 0.22140 -0.13868
0.13617 0.28313 -0.13113
-0.30728 0.22140 -0.50565
0.01521 0.28313 0.11654
-0.17263 0.22140 -0.20260
0.07357 -0.41385 -0.09172
-0.51920 0.28313 0.50351
-0.10715 -0.27024 0.03611
-0.60711 0.22140 0.08654
0.27059 0.22140 -0.61358
-0.63803 0.28313 0.27251
0.68165 0.28313 0.25779
-0.38002 0.23937 -0.65416
0.01131 0.22140 0.35598
-0.07066 0.22140 -0.14132
0.05867 -0.82808 0.41095
-0.28181 -0.82808 0.36243
0.02279 0.28313 -0.40165
-0.56398 0.22140 -0.42409
0.35046 -0.82808 0.10321
0.09559 -0.18693 0.07876
-0.03202 0.28313 -0.10672
0.59517 0.28313 0.36366
-0.15665 0.22140 -0.65060
-0.14040 -0.82808 0.43540
0.12857 -0.82808 -0.36526
-0.48249 0.22140 -0.03521
0.42518 0.22140 0.08294
0.25272 0.28313 -0.51678
0.00592 0.28313 -0.30014
-0.47744 0.22140 0.18196
0.34046 0.22140 0.48914
-0.19802 0.28313 0.01618
0.04250 0.22140 -0.42325
-0.46624 0.28313 -0.40511
-0.27525 0.28313 -0.01562
0.24655 0.22140 -0.29135
0.36384 0.22140 -0.14413
0.19575 -0.82808 0.26463
0.18827 0.22140 -0.20605
-0.04430 0.28313 0.21805
0.30310 0.28313 0.41547
-0.15020 0.22140 0.62477
-0.61382 0.22140 -0.14602
-0.19482 0.28313 0.70180
-0.21526 0.28313 -0.09479
0.17329 0.22140 -0.70930
-0.10395 -0.68532 0.04384
-0.03018 -0.34429 -0.10788
0.22752 0.22140 0.62851
-0.41566 0.22140 0.24739
0.05070 -0.82808 -0.08667
-0.24448 0.28313 0.32242
0.38652 0.28313 0.06095
-0.40510 0.28313 0.56840
0.28263 0.28313 -0.03071
-0.70000 0.28313 -0.19245
0.20538 -0.82808 -0.27195
-0.17320 -0.82808 -0.11972
-0.06380 -0.80182 -0.05944
-0.15906 0.28313 -0.20830
-0.37375 0.28313 0.31637
-0.26131 0.28313 0.03724
0.48215 0.22140 0.15059
-0.37896 -0.82808 0.07937
-0.38993 0.22140 0.42883
-0.21117 0.28313 -0.23461
-0.03833 0.28313 -0.75660
0.42675 0.28313 0.18536
-0.40209 0.28313 0.23201
-0.32559 0.24960 0.68997
0.09802 -0.82808 -0.19438
0.12252 -0.70858 -0.00593
0.15512 -0.82808 0.11316
0.07051 0.28313 -0.10409
-0.05707 -0.82808 -0.09675
-0.12996 0.22140 -0.01276
-0.06335 0.22140 -0.46168
-0.24957 0.28313 -0.50179
0.37789 0.28313 0.48878
-0.25282 0.22140 0.27030
-0.62577 0.22140 0.13153
0.03336 -0.82808 0.14367
0.11680 -0.01618 -0.03400
0.37443 0.28313 0.41358
0.65362 0.22140 0.00211
-0.10596 0.22140 -0.26124
0.04538 -0.82808 0.06214
-0.15254 0.28313 -0.10887
0.56775 0.28313 -0.37337
0.72055 0.28313 0.18279
0.08622 -0.51122 0.08935
0.51709 0.22140 -0.50071
0.25260 0.22140 0.24444
0.21798 0.28313 -0.01288
0.20030 0.22140 -0.30622
-0.00530 0.22140 -0.41457
-0.17372 0.28313 0.23270
0.15241 -0.82808 0.38269
0.75113 0.28313 0.08666
-0.07707 0.22140 0.50687
0.31456 0.22140 0.56241
-0.19491 0.22140 -0.47749
-0.41406 -0.82808 0.23133
0.02067 -0.57204 -0.11226
-0.02807 -0.17919 0.11609
0.11234 -0.01413 0.05211
-0.04720 -0.82808 -0.39486
0.61923 0.28313 0.17752
0.02855 0.22140 0.15113
0.29723 0.22140 -0.33540
-0.06523 -0.67147 0.09639
0.05860 -0.29640 0.10834
0.61734 0.28313 -0.39170
0.56503 0.22140 -0.12681
0.38237 0.28313 -0.35724
-0.12589 -0.82808 -0.30782
-0.23542 0.28313 -0.59811
-0.19537 0.28313 0.48650
-0.10551 0.22140 0.08462
-0.02700 0.22140 0.58754
0.20058 0.28313 -0.71843
-0.44521 0.28313 0.27374
0.00944 -0.50543 0.12108
-0.00194 -0.06130 0.12051
0.05087 -0.64964 -0.10420
0.46464 0.28313 -0.24175
0.29867 0.27911 -0.70317
-0.25590 -0.82808 -0.21417
0.33850 -0.82808 0.04882
-0.73348 0.22140 -0.11316
0.10075 0.22140 -0.73582
0.11465 -0.82808 0.26611
0.03267 -0.37903 -0.11068
0.29088 0.28313 0.13361
-0.48827 0.28313 -0.22525
0.64621 0.28313 0.09829
0.60579 0.22140 -0.29261
-0.08353 -0.82808 0.46589
0.11478 -0.82808 0.21588
-0.69251 0.22140 0.05959
-0.61835 0.28313 -0.39760
-0.14297 -0.82808 0.16117
-0.48733 0.28313 0.35271
-0.36949 0.28313 0.64099
-0.25626 0.28313 -0.08062
-0.25589 -0.82808 -0.33040
-0.35152 0.28313 -0.40766
-0.56899 0.28313 0.32507
0.42373 -0.82808 -0.18143
0.02396 0.22140 -0.56908
0.31186 0.22140 -0.41419
-0.06494 0.28313 0.47555
-0.59943 0.28313 0.10676
0.37218 0.27249 0.68006
-0.12477 -0.82808 0.08021
-0.03818 0.03619 -0.03677
-0.12866 0.22140 -0.68934
0.02172 -0.07058 -0.11213
-0.10550 -0.05443 0.04009
-0.08021 0.28313 -0.12338
0.55995 0.28313 -0.10625
0.25786 0.28313 0.50236
-0.41882 0.22140 -0.59057
-0.05821 0.22140 -0.04551
0.04675 0.28313 0.36172
-0.36726 0.22140 -0.45202
0.11890 -0.17139 0.03625
-0.04883 0.22140 -0.71887
0.04562 -0.82808 -0.00324
0.00653 0.22140 -0.27732
0.21912 0.22140 0.55365
0.33047 0.28313 -0.66439
0.17025 0.28313 0.29809
-0.17045 -0.82808 -0.30590
0.42084 0.28313 -0.52425
-0.43786 -0.82808 0.00970
-0.59666 0.22140 0.26761
-0.04533 -0.73548 0.08413
-0.25597 0.22140 0.64584
0.35373 -0.82808 -0.16498
-0.14220 0.28313 -0.34086
-0.25559 0.22140 -0.32488
-0.20067 -0.82808 0.18671
-0.00672 0.22140 0.22637
-0.04673 0.03619 -0.07911
0.62965 0.22140 0.30304
-0.06278 0.22140 -0.66689
-0.24010 0.22140 0.15072
0.34307 0.22140 -0.64414
-0.28433 -0.82808 0.25743
-0.71667 0.28313 -0.08950
-0.23746 0.28313 0.28110
0.52400 0.28313 -0.18305
-0.02664 0.28313 -0.62441
-0.39063 0.22140 0.16244
-0.31436 -0.82808 -0.03717
0.21533 0.28313 0.37809
0.34309 -0.82808 -0.02118
-0.51507 0.27061 0.56826
-0.45558 -0.84591 -0.13533
-0.61562 0.22140 -0.02676
-0.00835 -0.24884 -0.11233
0.45774 0.22140 0.55259
0.07866 0.22140 0.36005
-0.01388 -0.85949 0.48475
-0.13448 0.28313 0.29233
0.15776 -0.86157 -0.45250
-0.75202 0.27555 0.10809
0.51794 0.22434 -0.54982
0.31737 0.22140 0.03467
-0.47222 0.22140 0.05073
0.57983 0.28313 -0.03903
0.09522 -0.31925 0.07924
-0.37977 0.28313 -0.27829
0.58782 0.28313 0.10955
-0.40160 0.28313 -0.56064
-0.54837 0.22140 -0.20729
-0.07487 -0.61414 0.08899
-0.13442 -0.82808 0.12420
-0.48721 0.28313 0.05030
0.41094 -0.82808 0.08166
-0.59981 0.22140 0.36114
-0.36388 0.28313 0.45949
-0.39813 0.22140 -0.50003
0.07725 -0.07350 0.09623
-0.64056 0.22140 -0.18007
0.38332 0.28313 -0.28151
-0.68432 0.28313 0.15429
0.23837 -0.82808 -0.20179
-0.48713 0.22140 -0.20695
-0.28833 0.28313 -0.43369
0.03541 0.22140 -0.64270
0.53080 0.28313 0.35255
0.04804 0.28313 0.21118
-0.15326 0.28313 0.48881
-0.18553 0.22140 -0.37442
0.50715 0.22140 -0.30262
-0.03726 0.22140 -0.59849
0.09459 -0.44547 -0.07273
-0.00839 0.22140 -0.08455
-0.67294 0.24523 -0.34126
-0.11126 -0.41925 -0.00169
-0.10286 0.28313 0.45794
0.63972 0.22140 -0.36700
-0.45792 0.23091 -0.59012
0.67394 0.25141 0.38115
0.32019 -0.87266 0.36697
-0.00748 -0.82808 -0.00926
0.37106 0.22140 0.25396
-0.10167 -0.32367 -0.04202
-0.10485 -0.82808 0.04171
-0.15140 0.28313 0.04803
-0.15719 0.22140 -0.34335
0.23766 -0.82808 0.00955
0.65594 0.28313 0.32718
0.51315 0.22140 0.12607
-0.16888 0.28313 -0.74277
0.49108 0.28313 0.32431
0.06392 0.22140 0.22857
-0.72080 0.28313 0.19257
-0.09144 0.28313 0.41985
-0.26073 -0.83912 0.40353
-0.33605 0.22140 0.38632
-0.55915 0.28313 -0.09428
0.16347 0.22140 -0.42103
-0.47609 0.22140 -0.54800
0.76370 0.26728 -0.10171
-0.12973 0.28313 -0.58450
-0.09372 -0.41478 0.06581
0.09652 0.22140 0.61047
0.04017 0.22140 0.32750
-0.67587 0.22140 0.25402
-0.64181 0.28313 -0.09474
0.70903 0.23468 -0.27162
-0.12395 -0.82808 -0.42105
0.42878 0.28313 -0.05137
0.30106 -0.82808 0.32721
-0.30753 0.22140 -0.38976
-0.10934 -0.55635 -0.01629
0.41113 0.22140 -0.20603
-0.06248 -0.10834 0.09850
-0.03455 0.28313 -0.16596
-0.21169 0.28313 0.60206
-0.11145 -0.47496 -0.00030
0.05961 0.22140 -0.29703
0.03781 -0.35621 0.11695
-0.38192 0.22140 0.02850
0.49699 0.22140 0.44737
-0.28502 0.22140 -0.54027
0.75588 0.28080 0.16850
-0.34663 0.28313 -0.25990
-0.33535 0.22140 0.59515
0.28861 0.22140 0.67158
0.05322 0.28313 -0.67982
0.10743 0.28313 0.32906
0.26552 0.28313 0.21284
0.16622 0.28313 -0.08174
0.56462 0.27938 -0.52496
0.18732 0.28313 -0.61644
-0.28320 -0.82808 0.11168
-0.40564 -0.82808 0.03208
-0.09682 0.22140 -0.60312
-0.28975 0.22140 0.33682
0.04484 0.28313 0.59071
0.14708 0.22140 0.21688
0.05908 -0.82808 0.09593
-0.39405 -0.85323 -0.26284
0.27279 0.28313 -0.18197
0.40904 0.28313 0.42652
0.09670 -0.54398 0.07732
0.29334 0.28313 0.69457
-0.06919 0.28313 -0.62330
-0.42411 0.22140 -0.05476
-0.35679 0.28313 0.59723
-0.40461 -0.82808 -0.03701
0.36374 -0.82808 0.01635
0.03445 -0.21824 -0.11045
0.63440 0.26533 0.44136
0.05898 -0.56672 -0.10084
0.17366 -0.82808 -0.03728
-0.52431 0.28313 -0.16042
-0.12453 -0.82808 0.31963
-0.59237 0.28313 -0.42800
-0.21768 -0.82808 -0.17699
-0.57569 0.26046 0.50248
-0.03794 -0.84348 0.08694
-0.62026 0.28313 0.38280
-0.19268 -0.82808 0.10797
0.00958 0.28313 0.73274
0.24121 -0.82808 0.15610
-0.15411 0.28313 -0.51573
0.75083 0.22140 -0.01341
0.41398 0.22140 -0.26213
-0.74318 0.25459 -0.15141
-0.33165 0.28313 -0.43753
-0.53056 0.28313 -0.31060
0.06041 0.28313 0.04674
-0.22661 0.28313 -0.15183
-0.55659 0.28313 -0.13406
0.07978 0.28313 0.67917
-0.20687 0.28313 -0.73513
0.71952 0.22140 0.06258
0.18722 0.28313 0.15415
-0.19486 -0.82808 -0.00734
0.54327 0.28313 -0.28557
0.34549 0.24070 0.68276
-0.47015 -0.83049 -0.05432
-0.10809 0.28313 -0.32144
-0.40267 0.22140 -0.33945
0.12062 -0.28782 -0.02035
-0.38673 0.22140 0.32580
-0.09270 -0.66891 -0.05980
-0.15896 -0.82808 0.02111
-0.46187 0.28313 -0.30182
-0.01829 -0.82808 -0.24046
0.35100 0.28313 0.03651
0.60029 0.22140 0.33240
-0.39545 0.22140 -0.61732
-0.33671 0.28313 0.38635
-0.05483 0.28313 -0.01691
0.02011 0.22140 0.66263
0.50360 0.28313 -0.41205
-0.08504 -0.74197 -0.02166
-0.20940 0.28313 0.13734
-0.40797 -0.82808 -0.10244
0.08675 -0.21971 0.08894
-0.23834 0.28313 -0.25735
-0.35096 0.28313 -0.15067
0.53844 0.22140 0.53229
0.36667 0.22140 0.61813
0.09889 -0.25558 -0.06712
0.43021 0.22140 -0.39380
-0.37261 0.22140 0.13035
0.77073 0.25665 0.04547
0.04414 0.28313 0.68264
-0.57358 0.22140 0.40556
0.13554 0.28313 0.09151
-0.35409 -0.82808 0.32098
-0.66953 0.28313 0.31767
-0.30369 0.28313 0.27558
0.30899 0.22140 -0.22602
0.23255 0.28313 -0.34351
0.16955 0.28313 -0.42667
-0.28625 0.22140 -0.28837
0.19241 0.22140 -0.16664
0.21875 0.28313 -0.11689
0.01658 0.28313 0.00206
0.02567 0.22140 -0.49289
0.33562 0.22140 0.15628
-0.64281 0.28313 -0.22581
-0.64245 0.22140 0.34257
-0.01371 0.28313 -0.33342
0.60655 0.28313 0.02968
-0.00500 0.28313 0.08282
-0.33056 0.22140 0.05834
-0.35161 0.22140 0.21338
-0.18037 -0.82808 -0.23715
0.05235 -0.45105 -0.10359
-0.01938 -0.82808 0.46155
-0.07804 0.28313 0.20864
-0.46701 0.28313 0.08363
-0.10382 0.28313 -0.72698
0.39249 -0.82808 -0.16358
0.02299 -0.82808 -0.10986
0.37250 -0.82808 0.23755
-0.10023 0.22140 -0.20992
0.45791 0.28313 0.23187
-0.68282 0.27897 -0.33282
0.53238 0.28313 0.23231
-0.02917 -0.80224 -0.08324
-0.01417 -0.25398 0.11890
0.08317 -0.74357 -0.04958
0.04002 0.22140 -0.67978
0.00316 0.13775 -0.05158
0.09225 -0.82808 0.33799
0.21181 0.28313 0.64491
-0.20842 0.22140 0.59880
-0.43748 0.22140 0.46110
0.49662 0.28313 0.16575
-0.05842 -0.32322 -0.09428
0.00138 -0.00305 0.12095
0.09335 -0.84611 -0.46851
0.28087 0.28313 -0.27886
0.05882 0.11451 -0.01266
-0.51940 0.22140 -0.47160
-0.00730 -0.54075 0.11980
-0.50531 0.22625 0.55874
-0.02722 -0.62205 0.11644
-0.12567 0.28313 0.14359
-0.69737 0.22140 -0.17135
0.18703 0.22140 0.04535
-0.28118 0.28313 -0.52879
-0.28455 0.28313 -0.20282
-0.01370 0.28313 -0.55056
-0.36212 -0.82808 0.02243
0.04294 0.28313 -0.26759
0.51776 0.28313 -0.25257
-0.11424 -0.82808 0.24628
-0.40427 -0.82808 -0.24148
0.16831 0.28313 -0.23292
0.46876 -0.82808 -0.10260
-0.43230 0.28313 -0.39906
-0.59082 0.25875 -0.47462
0.03013 0.22140 -0.23266
-0.04427 0.28313 0.34089
-0.02438 0.22140 0.19681
-0.27003 0.27011 -0.71014
-0.08629 -0.84869 0.02137
-0.15775 0.22140 -0.09091
0.45252 0.28313 -0.34505
-0.70937 0.22140 0.18436
0.10489 -0.82808 -0.01297
0.11966 0.28313 0.24244
0.23185 -0.82808 -0.25012
0.33320 0.22140 0.43289
0.38679 0.22140 0.54932
0.00578 -0.82808 -0.36425
-0.17061 0.22140 0.54106
-0.57714 0.28313 0.17954
-0.33764 0.28313 0.34599
0.02794 -0.08210 0.11864
0.16215 0.23697 0.74548
0.70550 0.28313 -0.30400
-0.16366 0.28313 -0.42927
0.11661 -0.69079 -0.03445
0.04510 0.22140 -0.18937
-0.10693 -0.35490 -0.02931
0.06919 -0.30921 -0.09508
0.12020 -0.39004 0.03083
-0.13079 0.22140 0.02636
-0.22420 -0.82808 -0.27889
0.12571 0.22140 0.46983
-0.26664 0.28313 -0.27698
-0.06226 -0.82090 0.06878
-0.44976 0.22140 0.29994
0.10819 0.28313 -0.63412
0.03476 -0.82808 -0.41928
0.45662 0.27329 -0.61484
0.28914 0.22140 -0.64208
0.18309 -0.82808 -0.41640
-0.27109 -0.82808 0.19991
0.03957 -0.39657 0.11622
0.32283 0.22140 -0.17631
0.12304 -0.52812 0.00928
0.15907 -0.82808 -0.44770
0.01945 0.28313 -0.03168
-0.08565 0.22140 0.59417
0.35237 0.22140 -0.44343
-0.23631 0.28313 0.56465
0.28960 -0.82808 -0.08946
-0.32997 0.28313 0.57661
0.50037 0.28313 -0.07764
0.48851 0.22140 0.23210
-0.34975 0.28313 0.41978
-0.35950 -0.82808 0.22622
0.06435 -0.82808 0.27440
-0.52861 0.22140 0.37888
-0.09003 -0.42833 -0.06328
0.10812 -0.53938 -0.05496
0.05567 -0.44352 0.10955
0.09743 0.28313 0.27788
-0.07909 0.28313 0.29518
0.42233 0.28313 -0.42826
0.50244 0.22140 0.33416
-0.19249 -0.82808 -0.36395
0.68254 0.22140 0.04656
-0.03091 0.13705 0.04491
0.04084 -0.23839 0.11569
0.42055 0.22140 0.20933
-0.49319 0.22140 0.10906
0.72969 0.28313 -0.12135
-0.09749 0.28313 -0.07274
0.35629 0.28313 -0.15070
0.62230 0.22140 -0.06209
0.33001 0.28313 0.67671
0.28015 -0.82808 -0.00186
-0.54994 0.22140 -0.32763
-0.66098 0.28313 -0.04115
0.02988 0.22140 0.55130
0.64171 0.28313 0.21268
0.25260 0.28313 0.25622
0.75361 0.28313 -0.17331
0.33234 0.28313 0.43617
0.31469 0.28313 -0.48611
0.10726 0.28313 -0.46988
0.11805 0.01582 0.03831
-0.74580 0.25335 0.13502
0.06174 0.22140 0.68457
-0.06599 0.28313 0.57932
-0.26084 -0.82808 0.16182
-0.07593 0.28313 -0.52597
-0.35205 -0.82808 -0.18531
0.44665 0.28313 -0.20534
0.18657 -0.82808 -0.14784
0.11975 0.28313 -0.05950
-0.25795 0.22140 -0.24122
-0.66880 0.22140 -0.27135
-0.13299 0.28313 -0.41296
0.07434 -0.82808 -0.13637
0.32517 -0.82808 -0.18336
-0.63065 0.22140 -0.22751
0.34768 0.28313 -0.42280
-0.57792 0.22140 -0.27364
-0.09651 0.22140 -0.53526
0.01485 0.28313 -0.14236
-0.42637 -0.82808 0.20047
-0.75377 0.25524 0.08028
0.63089 0.25011 -0.43211
-0.27307 0.28313 0.70429
0.15425 0.28313 0.13249
0.38398 0.28313 -0.61804
0.55620 0.22140 0.07031
0.34750 0.28313 -0.08923
-0.03196 0.22140 0.11213
0.13241 0.22140 0.67740
-0.03015 -0.82808 0.37988
-0.21278 -0.82808 0.14961
0.02711 0.22140 -0.09140
