0.12257 0.29114 -0.31979
0.27462 0.07143 -0.92519
-0.07161 -0.21155 -0.37420
0.44952 -0.11605 -0.02080
0.27739 -0.12500 -0.92593
-0.50636 -0.19844 -0.05034
-0.03602 -0.20594 0.68122
-0.28192 0.06884 -0.92756
-0.22689 0.23677 -0.24280
0.05836 -0.21155 0.41705
0.29217 -0.19582 -0.69143
-0.29558 -0.20694 -0.70332
0.06365 0.26662 0.26864
0.45801 -0.19063 0.49775
-0.38323 -0.00546 0.37774
-0.02026 0.23351 -0.77647
0.19804 0.09613 0.39608
-0.01044 -0.21155 -0.02934
0.26206 0.04028 -0.27993
-0.05143 0.23033 -0.63758
-0.32751 -0.21155 0.31566
0.32438 -0.21155 -0.32023
-0.37253 -0.08566 -0.34941
0.23385 -0.21155 0.19332
-0.23324 0.20118 0.13387
0.25861 0.18131 0.01411
0.00714 0.40417 -0.00364
0.23654 0.24452 -0.61154
0.26535 -0.19323 0.58957
0.01079 0.02854 0.48050
-0.08652 0.07217 -0.25726
0.42814 -0.09083 0.30902
-0.26343 0.06154 -0.46564
-0.01054 -0.01565 0.41290
-0.27327 -0.21155 -0.22117
0.24331 0.04913 -0.50883
-0.33905 0.02545 -0.07080
-0.51451 -0.20341 0.10512
-0.20739 -0.16342 0.49684
-0.22385 0.23145 -0.45414
0.26360 -0.21155 -0.05402
0.13008 0.22160 -0.16691
0.43478 -0.10487 -0.21135
-0.17211 0.19455 0.31317
0.41774 -0.16147 -0.45048
-0.32866 -0.07116 -0.34178
0.20687 0.25685 -0.83996
-0.24817 -0.21155 0.07655
0.15484 -0.17534 -0.39797
0.27364 0.17346 0.25006
0.01276 0.22881 -0.57721
0.10672 -0.21155 0.41924
-0.00671 -0.21155 0.20968
0.08359 -0.21155 -0.28029
-0.46759 -0.21155 0.51867
-0.26328 0.26048 -0.79724
-0.37628 0.00592 0.16522
0.13436 0.12980 0.37812
-0.20422 -0.10714 0.53458
0.51428 -0.20575 0.07339
-0.00648 0.35923 -0.19850
0.31387 0.06588 -0.11868
0.36837 0.01332 0.11272
-0.05494 -0.21155 -0.25991
0.30935 -0.06210 0.44223
0.23387 0.18026 -0.37990
-0.07504 0.29129 -0.11486
-0.46541 -0.15101 0.28583
-0.42536 -0.21155 -0.36119
0.35564 -0.21155 0.34167
0.05324 -0.03843 -0.32047
-0.32803 -0.06536 -0.49696
0.14408 0.31011 0.10340
-0.19287 -0.00679 0.44854
0.44888 -0.11973 -0.09712
-0.04863 0.36681 0.16120
-0.44802 -0.16714 -0.18144
0.08138 0.16385 -0.20213
0.04629 -0.21155 0.01259
-0.24730 0.20844 -0.05736
-0.22392 0.17999 -0.40629
-0.05714 0.29810 -0.42104
-0.22773 0.24047 -0.57569
-0.17014 -0.21155 0.25923
0.16286 -0.06710 0.52565
0.06939 -0.13603 0.48118
0.01131 0.23111 -0.67250
-0.28034 0.08719 -0.25530
-0.12503 -0.07753 -0.34311
-0.31026 0.11978 0.26941
0.49886 -0.19711 0.19160
0.45476 -0.18459 0.45166
-0.14164 -0.21155 -0.09295
0.39058 -0.04104 -0.35924
0.02808 -0.12957 0.61546
0.42393 -0.21155 -0.16945
-0.13372 0.32013 0.02798
-0.05862 0.22895 -0.57942
-0.05114 0.24278 -0.92278
-0.43572 -0.08704 0.06787
-0.23128 -0.19844 -0.41100
0.20176 0.13141 0.37021
0.26523 0.18702 -0.24522
-0.01393 0.14469 0.31842
-0.44004 -0.10106 -0.13034
0.32780 0.04507 0.29610
0.36271 -0.10146 0.49721
0.29741 -0.21155 -0.35674
-0.35101 -0.21155 -0.08804
-0.14655 0.31045 0.23385
-0.37853 0.00396 -0.22841
0.29308 -0.08750 -0.35018
0.20597 -0.21155 -0.18800
0.36399 -0.21155 0.07919
0.18763 -0.21155 0.10706
-0.25782 0.16077 0.01784
0.13270 0.35674 -0.09280
-0.37063 -0.21155 0.17301
0.32421 -0.09237 -0.52744
-0.11671 -0.21155 0.41686
-0.28166 -0.21155 0.43749
0.15628 -0.01022 0.41119
0.21452 -0.20620 0.52069
0.09768 0.22533 -0.45005
-0.38428 -0.19190 -0.54310
0.45674 -0.12505 0.10199
0.25519 0.19782 -0.11786
-0.22407 0.15926 -0.21036
-0.07151 -0.21155 0.51534
0.16719 0.24445 -0.73404
-0.33044 -0.18548 0.56124
-0.14103 -0.10436 0.46361
-0.15815 0.32902 -0.14491
-0.31348 -0.07519 0.46822
-0.15037 -0.21155 -0.03729
-0.06592 -0.08090 0.55880
-0.48800 -0.17960 -0.12246
0.30309 0.07742 -0.36576
-0.12724 0.05271 0.37448
0.08832 0.24305 -0.85442
0.01606 -0.09397 -0.35194
-0.23954 0.08494 0.37452
0.38206 -0.21155 0.19468
0.38953 -0.02089 -0.02704
0.18309 0.27506 0.23637
-0.16518 -0.13525 -0.37572
-0.34706 0.05254 0.03967
-0.44984 -0.16992 0.42020
-0.29891 0.13835 -0.15158
-0.12886 0.28400 -0.36666
0.37564 -0.00214 -0.33499
0.16550 -0.21155 0.31260
-0.28214 0.24255 -0.92259
0.00742 -0.21155 0.05609
-0.00105 0.21350 -0.17067
0.01938 -0.06417 0.44043
0.05493 0.31489 -0.08777
-0.09142 -0.21155 0.09039
-0.30706 0.11646 0.14925
0.45699 -0.21155 -0.28143
-0.42663 -0.15144 -0.43089
0.07344 0.33471 0.17224
-0.38907 -0.06076 0.25194
0.09441 -0.21155 -0.12131
0.49030 -0.17727 -0.01842
-0.13268 0.23910 -0.72535
0.29895 0.12364 0.13621
-0.12853 -0.20281 0.64648
-0.19042 -0.21155 -0.33088
0.08621 -0.21155 0.22865
0.18830 0.26724 -0.01788
-0.45751 -0.18439 0.25383
0.35724 -0.01047 0.22655
-0.02609 -0.21155 -0.36819
-0.22684 0.21378 -0.35013
0.27909 -0.26548 -0.92284
-0.39098 -0.21155 0.05558
0.38232 -0.00909 0.37669
0.13853 0.04642 -0.27297
-0.05692 0.39472 -0.03310
-0.04888 0.11479 0.38924
0.17867 0.08931 -0.24946
0.07963 -0.06136 0.54259
0.32681 0.07858 0.00150
0.18693 0.22950 -0.48601
0.17199 0.26122 -0.34039
0.31683 -0.21155 0.45900
-0.23149 0.20879 0.23326
0.35036 0.00534 -0.19787
-0.34694 -0.00589 -0.39576
0.04311 0.40665 0.09751
-0.44712 -0.10742 0.15215
0.28059 -0.21155 -0.20395
-0.19171 0.20658 -0.17915
0.28499 0.04869 0.41806
0.04055 -0.21155 0.33453
-0.05017 0.22027 0.27189
-0.29284 0.13814 -0.30682
-0.46110 -0.12679 0.09014
0.16894 -0.06712 -0.33763
0.19841 0.28693 -0.15797
0.14032 -0.15706 0.60333
0.22243 0.21348 0.12630
0.15066 0.21687 0.30884
-0.18995 0.00972 -0.29530
-0.29715 -0.11667 -0.60413
-0.41126 -0.04995 -0.04579
-0.05248 0.03128 -0.28043
-0.17264 0.28834 0.12835
0.08643 0.05748 0.44233
-0.40685 -0.09138 -0.26181
-0.34669 -0.17924 -0.40057
0.40539 -0.09685 0.20957
0.45885 -0.19244 0.31807
-0.04405 -0.21155 -0.14117
-0.07806 -0.21155 0.30865
0.27669 0.19808 -0.92771
-0.13575 0.30438 -0.24463
0.17463 0.29676 -0.20563
0.00916 0.38510 -0.07955
-0.35484 -0.21155 -0.25770
-0.39851 -0.03140 -0.15522
0.10533 0.22914 -0.58015
0.16650 -0.21155 -0.33008
0.16017 -0.21155 0.01083
0.38507 -0.21155 -0.02679
0.00123 0.33284 -0.31963
0.17719 -0.10163 0.46243
0.35850 -0.19248 -0.58006
-0.14511 0.25356 -0.90910
-0.29294 0.09536 -0.37027
-0.39607 -0.21155 0.42771
0.30667 0.12678 0.33011
0.26969 -0.21155 0.03621
0.40829 -0.05451 -0.13403
-0.09543 0.08429 0.40051
0.07615 -0.21155 0.46146
-0.38796 -0.13228 0.49370
0.28058 0.12036 -0.08470
0.10977 0.35821 0.01019
0.31296 0.11360 -0.21197
0.45292 -0.13506 -0.18836
-0.17556 0.28705 -0.07168
0.04851 -0.16964 -0.39461
-0.22928 -0.21155 0.37529
0.26598 -0.12271 0.53879
-0.08738 0.22506 -0.44622
0.41836 -0.06582 0.09229
0.44766 -0.14991 0.47216
0.07748 0.33109 -0.22086
0.27387 -0.10397 -0.62301
0.27006 -0.04808 -0.56912
-0.27517 -0.21155 -0.00917
0.43249 -0.14444 -0.34448
-0.40547 -0.08919 0.33970
-0.27558 0.18533 0.32199
-0.08638 0.14671 -0.21263
0.07508 -0.21155 0.12386
-0.34164 0.02649 0.30187
-0.16092 -0.21155 -0.22096
0.06581 0.19915 0.32659
-0.26576 -0.02162 -0.55343
-0.12680 0.24280 -0.78855
-0.06485 0.36898 0.07651
-0.35526 0.04264 -0.31397
0.26379 -0.04120 0.48249
-0.30136 -0.21155 -0.34043
-0.43908 -0.15194 -0.01106
-0.26431 -0.09357 -0.35325
0.25085 -0.21155 0.28820
-0.47106 -0.20860 -0.24990
-0.12944 0.27290 0.26443
-0.27592 -0.21155 0.27665
-0.29952 0.12894 -0.04983
-0.28642 0.00044 0.40798
0.21379 -0.21155 0.42112
-0.14056 0.22746 -0.50840
-0.34777 0.05626 -0.15544
0.33035 -0.21155 -0.11181
-0.31926 0.09573 0.08711
0.05933 -0.20387 0.67017
-0.45720 -0.21155 0.35745
0.16333 0.02167 0.45746
-0.15290 -0.21155 0.05470
0.06248 0.30361 -0.40124
0.07124 0.07368 0.36156
0.33794 -0.03763 -0.44305
0.18291 0.17619 -0.19778
0.23007 0.02467 0.39322
0.42196 -0.21155 -0.36351
-0.41649 -0.07397 0.44823
-0.22661 -0.18521 0.59685
-0.40408 -0.03828 0.11944
0.38231 -0.05132 -0.26856
-0.23605 -0.21155 -0.08643
-0.25483 -0.21155 0.16822
0.48121 -0.17725 -0.14019
-0.43909 -0.15022 -0.30877
0.15032 0.25559 -0.92261
-0.12243 -0.11377 -0.36348
-0.12104 0.36735 -0.07626
-0.30515 -0.17809 0.50525
0.40783 -0.09797 0.39175
-0.00947 0.22543 -0.46480
-0.03833 0.29009 0.22052
-0.09772 -0.21155 -0.07798
-0.34459 0.05871 0.20220
-0.33272 0.09055 0.38370
0.40809 -0.21155 0.39042
-0.20672 0.24581 -0.68918
0.44095 -0.16113 0.06605
-0.12632 0.36623 0.17731
-0.24865 0.18325 -0.14932
0.37920 -0.20499 0.52007
-0.04912 0.07182 0.36216
0.32905 0.07498 0.09258
0.30403 -0.21155 0.12151
0.36588 -0.14159 -0.38003
0.06518 0.23372 -0.76281
-0.08928 -0.21155 0.17023
-0.37849 0.00052 -0.33230
0.31837 0.09648 0.20778
-0.20976 0.23827 0.05546
0.24769 0.25619 -0.75792
-0.42524 -0.21155 0.32126
0.40499 -0.09690 -0.03220
-0.33391 -0.21155 0.00573
0.01402 0.31093 -0.41265
0.45799 -0.13819 0.25794
-0.33566 0.07166 0.16115
-0.00257 -0.21155 -0.12101
-0.10114 0.15379 0.31403
-0.11356 -0.00429 0.47367
-0.17934 0.09134 -0.24843
-0.47322 -0.14642 0.12767
0.12471 -0.21155 0.50670
-0.36909 -0.02841 0.02556
0.23791 -0.21155 -0.10211
-0.41119 -0.21155 -0.15531
-0.06597 -0.14488 0.61613
0.38368 -0.05877 0.17614
-0.12709 -0.00214 0.40603
0.03158 0.04164 -0.27432
0.27949 -0.16047 -0.39010
-0.06200 -0.00023 0.48783
0.04214 0.12490 0.39154
-0.34147 -0.21155 -0.16659
-0.03479 -0.21155 0.39164
0.23208 0.20718 -0.32729
-0.19628 0.26999 0.26817
0.22469 0.18506 0.30004
0.25704 -0.04611 -0.32715
-0.14295 0.23191 -0.60466
-0.46125 -0.21155 0.18479
-0.02684 0.34539 -0.04679
0.35957 -0.21155 -0.23554
0.25593 0.10693 -0.42139
0.25414 -0.21155 -0.26317
-0.00078 -0.15819 0.49354
0.40336 -0.06421 0.46452
-0.28070 -0.12175 0.52128
-0.28018 0.00749 -0.29853
-0.19774 0.25728 -0.01452
-0.38349 -0.19727 0.51584
-0.41769 -0.11286 0.22505
0.23632 0.21297 0.06823
-0.41848 -0.21155 -0.03956
0.14655 0.23403 -0.62243
-0.23282 -0.07086 0.44582
-0.51011 -0.19574 0.02951
-0.00390 0.12928 -0.22230
0.46589 -0.21155 -0.07507
-0.30528 0.08316 -0.04212
0.38516 -0.01401 0.29329
-0.18582 -0.21155 0.13676
0.29300 -0.11274 0.46949
-0.15077 0.10384 0.34504
0.39809 -0.08932 -0.40339
0.15096 0.31072 0.18200
0.11383 0.30489 0.20877
0.45311 -0.18265 0.13092
-0.07665 -0.06577 0.44148
-0.35010 0.05553 0.33105
-0.02063 0.29399 -0.11053
0.36283 -0.20628 -0.41539
0.24701 0.11741 -0.23640
0.26439 -0.21155 0.38438
0.15899 -0.21155 -0.23591
0.34878 0.00337 -0.09211
-0.04743 -0.13394 -0.37449
0.16422 -0.21155 0.15455
0.01151 0.04930 0.37526
0.25408 0.16429 0.18161
-0.20378 -0.21155 0.46560
-0.11614 -0.21155 -0.31565
-0.20917 0.28042 -0.15296
-0.00835 0.17326 0.35081
-0.03924 -0.03630 -0.31924
0.46593 -0.20549 -0.41021
-0.21323 0.25895 -0.86460
-0.45645 -0.12352 -0.07729
0.29554 0.02495 -0.44389
0.43806 -0.11922 -0.29653
0.13447 0.15215 0.31586
-0.40106 -0.08468 0.00810
0.41003 -0.21155 0.26787
-0.48977 -0.17972 0.20359
0.03222 -0.21155 -0.17847
0.09997 -0.07453 -0.34121
-0.08523 -0.21155 0.01069
0.10418 -0.06522 0.44150
0.33606 0.05496 0.39046
-0.15476 -0.21155 -0.39255
-0.27883 0.15731 -0.92308
0.28535 0.10976 0.04835
0.31148 0.06708 -0.04372
0.39081 -0.02259 0.02734
0.17176 -0.21155 -0.06941
-0.07311 0.23152 -0.68752
0.05063 0.25964 -0.14190
-0.17661 -0.03888 0.42721
0.23754 0.21669 -0.05960
-0.29619 0.11072 0.32125
-0.46847 -0.20388 -0.29381
0.09830 -0.21155 -0.37833
-0.15773 -0.14055 0.58058
0.44933 -0.21155 0.23455
-0.37392 -0.12923 -0.49179
0.30713 -0.21155 0.23065
0.10870 0.34491 0.14329
0.14811 0.33229 -0.04815
-0.26704 0.14942 -0.21910
0.04717 0.36575 -0.12762
-0.37997 -0.04294 -0.22630
-0.36931 -0.03447 0.44372
0.36005 0.03308 -0.26857
-0.08063 0.20830 -0.17431
-0.33958 0.07375 -0.21637
0.37038 -0.03309 0.45411
0.12703 0.25970 0.27567
0.01099 0.23550 -0.86757
0.32556 0.04506 0.22978
-0.38809 -0.06074 0.18149
0.23112 -0.21155 -0.37863
0.16706 -0.21155 0.23536
-0.37012 -0.07236 -0.43490
0.22837 0.24055 0.24380
0.21320 -0.12606 -0.37076
0.09350 0.09027 -0.24660
0.34200 0.01151 -0.37691
-0.15696 -0.21155 0.34030
0.08472 -0.21155 -0.04694
0.01921 -0.21155 0.48549
0.29525 0.13947 0.26947
-0.41322 -0.06396 0.39932
0.21447 0.24480 -0.25085
0.05383 0.37191 0.04367
0.06612 0.22740 -0.52136
-0.34447 -0.19573 -0.61188
0.44554 -0.21155 0.02867
0.32227 0.04829 0.15094
-0.24525 -0.08877 0.50395
-0.28319 0.15244 0.14140
-0.20446 0.24804 0.19043
-0.21490 -0.21155 -0.15942
-0.08052 0.38260 0.02487
-0.05289 -0.21155 0.46731
-0.09361 -0.13371 0.47980
-0.41269 -0.10193 -0.31875
-0.02186 -0.21155 0.12867
-0.07092 0.31174 -0.32176
-0.14771 0.28336 -0.12507
-0.14977 0.16335 -0.20400
-0.01411 0.24367 0.25729
-0.02821 -0.19773 -0.41048
-0.27645 0.01029 -0.50007
-0.09493 -0.21155 0.24571
-0.08317 -0.21155 -0.20674
-0.24154 0.24534 -0.62043
-0.20876 0.14741 0.32189
0.31306 -0.16690 0.49916
-0.04668 0.37093 -0.11249
0.10442 0.01853 -0.28841
-0.31946 -0.21155 0.08432
0.18837 -0.00254 -0.30206
0.04068 0.30685 0.22823
0.31552 0.01135 -0.29752
0.15778 0.23221 -0.41113
0.10398 -0.13040 -0.37261
0.21886 0.23627 0.00444
-0.29685 0.04656 0.38332
-0.17190 0.05537 0.40004
0.03868 0.09477 0.34843
-0.13960 -0.21155 0.50116
-0.28700 -0.21155 -0.10697
0.24330 0.26572 -0.90146
0.37025 0.01074 0.16573
0.28827 0.13604 -0.31951
0.06432 0.12983 0.32776
-0.38155 -0.21155 0.23973
0.33339 0.08380 -0.27181
0.43679 -0.11853 0.41110
0.30365 0.09823 0.38288
-0.22809 0.24579 -0.12252
0.27079 0.14260 -0.15809
0.10385 -0.00421 0.40706
0.20158 -0.12724 0.56076
0.14451 0.04436 0.37976
-0.07533 0.24082 -0.85197
-0.32471 0.09437 -0.27031
-0.34778 0.00904 0.10839
-0.30389 0.08826 -0.11165
0.38168 -0.15956 -0.50671
-0.09743 0.33618 -0.18444
0.06367 -0.02325 0.41743
0.21963 -0.04859 0.43358
-0.21954 -0.21155 0.25407
0.26096 -0.21155 0.09804
-0.17309 0.22558 -0.43091
0.39179 -0.15193 0.51854
-0.10872 0.23761 0.28828
0.31383 -0.21155 0.29361
-0.12785 0.35132 0.11797
0.09709 -0.00819 0.49435
-0.12602 0.31296 -0.09714
0.39179 -0.07113 -0.17907
-0.41134 -0.10060 -0.18940
-0.46177 -0.19165 -0.40221
0.23771 0.22009 -0.18672
-0.13914 -0.07666 0.52972
-0.44438 -0.13616 0.47236
0.06110 0.39277 -0.03551
0.13449 0.27882 -0.12853
0.33629 -0.07044 -0.34146
-0.32521 -0.21155 -0.29678
0.26103 0.15046 0.08765
0.38758 -0.21155 0.45534
-0.28418 -0.21155 -0.41182
-0.21394 -0.21155 -0.25363
-0.24298 0.18710 0.18313
0.21987 0.21852 0.17643
0.46090 -0.19641 -0.20988
-0.44328 -0.21155 0.12479
0.01342 0.34056 0.19055
0.03972 -0.21155 0.18451
-0.24514 -0.03935 -0.32345
0.03470 0.16339 -0.20165
0.07122 0.24571 -0.92278
-0.35703 -0.00303 -0.15475
0.11435 0.23445 -0.68563
0.01377 -0.21155 -0.29790
0.25203 0.13180 0.33341
0.02459 -0.21155 -0.24580
0.14969 0.17863 0.33888
-0.27946 0.12903 0.20694
0.22659 0.04089 0.43220
-0.41352 -0.10463 0.27059
-0.26737 0.19750 -0.20598
0.09844 0.36091 -0.10591
-0.11104 0.00090 -0.29879
-0.20215 0.25012 -0.75861
-0.28994 -0.14866 -0.38373
0.33345 0.02789 0.04521
0.08483 -0.21155 0.29983
-0.28595 0.15438 -0.10422
-0.22527 0.04678 -0.27540
0.24595 -0.11068 0.46795
-0.37987 -0.21155 -0.37657
-0.26247 -0.02838 0.44387
-0.41125 -0.13805 -0.37805
-0.02417 0.07248 0.43570
0.27829 0.15424 -0.03165
-0.12846 0.35132 -0.01357
-0.31162 0.10747 0.04494
-0.25431 0.19338 -0.28620
-0.35468 -0.00012 0.21974
0.15288 0.24845 -0.81649
-0.35390 0.03545 0.41288
0.29782 -0.03202 -0.50491
-0.01343 0.41261 0.05490
0.46304 -0.16464 0.37814
0.22669 -0.21155 -0.41294
0.37068 -0.10368 -0.46355
-0.02852 -0.10244 0.46209
0.31915 0.05963 -0.16974
-0.44703 -0.12045 -0.21605
-0.04981 0.22706 -0.51218
0.45750 -0.13157 0.18906
0.45073 -0.11595 0.03037
0.11931 -0.21155 0.07239
0.19750 0.27475 0.17004
0.20802 0.23657 -0.54924
0.14439 0.30852 0.03790
-0.21954 0.00847 0.40168
0.19368 0.25839 0.07610
-0.17943 -0.21155 0.19271
-0.46390 -0.21155 0.43552
-0.24196 0.23015 0.29294
-0.11782 -0.16058 -0.38966
0.32741 -0.00461 0.41190
0.33216 0.08038 0.32956
-0.29440 0.15125 0.30361
-0.24895 -0.19539 0.51469
0.06706 0.23027 -0.63251
0.30813 -0.16210 -0.62939
0.42537 -0.07974 -0.07019
-0.17210 0.28782 0.08218
-0.43854 -0.11200 0.38653
0.42413 -0.15593 -0.38783
0.39837 -0.21155 -0.08635
0.39745 -0.08388 0.02808
-0.33705 -0.12494 -0.54752
0.10361 -0.21155 0.36376
-0.44141 -0.15610 0.05352
0.16323 -0.15758 0.49356
0.26494 -0.21155 0.48163
0.02785 -0.21155 0.27127
-0.41245 -0.21155 -0.21684
0.11127 0.35703 0.06678
-0.24936 0.17444 0.08093
0.02034 -0.07900 0.57295
-0.18773 -0.19688 0.62072
0.32056 -0.21155 -0.02317
-0.00122 0.36438 0.12030
0.48259 -0.16330 0.03254
-0.02056 -0.02403 0.52347
-0.09017 0.30670 0.20520
-0.44486 -0.10202 0.00547
0.41929 -0.08006 -0.25552
0.43396 -0.14719 0.31398
-0.35095 -0.12658 -0.37181
-0.36113 -0.00458 -0.29126
-0.14054 -0.21155 -0.15911
-0.27067 -0.13100 -0.66275
-0.38235 -0.05034 -0.09437
0.03867 -0.21155 -0.35494
-0.17462 -0.04905 -0.32787
0.24335 0.25107 -0.69272
0.39761 -0.03367 0.13480
-0.28272 -0.21155 0.37036
0.34396 -0.21155 0.40616
0.41202 -0.21155 0.12299
-0.25778 0.25553 -0.73667
-0.43528 -0.08999 -0.08489
-0.06907 0.33122 -0.07024
-0.36878 -0.15418 0.51995
-0.18241 0.25122 -0.80939
0.30831 -0.03739 -0.32343
0.40637 -0.05883 0.41727
0.10507 -0.03887 -0.32113
-0.34480 0.02160 -0.21499
-0.46120 -0.15025 0.35852
-0.01491 0.07732 -0.25353
0.02195 0.23970 -0.92482
-0.13661 0.03432 -0.27989
-0.20583 0.27228 -0.19394
-0.34782 0.00892 -0.00569
0.38691 -0.01822 -0.21454
-0.09807 -0.21155 0.37039
0.08309 0.15341 0.36391
0.40813 -0.10154 -0.12172
-0.20919 -0.21155 -0.01273
0.20696 -0.21155 0.35917
0.18043 0.27821 -0.09867
-0.38329 -0.04902 0.30035
-0.17726 0.25245 -0.39315
-0.41996 -0.10609 -0.39281
0.10852 -0.21155 -0.20073
-0.27053 -0.13166 0.47953
0.20210 -0.21155 0.04543
-0.03813 0.18941 0.32605
-0.29486 0.10917 -0.18889
0.37013 -0.03466 -0.07798
0.27861 0.08900 -0.25467
-0.07017 0.23391 -0.76264
0.16301 -0.21155 -0.17083
-0.07752 0.26972 0.24103
-0.34238 0.01810 0.07561
-0.17970 -0.04482 0.48717
0.20216 0.05164 -0.27179
-0.23090 0.20421 0.01471
0.38971 -0.06615 -0.31382
-0.22835 -0.15712 -0.38808
0.43145 -0.21155 -0.12647
-0.17659 0.28634 0.19072
0.37392 -0.04254 0.06390
0.36340 0.02646 0.33343
-0.40705 -0.09500 0.12721
0.12391 -0.21155 0.18278
0.11731 0.33627 -0.15927
0.38932 -0.06689 0.27071
0.26059 0.11511 0.37604
-0.13096 -0.21155 0.14073
0.05724 0.23209 -0.71344
0.16528 0.32553 -0.12966
0.21053 0.23637 -0.12881
-0.33978 0.06985 0.27530
-0.00138 0.34688 -0.26001
0.26670 -0.21155 -0.31919
-0.11718 0.22838 -0.55019
0.22954 0.08107 0.36170
0.16606 -0.21155 0.46641
0.30563 -0.08136 0.49954
-0.36611 -0.21155 0.11556
0.33840 0.02025 -0.03047
-0.19762 -0.09625 -0.35420
-0.13164 0.03566 0.43161
-0.38085 -0.04252 -0.31225
-0.27341 0.17829 0.25015
-0.42393 -0.21155 -0.29790
0.11831 0.28718 -0.37962
0.10884 -0.21155 -0.33120
0.18467 0.15350 0.31741
0.48368 -0.17305 -0.07849
0.27101 0.16802 -0.07011
0.09351 0.35920 -0.04253
0.06799 -0.20012 0.51724
-0.46762 -0.21155 -0.16515
0.28986 0.14145 0.19808
0.31633 -0.17893 0.56125
-0.08317 0.32399 -0.24577
-0.03019 0.38343 0.01816
-0.23860 -0.21155 -0.30785
0.39089 -0.06816 0.33186
-0.07631 0.39162 0.11751
-0.45719 -0.21155 0.00666
0.03857 -0.21155 0.10845
-0.17106 0.23296 0.26654
-0.25841 0.16096 -0.02910
-0.18794 0.25416 -0.33227
-0.06987 0.12201 0.33242
0.06046 0.37443 0.15419
0.43335 -0.21155 -0.01072
0.05779 0.31020 -0.35021
0.12713 0.30713 -0.24309
0.18590 0.25634 0.27845
0.16291 0.13560 -0.22124
-0.31769 0.04406 -0.38672
-0.28530 -0.21155 -0.16324
-0.19366 0.26428 -0.11324
-0.21927 -0.21155 0.32435
0.17910 -0.21155 -0.12043
0.21937 0.16521 0.34448
0.20482 0.22592 -0.40321
0.26346 -0.00197 -0.53002
0.27481 0.13029 -0.92603
0.35326 -0.00266 -0.14267
0.19353 0.25863 0.12663
0.36174 -0.21155 -0.15200
-0.10889 0.10494 0.34338
0.07207 0.21535 -0.17006
-0.38045 -0.00000 0.33961
-0.12329 0.34891 0.07111
-0.18325 -0.21155 -0.12324
0.03691 0.34493 -0.04824
-0.32455 -0.21155 0.25742
-0.14185 0.23799 -0.15671
0.41964 -0.08763 -0.35491
-0.39170 -0.06821 0.09488
0.21540 -0.21155 -0.02233
-0.38314 -0.00464 -0.10615
-0.40470 -0.03880 0.06168
-0.13276 0.24802 -0.85214
-0.07711 -0.18508 0.64833
-0.00883 -0.15301 0.64315
-0.37845 -0.21155 0.28831
0.30850 0.12158 -0.27643
-0.23469 -0.21155 0.04340
-0.43049 -0.13486 0.31968
-0.46512 -0.17593 -0.34987
0.37939 -0.21155 -0.32106
-0.02036 -0.21155 -0.19721
-0.11470 0.26558 -0.41448
-0.47742 -0.14913 0.02140
0.08852 -0.13254 0.59945
0.41137 -0.10850 0.10929
0.09901 0.20749 0.28049
0.02540 0.23430 -0.81223
-0.01520 -0.21155 0.33795
0.38807 -0.21155 -0.21041
-0.19191 0.26804 -0.27540
-0.36680 -0.02353 -0.04941
0.43972 -0.15873 -0.04670
0.26786 0.18510 -0.17157
-0.14085 0.28813 -0.29888
0.43190 -0.14329 -0.24143
0.05285 -0.11826 -0.36564
-0.44007 -0.15324 -0.12282
0.34300 -0.21155 -0.37525
-0.16891 -0.21155 -0.27748
-0.30418 0.13471 0.35517
-0.15203 0.23796 -0.67472
-0.44247 -0.15755 0.20169
0.15564 0.08948 0.35417
-0.27714 -0.18048 0.57516
-0.26917 0.26513 -0.85295
0.03323 0.26749 -0.42949
-0.02756 -0.21155 0.25682
-0.32614 0.04669 0.11961
-0.18391 -0.21155 0.38147
0.11052 -0.17682 -0.39874
-0.07962 -0.04252 0.51966
0.08112 0.25842 -0.42503
0.06487 0.01699 0.39440
-0.08349 0.34994 0.15562
0.30218 0.11837 -0.03243
0.41033 -0.05379 -0.00500
-0.24010 -0.21155 0.43348
-0.32411 0.08907 0.00074
0.18719 0.26861 0.03788
-0.31227 -0.04292 0.43176
-0.02446 -0.11550 0.60413
0.27739 0.01571 -0.92704
-0.30216 -0.21155 0.13448
-0.30381 0.13340 -0.24941
0.39959 -0.03852 0.24093
0.04919 0.11540 -0.23070
0.16804 -0.11505 -0.36429
-0.08866 0.03321 0.44864
0.14565 -0.06078 0.43932
-0.07294 0.00711 0.40005
-0.17849 0.28222 0.03029
0.17982 0.25693 -0.88921
-0.11071 0.11138 -0.23433
-0.17137 -0.21155 0.41284
0.33162 -0.06196 -0.48151
0.21136 -0.05281 0.50313
0.28535 -0.20469 -0.41447
0.34845 0.00206 0.00319
-0.32580 -0.21155 0.49555
0.18382 0.24321 -0.68680
0.00500 -0.01600 -0.30771
-0.46574 -0.16036 -0.26579
-0.42030 -0.21155 -0.08564
-0.38500 -0.05038 0.35669
0.45894 -0.15872 -0.29419
-0.18251 0.12647 -0.22788
0.26737 0.13983 0.01507
-0.03117 0.25417 -0.14528
-0.23850 0.12542 0.35461
0.14620 0.22785 -0.52074
-0.18115 0.23304 -0.55277
-0.22141 -0.11328 0.46913
0.02371 -0.21155 -0.41058
0.22221 -0.21155 0.13621
0.32584 -0.21155 0.04061
-0.13470 -0.16408 0.60962
0.42021 -0.12158 0.35177
-0.24487 0.22801 -0.17014
0.35131 0.04169 0.18576
0.18519 -0.21155 -0.28168
0.05143 -0.21155 -0.07841
0.36434 0.02189 0.28306
0.40960 -0.21155 -0.26222
-0.47041 -0.20753 0.07429
0.36220 -0.21155 0.24474
-0.13684 -0.16398 0.49695
-0.02784 0.23195 -0.70951
-0.19382 0.23135 -0.50617
-0.35338 -0.21155 0.40724
0.27995 -0.02963 0.42445
0.38966 -0.02280 -0.16855
-0.06790 0.17773 0.29857
0.15690 -0.21155 0.36666
0.27913 -0.21155 0.17160
0.00904 -0.21155 0.43312
0.21991 -0.21155 0.24269
-0.28634 0.11368 -0.00410
0.30290 0.09035 0.30343
-0.02846 -0.21155 0.02005
0.20442 0.24538 -0.30093
0.32696 0.04929 -0.21499
-0.30340 -0.07084 -0.54404
-0.11661 -0.20773 -0.41613
-0.40422 -0.04676 -0.34873
-0.25604 0.15482 -0.37187
-0.01881 -0.20838 0.52187
-0.37763 0.00368 0.27815
0.36596 -0.04580 -0.40566
-0.42249 -0.21155 0.39782
0.21843 -0.21155 0.46521
-0.11155 0.23137 -0.65291
0.00061 -0.14889 -0.38291
0.03069 -0.04152 0.53712
0.17585 0.21602 -0.17231
0.25494 -0.15603 0.49305
-0.36130 -0.21155 0.46753
-0.16295 0.29653 -0.01122
-0.29909 -0.21155 -0.05489
-0.02123 0.38325 0.08548
0.33685 0.04720 -0.33863
-0.30516 -0.10764 -0.36136
0.15752 -0.01934 0.49005
0.45028 -0.17744 0.19706
0.40602 -0.11433 0.47042
-0.02854 0.23474 -0.83227
-0.41502 -0.20223 -0.41318
-0.13430 -0.21155 0.21063
0.30457 -0.11213 -0.58138
-0.40466 -0.21155 0.01018
0.46028 -0.19517 -0.34068
0.04693 -0.16355 0.63935
-0.18951 -0.08370 0.45247
-0.03954 0.16496 -0.20069
0.43511 -0.15072 0.00236
-0.28024 0.12367 0.10230
0.11573 0.24028 -0.76628
0.27197 0.14617 -0.21251
-0.21441 0.23083 0.09988
0.31986 -0.13517 -0.37644
0.22815 0.14678 -0.42878
-0.22325 0.24083 -0.04820
0.35315 -0.14349 0.48643
-0.23329 0.11894 -0.23434
0.00916 -0.21036 0.69328
-0.14424 0.31243 0.09504
-0.18830 0.09364 0.35249
-0.32075 -0.11001 0.49693
0.12520 0.24946 -0.88014
-0.32619 -0.14655 0.52781
-0.02926 0.31815 -0.35843
-0.29014 0.04889 -0.43202
0.06727 0.36841 0.00105
0.16889 0.23358 -0.57626
-0.15007 0.31277 0.16439
0.22556 0.17902 -0.19806
-0.44647 -0.16493 -0.05251
-0.42576 -0.21155 0.48923
-0.09028 -0.11786 0.58353
-0.04730 -0.21155 -0.08539
-0.33666 0.03137 -0.12335
0.12943 0.09013 0.40984
-0.39716 -0.17032 -0.49880
0.36292 -0.01535 -0.25538
-0.18854 -0.21155 0.08784
-0.05259 -0.16766 0.49888
0.12480 -0.13745 0.48212
0.22494 -0.21155 -0.23148
-0.09456 0.23759 -0.15636
0.16748 0.28376 -0.26268
0.48373 -0.16501 0.08297
-0.27766 0.08184 0.36380
0.08354 0.31119 -0.29495
-0.32966 -0.21155 -0.21220
0.35482 -0.21155 -0.27723
-0.42413 -0.07034 0.14503
0.04039 0.20161 0.28341
0.30292 -0.21155 -0.27636
-0.12764 -0.21155 0.30934
-0.41880 -0.06947 0.29822
0.46877 -0.21065 0.35859
0.07873 -0.21155 -0.41249
0.06603 -0.21155 0.05835
0.15656 0.29961 -0.01639
-0.46197 -0.19245 -0.09232
-0.25472 0.03672 0.38702
-0.43859 -0.11637 0.42288
0.06355 0.37020 0.10110
-0.33663 0.02999 0.18002
0.19496 0.03919 0.38447
-0.02492 0.31476 0.19148
0.26988 -0.21155 0.33516
0.37026 -0.02996 0.34131
0.30760 0.07909 0.26161
-0.32718 -0.21155 0.19398
-0.02198 0.10818 0.34036
-0.32941 -0.01835 0.41915
0.46067 -0.21155 0.41159
-0.10885 -0.21155 -0.13474
0.20191 0.24669 -0.05799
0.35381 -0.00723 0.07331
-0.45040 -0.12089 0.25319
-0.45590 -0.18091 0.47421
0.26457 -0.00205 -0.30352
0.26287 -0.21155 -0.14467
0.39097 -0.07227 0.12015
0.31789 -0.12278 0.52320
-0.13930 0.20447 0.28312
0.12691 -0.21155 -0.01046
0.29532 0.09494 0.16944
0.41229 -0.21155 0.50161
-0.34126 -0.14775 0.48876
0.30673 0.11935 -0.15622
-0.45191 -0.11840 0.19853
-0.18866 -0.21155 -0.07657
0.21098 -0.05722 -0.33259
0.24723 -0.09399 -0.35332
-0.30518 0.08424 0.17597
0.27713 -0.14690 -0.66365
0.23482 0.19971 0.24949
0.06702 -0.21155 -0.15795
0.21058 0.25398 -0.79246
0.27169 0.06764 0.37121
-0.18574 0.24709 -0.15205
-0.29024 -0.04406 -0.32709
0.12614 0.36343 0.17805
-0.11042 -0.03812 -0.32094
0.43177 -0.14384 -0.13095
0.33189 -0.21155 0.51859
0.26359 0.15153 -0.35358
0.35905 0.02884 -0.11957
-0.27585 0.13982 0.26396
0.06939 -0.09440 0.45769
0.20416 -0.13604 0.48177
0.33683 -0.20033 -0.62368
-0.18481 -0.21155 0.30461
0.33746 -0.21155 -0.06375
-0.42191 -0.21155 0.16293
-0.22468 0.18635 0.29858
0.33211 -0.21155 -0.18903
-0.14298 0.15833 0.31214
-0.20755 0.05335 0.37629
0.34991 -0.13908 -0.53621
-0.43622 -0.17543 0.51572
-0.24782 -0.21155 -0.36872
0.13125 0.10417 -0.23900
0.34577 -0.21155 0.17996
-0.40005 -0.03322 0.21205
0.43413 -0.09337 0.17231
-0.21743 0.22732 -0.40687
0.09666 0.25410 -0.14600
0.17752 -0.21155 -0.41745
0.46244 -0.21155 0.06653
-0.12488 -0.21155 -0.25930
-0.21106 0.25591 0.14590
-0.22514 -0.02872 0.42255
-0.34118 -0.21155 -0.04231
-0.36823 -0.02606 0.14242
0.03395 0.35682 -0.17398
0.05498 0.01100 -0.29224
0.25765 0.18892 0.31205
-0.21161 0.26206 -0.91178
0.10590 0.22689 -0.49632
0.24244 0.18439 0.21137
-0.12757 -0.06773 0.44292
0.25621 0.16306 -0.11050
0.28889 0.15736 0.32464
-0.19272 -0.21155 0.50880
-0.31682 0.01420 -0.42516
-0.31884 0.10005 -0.07271
0.17410 0.31747 0.22850
-0.44762 -0.16695 0.16125
-0.43264 -0.13867 -0.26031
0.00685 0.28050 0.23129
0.42172 -0.21155 0.34980
0.22302 -0.01757 0.47467
-0.08605 -0.21155 -0.03065
0.41832 -0.11943 0.25967
0.42262 -0.18690 -0.40480
0.21767 -0.21155 -0.33414
-0.26355 -0.21155 0.32818
0.10408 0.24215 -0.81361
-0.36835 -0.21155 0.33737
-0.04723 0.34359 -0.21376
0.25550 0.18725 0.11459
0.22888 -0.21155 -0.05614
-0.02975 0.03137 0.38567
-0.38622 -0.10141 0.46338
0.36281 -0.02232 0.14632
-0.22343 0.08006 -0.25656
-0.22088 -0.03585 0.46492
-0.36274 -0.01722 0.07235
-0.43290 -0.13888 -0.34726
-0.07530 0.23774 -0.80808
-0.06893 -0.16203 -0.39041
-0.13878 0.09276 0.37796
0.08041 0.28660 -0.12017
-0.39454 -0.02565 -0.25766
-0.31188 0.07980 0.29199
-0.41554 -0.06066 -0.18524
0.22234 0.08684 -0.25252
-0.34022 0.03380 0.37030
0.38821 -0.06308 -0.22496
-0.47252 -0.21126 -0.33600
-0.14103 0.31896 -0.03887
0.26568 0.14405 0.14604
0.03511 0.32885 -0.28957
-0.30074 -0.15947 -0.64422
-0.32041 0.06384 -0.17975
0.11868 0.14211 -0.21607
0.27979 0.16079 -0.27223
-0.33376 0.07994 -0.30371
-0.23299 0.20084 0.05829
0.30858 0.05189 -0.27597
-0.04457 0.09994 -0.23994
-0.11471 -0.21155 0.46084
-0.18998 0.30136 0.22774
0.13877 -0.00601 -0.30306
0.16738 0.29081 0.14530
0.33665 0.02279 0.12216
-0.06677 0.35328 -0.15682
-0.40276 -0.03715 0.16582
0.19955 -0.21155 0.19094
0.23113 0.19905 -0.01309
-0.13733 0.07901 -0.25413
0.41711 -0.21155 0.17514
-0.44263 -0.15671 -0.38394
-0.43804 -0.21155 0.21935
-0.36055 -0.09212 -0.47290
0.28444 -0.20201 0.51843
-0.24361 0.18664 -0.09173
0.21819 0.14550 -0.21827
-0.35505 -0.16311 -0.55949
-0.40519 -0.09156 -0.04015
0.01020 -0.21155 0.37301
0.01513 0.38808 0.03715
0.36721 -0.08925 0.45673
-0.05488 -0.07197 -0.33954
0.13548 -0.21155 0.25891
-0.25759 0.15445 0.32084
0.30086 0.08468 0.13195
-0.32337 -0.15140 -0.59861
-0.47164 -0.21155 0.14471
-0.32183 0.10547 -0.21912
-0.50504 -0.19531 0.14707
0.32826 0.03685 0.08758
-0.32143 0.02019 -0.29308
-0.02483 0.27186 -0.42888
0.13122 -0.21155 -0.09819
0.05442 0.22490 -0.44543
0.32196 -0.19000 -0.40645
0.42819 -0.13832 0.13504
-0.31523 0.06928 0.22079
0.12541 0.32685 -0.01134
0.14992 -0.21155 0.42200
-0.21430 0.23966 0.26528
-0.10982 0.26807 -0.13675
0.31223 0.10414 -0.07156
0.37125 -0.02915 0.41134
0.26090 -0.00532 0.45871
0.45121 -0.17864 -0.37394
0.18449 0.20392 0.28593
-0.05069 -0.21155 0.07701
-0.32636 0.04658 -0.03555
0.08288 0.05484 -0.26716
-0.08235 -0.10104 -0.35611
-0.29582 -0.21155 0.04880
-0.31101 -0.21155 0.40312
-0.14919 0.20619 -0.17706
-0.02539 -0.21155 0.16726
-0.31108 0.08695 0.34813
0.42474 -0.17891 0.52308
-0.28952 -0.21155 -0.25968
-0.28020 0.15412 0.05317
0.41955 -0.12308 0.07039
-0.10824 0.34555 -0.14464
-0.08761 0.36523 -0.10358
-0.36963 -0.02923 0.10638
0.39057 -0.21155 0.31798
-0.15422 -0.01011 -0.30563
-0.17576 -0.21155 0.01287
0.03112 -0.21155 -0.04154
0.05861 0.22927 -0.59130
0.40359 -0.21155 0.02732
-0.38334 -0.21155 -0.33470
0.46467 -0.16393 -0.23857
-0.32195 -0.21155 0.45300
-0.32059 0.05803 -0.08434
0.38485 -0.01336 0.19515
-0.20773 0.27392 0.21750
-0.34474 0.02546 -0.26710
0.05646 -0.00989 0.50438
0.19645 -0.17177 -0.39610
-0.23093 -0.21155 0.13394
-0.15784 -0.21155 0.46363
-0.10538 -0.19014 0.51158
0.24893 0.19658 -0.28242
-0.21868 -0.15497 0.57247
0.42134 -0.09134 0.44345
0.20056 -0.09060 -0.35106
0.23371 0.23233 -0.21614
0.05096 0.23962 -0.87212
0.33134 0.07876 0.27353
-0.15827 0.33887 -0.09435
-0.23423 -0.06866 -0.33931
-0.25258 0.16962 0.11751
0.30897 -0.21155 -0.23411
0.11798 -0.21155 -0.25732
0.46414 -0.15850 0.33439
-0.16651 0.00872 0.40047
0.21137 0.23283 -0.09554
-0.01120 0.11129 0.40538
-0.14457 -0.10940 0.55720
0.03315 0.37244 -0.00577
-0.10001 -0.09830 0.46000
-0.42695 -0.21155 0.25739
0.33020 -0.03268 0.46235
0.27245 -0.21155 0.25240
-0.18281 0.06133 -0.26588
0.09507 0.10938 0.39877
-0.20095 0.24026 -0.62034
0.00561 0.26835 -0.13634
-0.27801 0.08329 -0.41375
-0.24848 0.26547 -0.89471
-0.37206 -0.21155 -0.13965
0.17509 -0.14708 0.58468
0.12331 0.32575 0.03065
0.24441 0.26257 -0.85456
0.17056 0.28635 0.09599
-0.05537 0.30679 -0.38744
-0.25440 0.17118 0.21747
-0.07061 -0.20413 -0.41412
0.16852 0.12117 0.33590
-0.07576 -0.21155 -0.31163
-0.27966 -0.21155 0.47800
-0.40660 -0.21155 0.11666
0.29397 -0.21155 0.41200
0.06909 0.22999 0.30063
-0.00638 0.14473 0.37707
-0.08655 0.22668 -0.49542
-0.39630 -0.02591 -0.01754
0.31187 -0.21155 0.33394
0.00792 0.37480 -0.12600
-0.22038 0.22260 0.16548
-0.39447 -0.21155 -0.25228
-0.04176 0.04268 0.45635
0.22182 0.25677 -0.17083
-0.38041 -0.21155 -0.05255
0.25921 0.18043 0.06242
0.30189 -0.21155 0.08460
-0.03653 -0.06777 0.44247
-0.24807 0.21560 -0.12549
0.12054 0.11997 0.33482
-0.12884 -0.21155 0.02252
-0.13258 -0.21155 -0.35908
-0.04823 -0.21155 -0.02158
0.11883 0.28914 0.24974
0.10653 0.23050 -0.63935
0.05888 -0.05863 0.43744
-0.36520 -0.21155 -0.29647
-0.04233 0.13412 -0.21939
0.04927 0.31190 0.19637
0.13811 -0.21155 -0.39886
0.48556 -0.17229 0.15161
0.47139 -0.15623 0.22336
-0.24298 -0.00554 -0.30485
0.16525 -0.03258 -0.31821
0.17065 0.31148 -0.07914
0.37560 -0.04333 -0.11433
-0.08664 -0.02525 0.41864
0.42698 -0.21155 0.45023
0.00021 -0.21155 -0.33844
-0.43091 -0.08687 -0.16447
-0.19257 0.26571 0.11119
-0.19466 -0.18523 -0.40365
0.32541 0.04389 -0.08781
0.33785 0.02568 -0.16036
0.20386 -0.17290 0.50215
-0.01030 0.22692 -0.51055
0.19973 0.09659 0.35162
-0.23846 -0.21155 0.20417
-0.44322 -0.15901 -0.08818
-0.25627 -0.06210 0.47624
0.46764 -0.21155 0.28587
-0.35168 -0.21155 0.05297
0.18244 0.25021 -0.38177
0.34358 0.06087 -0.30234
-0.11975 -0.21155 -0.22128
0.01842 0.34681 0.14948
0.26034 -0.13050 -0.37349
0.27814 0.05912 -0.43555
-0.47323 -0.16957 -0.22840
0.16744 -0.21155 -0.03042
0.12267 -0.21155 -0.16416
-0.06353 -0.00118 -0.29945
0.31800 0.09216 0.04315
0.29645 -0.21155 -0.07063
-0.26555 -0.15102 0.55275
0.04929 0.38226 -0.07134
-0.32309 0.05137 0.06804
-0.09877 -0.21155 0.05217
-0.17819 -0.21155 -0.17291
-0.42381 -0.12369 -0.15638
0.16517 0.29092 0.01569
0.20854 -0.08398 0.52655
0.07081 0.08730 0.41990
-0.29869 0.09936 -0.15039
-0.28618 0.11676 -0.09178
-0.22916 0.19230 -0.19029
0.13013 0.26390 -0.40857
0.24698 0.14487 -0.39476
-0.05481 0.38064 -0.07571
0.07246 0.23730 -0.80085
0.14873 -0.21155 0.09780
0.43173 -0.14249 0.37183
-0.15713 -0.21155 0.10938
0.08451 0.12344 -0.22651
-0.15707 -0.09848 -0.35507
-0.42255 -0.12271 0.08930
0.41985 -0.21155 -0.32481
0.00034 0.31476 -0.08543
0.39245 -0.02520 0.09742
0.25058 0.25925 -0.79640
-0.09601 0.35047 0.00743
0.23828 -0.07749 0.44967
-0.01645 0.01924 -0.28736
0.30398 0.02326 0.39608
0.03539 0.22655 -0.49801
-0.29263 0.04118 -0.28056
0.43166 -0.08666 0.06270
-0.05510 0.39555 0.04957
-0.02946 -0.21155 0.43144
0.18931 0.05059 0.43108
-0.25487 -0.21155 -0.18682
-0.42014 -0.08074 -0.35731
-0.37396 -0.21155 -0.21621
0.07100 0.27877 0.23358
0.21602 0.23985 0.09620
-0.02654 0.27998 0.25534
0.12721 -0.21155 0.31584
0.45130 -0.17955 0.00952
-0.32022 0.05631 0.01006
-0.48206 -0.15693 0.07903
-0.10427 0.37518 -0.03135
-0.11495 0.19124 -0.18552
0.08059 0.34711 -0.16046
-0.04507 -0.21155 0.29080
0.44423 -0.16526 0.42040
-0.38043 -0.16359 -0.39203
0.15105 0.34179 0.19734
-0.10313 0.20440 0.30626
-0.16617 0.23699 -0.63566
-0.33569 -0.01848 -0.43052
0.29326 0.09665 0.00137
-0.36341 0.02698 -0.04155
-0.22945 0.21782 -0.31235
0.44929 -0.17575 -0.09461
0.28830 0.11059 0.24568
0.02630 0.13135 0.32644
0.35746 -0.01277 -0.04583
-0.38984 -0.05916 -0.27926
-0.46404 -0.19616 -0.02742
0.05563 -0.21155 -0.30603
0.28979 0.06983 -0.40100
0.31286 0.06566 0.18628
-0.13840 0.23487 -0.41865
-0.43924 -0.21155 0.05305
0.27807 0.12760 -0.12446
0.35433 0.00155 -0.30389
0.20490 -0.21155 -0.14812
-0.34631 -0.08192 0.45277
-0.14326 0.32215 -0.17896
0.03771 -0.15401 0.49119
-0.14480 -0.21155 0.37445
0.00033 -0.21155 0.09318
0.20204 -0.02189 0.41863
-0.18846 0.11988 0.33685
0.39065 -0.07122 -0.05812
0.34639 0.04910 -0.05344
0.45747 -0.19054 -0.03131
-0.26327 0.16920 -0.33790
-0.09948 0.29730 -0.34738
-0.33060 0.07857 0.11932
0.36563 0.02339 0.38511
0.41224 -0.11010 0.00210
0.09513 0.02860 0.46455
0.29294 -0.21155 -0.11333
-0.30096 -0.16371 0.55190
-0.10215 -0.08756 0.55227
0.03290 -0.00491 0.40679
-0.28808 0.16009 -0.17997
-0.10811 0.33936 0.20297
0.02446 -0.18773 0.66788
0.41693 -0.07521 0.36945
-0.41730 -0.05821 0.03244
0.42502 -0.08275 0.25945
0.23222 -0.21155 -0.29322
-0.43383 -0.21155 0.46061
0.02032 -0.01066 0.51295
0.08103 -0.21155 -0.22571
-0.01021 -0.06172 0.56083
-0.34554 -0.05620 -0.45739
0.25400 -0.18748 -0.40492
-0.33601 -0.21155 -0.40393
0.34000 -0.07449 0.48612
-0.10998 0.24693 -0.87721
-0.15424 0.30283 0.05475
-0.38540 -0.00892 0.24440
-0.27048 0.14231 -0.07040
-0.19111 -0.02327 -0.31373
0.00988 0.31502 0.21884
0.46783 -0.21155 -0.37097
0.00399 0.20629 0.28051
-0.12788 -0.03417 0.42409
-0.14212 0.33175 0.19311
0.02586 -0.20755 0.52140
-0.37687 -0.07054 0.44645
-0.08331 -0.21155 -0.17007
0.10450 0.06060 0.36975
-0.41157 -0.10059 -0.22401
-0.18786 0.22767 -0.46440
-0.28818 -0.21155 0.18344
0.11167 -0.21155 0.12567
0.41954 -0.21155 0.06026
0.40948 -0.05191 0.04115
-0.28056 -0.08484 -0.59711
0.39845 -0.08505 0.15546
0.00465 0.08337 0.35528
-0.44350 -0.21155 -0.19759
-0.09490 0.03781 0.38247
0.33048 0.04221 0.33282
-0.17972 0.29771 -0.19471
-0.23596 -0.12443 0.53912
0.26259 0.01072 0.40177
0.02150 0.24985 0.25340
-0.25873 -0.03942 -0.58430
-0.25158 -0.21155 -0.14980
0.22882 0.11065 0.34451
0.21566 0.22734 0.21445
-0.05810 -0.21155 0.12715
-0.28527 -0.21155 -0.37294
0.31892 0.02532 -0.40124
-0.41195 -0.10143 0.30666
0.07006 0.23134 -0.67957
0.49903 -0.18799 0.10641
-0.11236 0.23401 -0.68902
0.05754 0.23109 0.26533
-0.05408 0.40369 0.09162
-0.08563 0.35873 0.10081
0.08759 -0.10413 -0.35783
0.38245 -0.00985 -0.10118
0.41507 -0.14193 0.48554
-0.22834 0.23070 -0.00969
-0.00990 0.23718 0.29297
0.42171 -0.12640 -0.07433
0.25981 0.18269 -0.20882
0.46455 -0.21155 -0.17736
0.26675 0.14621 0.22755
0.13407 -0.21155 0.22293
0.23310 0.02132 -0.28973
-0.40626 -0.09250 -0.12146
-0.34827 0.01262 0.25274
0.02296 -0.21155 0.22998
0.22566 0.22531 -0.27886
-0.28027 -0.21155 0.52150
0.16750 -0.11612 0.56246
-0.01876 0.17760 0.29825
-0.08243 0.12847 0.36540
0.15671 -0.21155 0.52287
0.24467 -0.02451 0.42076
0.51045 -0.20320 -0.00408
-0.04497 -0.16251 0.63919
0.18107 0.19945 0.32128
0.04981 0.04490 0.37791
0.24982 0.19847 0.14803
0.44865 -0.21155 0.47863
-0.46868 -0.21155 0.23350
0.28124 0.12697 -0.18855
0.01513 0.19375 0.33367
-0.39698 -0.21155 0.46769
-0.33352 0.04492 -0.35482
0.16506 0.23846 -0.65254
-0.01990 0.23773 -0.90652
0.19567 0.12441 -0.22937
-0.44763 -0.21155 -0.11861
0.11607 0.35574 0.11031
0.03159 0.09985 0.41434
0.16933 0.03145 -0.28218
0.08347 -0.01446 -0.30719
-0.45181 -0.17450 0.12450
-0.29026 -0.21155 -0.30263
0.00496 0.35374 -0.03358
0.41140 -0.10580 -0.31556
0.34070 0.01965 0.25684
0.39583 -0.21155 -0.14257
-0.27666 0.13195 0.16947
-0.33297 0.04520 -0.24025
-0.26085 -0.09175 0.45757
0.11531 0.25111 -0.92115
-0.06638 0.26174 0.27357
0.27998 0.01981 0.43769
0.10074 0.33055 -0.19439
0.12671 0.18932 0.29245
-0.07866 0.22139 0.29689
0.00647 -0.21155 0.31019
-0.08251 -0.13569 -0.37566
0.14509 0.24992 -0.85118
-0.47212 -0.14373 -0.01975
0.43768 -0.09714 0.12957
-0.22760 0.24644 -0.66097
0.30662 0.08358 -0.19212
-0.09692 -0.21155 0.12504
0.34610 0.00790 0.19359
0.07026 -0.21155 0.16728
0.07782 -0.21155 0.26269
-0.25992 -0.16068 0.49552
0.38493 -0.08697 -0.35006
-0.40639 -0.16098 0.49601
-0.29758 -0.17856 -0.40015
-0.47669 -0.15635 0.17747
0.02392 0.38494 0.07079
0.10737 -0.03530 0.51378
-0.34171 0.06434 -0.11305
0.02015 0.01163 -0.29177
-0.11095 -0.17732 0.62969
-0.40370 -0.08933 0.05442
0.17832 0.26802 -0.29674
-0.42815 -0.21155 -0.26336
0.30252 -0.21155 0.00658
0.28463 0.11097 0.08310
-0.06337 -0.21155 0.34018
0.37255 -0.03667 0.26680
0.43370 -0.21155 -0.06200
0.33602 -0.21155 0.13489
0.22763 -0.15850 -0.38881
0.11802 0.23454 -0.42238
0.28568 0.11875 -0.23848
-0.12089 -0.13359 0.58706
-0.38351 -0.04989 -0.19264
0.37358 -0.21155 0.38837
-0.21019 0.24104 0.22374
0.37948 -0.04521 0.38194
0.09506 0.24979 0.28388
0.41540 -0.11305 -0.24103
0.14857 -0.21155 -0.13959
-0.05735 -0.11706 0.59417
0.02083 0.06984 -0.25793
0.42394 -0.12752 0.44166
0.13551 -0.17528 0.50331
0.08739 -0.21155 -0.01275
0.40179 -0.21155 -0.41626
-0.21681 -0.21155 -0.11649
0.08681 0.37625 0.05248
-0.33990 0.02834 -0.17363
0.19090 0.25102 -0.14962
-0.32955 0.06084 -0.27515
-0.33987 0.05756 0.39085
0.22084 0.23385 -0.48760
0.03279 0.22974 -0.61373
-0.02778 0.33974 0.15992
-0.35301 0.00171 -0.09139
-0.02533 -0.17788 0.65975
-0.24756 -0.13235 -0.37452
-0.07799 0.09223 0.35047
-0.35748 0.00291 0.40320
0.25025 0.20082 0.18249
-0.45311 -0.21155 0.30157
0.27342 -0.08834 0.45585
0.14607 0.29821 0.21773
0.10628 0.23576 -0.71875
0.19966 -0.21155 0.00654
0.15194 0.24675 0.25630
0.33256 0.07995 -0.22883
-0.16010 0.00191 0.45204
0.13267 0.25021 -0.14858
0.18381 0.27399 0.20123
0.44006 -0.11520 0.32963
-0.47580 -0.15242 -0.06444
-0.07841 0.35252 -0.04536
-0.43455 -0.14276 0.27406
-0.36924 -0.02610 -0.12860
-0.17970 0.28201 -0.03703
0.46561 -0.21155 0.11830
0.14072 -0.13051 0.58223
-0.07685 0.11251 -0.23299
-0.22644 0.25478 -0.78177
0.05589 0.40055 0.06161
0.37400 -0.17967 0.54190
-0.32081 -0.21155 -0.10742
0.42913 -0.14013 0.03990
0.31245 0.02440 0.42959
0.19501 -0.21155 -0.24692
0.11915 -0.03882 0.42678
0.35949 0.02717 0.06663
0.20702 0.23825 0.14983
0.22781 -0.21155 0.06720
0.28540 -0.21155 -0.17061
-0.28293 -0.06407 -0.57072
-0.07642 -0.02814 -0.31492
0.06930 -0.14381 -0.38008
0.25254 -0.21155 -0.34970
-0.21558 0.24189 -0.16118
-0.20458 -0.21155 -0.30041
-0.05364 -0.01991 0.41533
-0.49727 -0.18066 0.00238
-0.02683 -0.13974 0.48312
0.41349 -0.07105 -0.28733
-0.41318 -0.10554 0.15846
-0.21278 0.24888 -0.72199
-0.01130 -0.07716 -0.34241
0.39062 -0.21155 0.41898
-0.38267 -0.11453 -0.46151
-0.25047 0.17410 0.15061
-0.30257 -0.21155 -0.19255
0.10792 -0.21155 -0.07417
0.20925 0.23126 0.26965
-0.13270 0.13093 0.32835
0.41428 -0.06820 -0.20366
-0.13274 0.23216 0.26565
0.34799 0.04562 -0.01092
0.14968 -0.21155 0.05843
-0.10246 0.23739 -0.75473
-0.35639 -0.11813 0.49190
0.18627 0.00349 0.40414
0.06296 -0.21155 -0.11008
0.13947 0.22885 -0.56120
-0.41905 -0.11358 0.35947
0.31343 -0.03282 0.42674
-0.42992 -0.13535 0.14605
-0.21915 -0.21155 0.29100
-0.17278 0.23426 -0.58503
-0.24840 0.06496 -0.26581
0.42118 -0.12518 0.21725
0.23690 -0.21155 0.03018
-0.21259 0.18176 0.32227
-0.34520 -0.21155 0.28716
-0.36002 -0.21155 0.21440
0.21051 0.26188 -0.90503
-0.41581 -0.10764 0.43534
-0.43612 -0.14673 0.02159
0.34124 -0.03382 -0.32223
0.22635 -0.14766 0.56897
0.12898 0.34525 -0.12365
0.25776 0.17382 -0.32979
0.14748 -0.21155 -0.30325
0.44224 -0.16244 -0.20350
-0.36639 -0.21155 -0.02093
0.24792 0.17939 -0.14586
-0.40039 -0.03533 0.27563
0.04759 -0.08554 -0.34718
-0.41545 -0.05952 0.23218
-0.40955 -0.09603 0.39256
-0.33882 0.02540 0.14110
0.09011 0.32764 0.21151
-0.31958 -0.13592 -0.37686
0.13069 0.01253 0.39775
0.01082 -0.21155 0.13297
0.09771 -0.21155 0.33054
0.34977 -0.12775 0.51657
-0.44181 -0.15523 0.38468
-0.16310 0.25094 -0.83976
-0.24129 0.22108 0.20438
0.40620 -0.04808 -0.04068
-0.25762 0.16627 -0.11579
0.36022 -0.01838 0.11016
-0.30439 0.13488 -0.20694
0.03223 0.29874 -0.10512
0.24717 0.17365 -0.02631
-0.00751 0.31746 -0.38878
0.42637 -0.07836 0.01366
-0.15566 -0.21155 -0.33580
0.39579 -0.14644 -0.46960
-0.10404 0.30062 -0.31512
-0.19372 0.26365 0.07755
-0.18183 -0.21155 0.22536
0.29619 0.11019 -0.33797
0.32947 0.07634 -0.07161
0.36381 -0.02312 -0.38219
0.00118 -0.21155 0.01086
0.38037 -0.08844 -0.43085
-0.07378 -0.21155 0.44221
-0.38251 -0.05125 -0.06114
-0.32289 -0.21155 -0.36491
0.10362 0.30919 -0.26935
-0.01333 -0.21155 0.48740
-0.03682 0.23684 -0.86372
-0.45314 -0.21155 -0.05399
-0.44648 -0.10356 0.04193
-0.11049 0.36986 0.13829
-0.04631 0.14727 0.31686
0.03167 0.32277 -0.32501
-0.21460 0.23321 -0.09575
0.45161 -0.17960 0.24006
0.11505 0.22793 -0.53001
0.35713 -0.00846 0.27399
-0.05847 0.18797 -0.18658
-0.39247 -0.21155 0.19705
-0.20385 0.25558 -0.83336
-0.01687 0.04729 -0.27105
-0.25045 0.19569 0.30144
-0.26681 -0.16960 -0.39510
0.08688 0.24567 -0.89437
-0.03826 0.16083 0.35163
0.20315 0.24482 0.19024
0.27724 0.03881 0.38652
-0.23029 0.02036 -0.29017
-0.10033 -0.21155 0.33213
0.19972 -0.21155 -0.37709
-0.22233 0.23385 -0.49112
0.29088 -0.00579 -0.48732
-0.02839 -0.21155 -0.05621
-0.10421 -0.03188 0.50163
-0.06178 0.22560 -0.46589
-0.40444 -0.17511 0.52641
-0.18194 -0.21155 -0.03065
-0.40527 -0.12992 -0.44191
-0.38847 -0.05777 0.41919
-0.44590 -0.16302 0.32275
-0.24344 -0.21155 -0.01485
0.45243 -0.18085 -0.27275
0.41693 -0.12840 -0.37273
0.20817 0.13512 0.32956
-0.07799 0.26400 -0.13944
0.38716 -0.06579 0.08434
-0.22680 -0.21155 0.49784
0.29454 0.13203 0.16773
-0.45990 -0.18878 0.21111
-0.31798 0.07447 -0.24604
-0.25018 0.17310 0.04889
0.23200 0.21531 0.30780
0.40456 -0.21155 -0.29666
-0.45603 -0.12602 -0.11819
0.42721 -0.13538 -0.16930
0.21179 0.20723 -0.17947
-0.16303 -0.17998 0.50595
0.03230 0.37607 0.10435
-0.17546 0.24559 -0.74162
0.02607 -0.10548 0.59460
0.05981 0.39931 -0.00192
-0.06388 0.17186 0.33289
0.19721 0.27425 -0.20624
0.05812 -0.21155 -0.19704
0.36333 -0.05446 -0.33229
-0.47182 -0.21001 0.32918
-0.04914 0.21101 0.30289
0.43256 -0.09297 -0.10273
0.27547 -0.21155 0.22073
0.35341 0.04027 0.41273
-0.39581 -0.07056 -0.31318
-0.17188 0.02174 0.43020
-0.34722 0.05285 0.13831
-0.45801 -0.14319 -0.24022
-0.06533 -0.21155 0.38295
-0.46070 -0.21155 0.26996
-0.28495 0.15615 0.22251
0.43043 -0.14049 -0.27301
0.13300 -0.21155 0.02720
0.39958 -0.04074 0.34678
0.35907 -0.01014 0.31924
0.42878 -0.13803 0.28311
0.27089 0.14169 0.35687
-0.10279 0.25392 0.25150
-0.28841 0.10996 0.06622
0.27751 -0.21155 -0.02563
-0.37579 -0.03397 0.33135
-0.39764 -0.21155 -0.10760
0.15633 0.30192 -0.05052
-0.27287 -0.21155 0.12275
-0.22806 0.25043 -0.18912
0.18402 0.25184 -0.80931
0.26918 0.13681 0.04901
-0.05824 -0.21155 0.16503
0.30964 0.08427 -0.25124
0.37940 -0.05219 0.03213
0.18042 -0.21155 0.06813
0.07734 -0.21155 0.01711
-0.22716 -0.21155 -0.05637
0.34344 0.02095 -0.24494
-0.18285 -0.17302 0.60102
0.37248 0.00751 -0.17582
-0.35484 -0.12832 -0.52200
0.19524 0.27705 -0.06151
-0.32740 0.08872 -0.13226
-0.43756 -0.10780 -0.26011
-0.27326 -0.21155 -0.07246
-0.05444 0.30899 0.19988
-0.02196 0.19378 -0.18286
-0.13370 0.35210 0.15048
0.37904 -0.21155 0.27144
0.09879 0.29525 -0.35668
0.31877 0.00584 -0.42559
-0.05645 0.39194 -0.00205
-0.14347 -0.21155 -0.30068
-0.27730 0.02515 0.40560
-0.41829 -0.11461 -0.07621
-0.01832 -0.18127 0.50657
0.32305 -0.11971 0.47342
0.08267 -0.21155 0.49186
0.39088 -0.21155 -0.36392
0.01321 -0.21155 -0.06693
-0.17434 -0.09928 0.53785
0.40077 -0.08971 0.06386
0.16478 0.29095 0.05337
-0.25735 0.19063 -0.01997
-0.20723 -0.21155 -0.39299
-0.30880 0.07731 0.14593
-0.43035 -0.21155 0.42978
-0.09486 -0.18897 -0.40560
-0.44316 -0.21155 -0.32222
0.30375 0.08481 -0.14106
-0.46017 -0.18903 -0.13583
0.17015 -0.21155 0.20456
-0.20077 -0.21155 0.05940
-0.29976 0.09607 0.22165
0.19051 -0.21155 0.40073
-0.19372 -0.21155 0.43423
-0.32873 0.09180 -0.19001
0.37744 -0.21155 -0.05673
0.08859 0.37877 0.11704
-0.08758 0.05639 0.42824
-0.36762 -0.02079 0.29413
-0.38678 -0.05955 0.04744
-0.14775 0.33197 0.13175
-0.34730 0.01762 0.33090
-0.07920 0.23009 -0.62410
0.45179 -0.17940 0.35348
-0.12446 -0.21155 0.17089
0.14613 0.32119 -0.09514
-0.20179 -0.13696 0.48203
-0.09693 0.30363 0.23512
0.39990 -0.04068 0.29789
-0.13210 -0.13743 0.48207
-0.05116 0.21572 -0.16933
-0.45457 -0.17851 -0.32339
-0.39449 -0.21155 0.35363
0.38462 -0.14572 0.48766
-0.39777 -0.03234 0.38127
0.35718 -0.06356 0.44310
-0.28511 0.15973 0.33610
0.41713 -0.11641 -0.34438
0.38702 -0.01721 -0.05913
0.13937 -0.15218 -0.38499
-0.12468 -0.21155 0.25338
0.36027 -0.01860 0.02254
0.39378 -0.02802 0.16975
-0.22130 -0.21155 0.09131
-0.36144 -0.03207 -0.40240
-0.02564 -0.17115 -0.39548
0.04028 0.22851 -0.56376
0.29493 -0.21155 0.48779
0.02616 0.32544 -0.07296
0.10625 -0.09183 0.45645
-0.15128 0.10264 -0.24054
0.13875 0.34176 0.13859
-0.07422 0.38330 0.14686
0.48482 -0.19065 -0.19172
-0.45650 -0.21155 -0.36204
0.33610 -0.21155 0.22088
0.06497 0.23878 -0.83516
0.27537 0.16773 -0.13925
-0.02001 -0.00120 0.50319
-0.16635 -0.02224 0.47153
-0.41927 -0.09028 0.47388
0.07018 -0.16262 0.49613
0.09332 -0.21155 -0.17339
0.03583 0.23708 -0.15606
0.17503 -0.04082 0.50272
-0.28652 0.12018 0.24325
0.35012 -0.21155 0.43600
0.22759 -0.21155 0.10623
0.24717 -0.21155 -0.02838
0.33450 0.03325 -0.19020
-0.15348 -0.21155 -0.12957
-0.16602 0.07705 0.38263
0.26646 -0.21155 -0.39110
0.20419 -0.02513 -0.31485
-0.28585 0.15451 -0.28220
-0.46511 -0.21155 0.38678
-0.32905 0.08083 0.02956
0.38158 -0.00893 -0.13370
-0.15062 0.31301 -0.06705
0.22105 0.05561 0.37586
-0.40618 -0.08003 -0.38564
-0.44363 -0.16004 0.08352
-0.17159 -0.10516 0.46420
0.18608 0.07500 0.36366
0.36520 -0.02700 -0.01006
-0.26385 0.11094 0.34656
0.24272 0.25311 -0.72292
-0.17501 0.25707 -0.90589
-0.17416 0.29048 -0.11220
0.26774 0.18569 0.27709
-0.30830 0.11621 0.17946
0.16131 0.01816 0.39540
0.29381 0.13016 0.10714
0.33452 -0.21155 -0.25248
-0.36216 0.03435 -0.23619
-0.10073 -0.21155 -0.39176
-0.26755 -0.05774 0.43898
0.02088 0.11450 -0.23118
0.28385 0.12205 0.29134
0.06530 -0.21155 -0.25629
0.33758 -0.01699 -0.41970
0.44745 -0.17461 -0.41671
-0.18222 0.27930 0.15547
-0.13916 -0.18959 -0.40595
0.34336 -0.21155 0.29934
0.01888 -0.21155 -0.09992
-0.36082 -0.00772 -0.20709
-0.11057 -0.21155 -0.01357
-0.42759 -0.08184 0.25694
-0.07028 0.07736 0.41541
-0.42848 -0.17867 -0.40029
0.32570 0.04125 0.01944
-0.30713 0.07875 0.05247
-0.33682 0.03096 0.21065
0.18352 0.23116 -0.51579
-0.35045 0.05347 -0.19712
-0.00105 0.40509 0.08927
0.44479 -0.16741 -0.14406
-0.38570 -0.21155 0.13822
0.17529 -0.03384 0.42480
-0.15138 0.25736 0.27760
-0.43302 -0.21155 -0.39115
-0.44482 -0.10280 -0.02444
-0.27279 0.13600 0.02542
-0.28007 0.12107 -0.23601
-0.07224 -0.21155 0.03838
-0.22517 -0.10448 -0.35901
0.10692 0.37927 0.16155
-0.01702 -0.21155 -0.09490
-0.04325 0.23416 -0.80631
-0.09004 -0.21155 0.40352
-0.17996 0.15193 -0.21256
0.36288 -0.02191 0.17688
0.04175 -0.18558 0.50901
0.40003 -0.04223 -0.20029
0.27508 0.12856 -0.04644
0.26766 -0.05357 0.43727
-0.30032 -0.01151 -0.30954
-0.29713 -0.11982 0.47321
-0.33691 -0.09441 0.47736
0.31719 0.05594 0.06757
0.07430 -0.21155 0.36865
0.39533 -0.21155 0.36345
-0.23853 -0.21155 0.40384
-0.32024 0.10107 0.24865
-0.02685 -0.21155 -0.25043
0.46271 -0.19981 -0.13491
-0.07921 -0.21155 -0.13504
-0.07243 -0.21155 -0.10109
-0.10618 -0.06642 0.53191
0.33055 0.03688 -0.12019
-0.18843 0.22574 -0.40108
0.06229 -0.13793 0.61209
0.32804 -0.21155 0.35874
-0.38957 -0.06236 0.21810
0.12853 0.32987 0.21480
0.14461 -0.21155 0.29164
-0.03077 0.30934 -0.41386
0.28492 -0.03610 -0.53119
-0.44574 -0.21155 0.09537
0.16370 0.29317 -0.11783
-0.22985 0.20603 0.10497
0.15415 0.17007 -0.20013
-0.34275 -0.15360 -0.38656
0.07498 -0.17251 0.63784
0.31341 -0.21155 0.20188
-0.34447 -0.04759 0.43491
0.32690 0.09388 0.36537
-0.01528 -0.12734 -0.37075
0.33488 0.02673 0.16654
0.42866 -0.13899 -0.02796
0.17860 -0.18601 0.50944
0.05472 0.16003 0.36031
0.31186 0.10172 0.08901
0.32785 0.05039 0.36268
0.28009 0.16754 -0.22911
0.01007 -0.21155 0.40232
-0.34004 0.07074 0.30458
0.10324 -0.21155 0.09687
0.40973 -0.10255 0.33432
0.25519 -0.20102 0.51788
0.21469 0.24160 0.03291
-0.40867 -0.05181 -0.25813
0.45826 -0.21155 0.44072
0.41558 -0.06464 0.23854
-0.32071 0.06036 -0.13437
0.14737 0.24049 -0.71295
0.34629 0.01236 0.30571
-0.41216 -0.05776 0.32412
-0.00684 0.35678 0.17100
-0.06198 -0.20187 0.66860
-0.32570 0.08896 0.20203
0.09999 0.27859 -0.41575
0.14331 0.29029 -0.27759
0.27454 0.16650 0.20816
0.43586 -0.10015 0.23875
0.26475 -0.11405 -0.64875
0.43163 -0.21155 0.14445
0.20334 0.26689 0.25774
0.22047 0.16050 0.31496
0.04294 0.33883 0.16280
0.39913 -0.08391 0.29207
0.09541 0.13219 0.32701
-0.43272 -0.13850 0.44590
0.37695 -0.00057 0.04017
-0.29574 -0.21155 0.25435
-0.28060 0.03869 -0.46095
-0.27696 -0.21155 0.02683
-0.28566 0.12022 -0.13330
-0.25952 0.02500 -0.28829
0.14700 -0.08601 0.45345
-0.20192 0.10835 -0.23937
0.35253 0.03831 0.10325
0.35351 0.00404 0.40297
0.38054 -0.21155 0.04475
0.00915 -0.18732 -0.40460
0.09277 0.22990 -0.61395
-0.01986 0.41214 0.02677
0.24309 0.18234 -0.09354
-0.09822 -0.21155 -0.24831
0.22991 -0.03635 -0.32152
-0.09948 0.12906 0.32877
-0.13531 0.28569 -0.32706
0.33381 -0.16694 -0.39385
0.17892 0.25912 -0.92206
0.45346 -0.18328 -0.06710
-0.12831 -0.21155 0.10971
-0.14510 0.22837 -0.54315
-0.11546 0.33614 0.09569
0.14388 -0.21155 0.12615
0.03144 0.02574 0.38897
0.27073 -0.13493 0.48155
0.03826 -0.21155 -0.22053
0.12693 0.23972 -0.73832
0.38200 -0.21155 -0.25430
-0.24057 0.17882 -0.37496
0.22118 0.00073 0.40636
-0.39183 -0.06567 -0.16984
0.34168 0.02283 0.35185
-0.02135 0.39872 0.10966
0.43191 -0.14459 0.18890
-0.28843 -0.15768 0.49396
-0.15751 0.01477 -0.29170
-0.24700 0.18789 0.32194
0.46692 -0.20735 0.14665
-0.14802 0.25192 -0.88060
-0.45424 -0.21155 0.49264
-0.05475 -0.21155 -0.21060
-0.28442 -0.03409 -0.53557
0.04305 -0.08459 0.45202
0.41572 -0.21155 -0.21795
-0.27681 0.11883 -0.37341
0.00494 -0.21155 -0.16970
0.19726 -0.08373 0.45265
-0.27089 -0.21155 0.09394
0.08280 0.03640 0.38344
0.07233 0.15344 0.31374
0.42887 -0.13962 0.10648
0.00071 -0.21155 0.25266
-0.29954 0.05721 -0.40445
0.18705 0.23738 -0.59799
-0.42031 -0.12088 0.47399
0.15933 0.15681 0.35458
-0.24574 0.01766 0.40837
0.01881 -0.13538 0.48067
-0.33801 0.02563 0.04259
-0.11922 0.31794 0.22450
0.15802 0.31008 0.07851
0.04605 -0.01250 -0.30572
0.30988 -0.21155 -0.13627
-0.36770 -0.01862 -0.25107
-0.11238 0.01828 0.45384
0.29955 -0.21155 0.35968
-0.34695 -0.21155 -0.11876
-0.37451 -0.03669 0.16954
0.22640 0.26202 -0.87883
