-0.03662 0.05670 -0.47512
0.14882 0.77757 0.18909
0.29615 -0.16765 0.05467
-0.38383 0.19626 -0.19047
-0.25669 -0.62412 0.00279
-0.07225 0.16103 0.32527
0.20889 -0.51563 -0.34994
-0.26590 -0.20292 -0.32812
-0.20414 0.72708 0.27613
0.40550 0.19907 -0.12231
0.15272 -0.62412 0.18858
-0.18719 -0.07135 0.05957
-0.18969 0.32963 0.18320
0.15392 -0.01992 0.17635
0.29615 -0.12136 -0.33323
-0.14776 -0.33593 0.21210
0.19421 0.38116 0.22900
0.29615 -0.53427 -0.07969
-0.16784 -0.61565 -0.34994
0.09780 0.18485 -0.33514
-0.00458 0.05392 -0.35811
-0.26590 -0.31601 -0.01875
-0.09941 0.67534 0.19397
0.33661 0.06592 0.15801
-0.02713 0.47276 0.33065
-0.32997 0.12696 0.15607
0.01115 -0.21799 -0.34994
-0.00228 0.94140 0.33204
0.07943 -0.07135 -0.14483
-0.26590 -0.33017 -0.10293
0.16126 -0.29165 0.21210
-0.26476 -0.03243 -0.22474
0.34303 -0.07135 -0.11811
0.06117 -0.62412 -0.14847
-0.09441 0.03265 0.22141
0.07968 0.66677 0.32487
-0.21988 0.19907 -0.37138
-0.05001 -0.59693 0.21210
0.09418 0.02450 0.32278
-0.27511 0.46076 0.22304
0.23537 0.19532 0.08705
0.25382 0.06563 -0.17759
0.29615 -0.33253 -0.21040
-0.22646 0.94140 0.18277
-0.40009 -0.03830 -0.04562
0.23083 0.13338 -0.40806
-0.30347 0.10470 0.01189
0.00199 0.52106 0.20607
0.00377 0.93201 0.20628
0.13973 -0.40672 -0.34994
0.11157 -0.07135 -0.41526
0.29615 -0.46293 0.17014
0.28292 -0.62412 -0.23399
-0.21667 -0.01604 -0.28144
0.14934 0.28467 0.30498
-0.19093 -0.03463 0.28455
0.02363 0.20425 0.20865
-0.27425 0.00222 -0.36773
-0.20348 0.86016 0.18155
0.03295 0.19633 -0.47632
-0.17491 -0.44597 -0.34994
-0.26590 -0.51384 0.05913
0.02112 -0.47512 0.21210
-0.04673 -0.62412 0.04966
0.35875 0.04533 -0.27192
-0.26590 -0.57746 0.21140
-0.17234 0.12180 0.18734
0.40867 0.04356 -0.04934
-0.23591 -0.13192 0.21210
-0.39083 0.11110 0.01866
-0.26590 -0.56075 -0.21048
0.02714 -0.62412 -0.20548
-0.26590 -0.14606 -0.19825
0.03346 -0.07135 0.05938
-0.03123 -0.16781 0.21210
0.29615 -0.34978 -0.00937
-0.31386 0.04725 -0.04414
0.19561 0.94140 0.26099
0.27421 0.06942 -0.02599
0.29615 -0.41222 -0.25238
-0.12287 -0.07135 -0.15452
0.27809 -0.12293 0.21210
-0.21973 0.27550 0.17961
-0.27911 0.66513 0.20851
-0.38008 0.00509 -0.19983
-0.26590 -0.32305 -0.19551
0.02398 0.88665 0.33289
0.12887 0.54175 0.31375
-0.26590 -0.11056 0.01121
-0.18284 0.32527 0.28779
0.21343 -0.62412 0.00849
-0.16759 -0.62412 -0.16140
0.23219 0.17721 0.26242
0.02692 -0.54934 -0.34994
-0.26590 -0.34040 0.15284
-0.03146 0.58811 0.33013
0.00305 0.02333 0.33425
-0.09737 -0.11630 -0.34994
0.17726 0.60333 0.22698
0.27589 0.19907 -0.26744
-0.01973 -0.35044 0.21210
0.34056 -0.06628 0.15274
0.22512 -0.07135 -0.00854
-0.27919 0.71473 0.20924
0.24716 0.75775 0.26465
-0.16210 0.50626 0.18649
-0.13600 0.85238 0.30653
-0.26590 -0.46444 -0.11430
0.29615 -0.16557 -0.24394
-0.23487 -0.46825 -0.34994
0.29615 -0.17209 -0.08129
0.04505 0.35952 0.21121
-0.35325 -0.04388 0.11895
0.11793 -0.12531 0.21210
0.39630 0.18144 0.03591
-0.10463 -0.45555 0.21210
0.18436 -0.03450 -0.28009
-0.26590 -0.57888 0.15464
-0.14514 -0.11982 -0.34994
-0.16330 0.11163 -0.44055
0.28131 -0.62412 0.15395
0.05564 -0.62412 0.17676
-0.08549 0.19907 -0.35472
0.14811 -0.46758 0.21210
-0.01901 0.32015 0.33162
-0.15609 0.54932 0.29849
-0.00275 -0.40844 -0.34994
0.29615 -0.29634 0.14271
0.38808 -0.05068 -0.20347
0.03539 0.71357 0.21005
-0.10965 -0.29963 -0.34994
-0.13138 -0.07135 0.13920
0.17276 -0.24827 -0.34994
0.06156 -0.13004 -0.34994
0.23734 -0.00266 0.25837
0.14827 0.06918 -0.30674
-0.27559 0.13230 -0.20898
-0.06243 0.37764 0.19838
-0.33115 0.13118 -0.29891
0.33687 0.10208 -0.30376
-0.12511 -0.07135 -0.44615
0.12037 0.03526 -0.46161
0.02830 -0.07135 -0.27976
-0.24535 -0.00897 0.12336
-0.12424 0.94140 0.24226
-0.34031 -0.07135 -0.09357
0.02508 0.04488 0.22753
-0.19457 -0.02654 0.22934
0.14429 0.17231 0.18458
-0.01178 -0.06985 -0.47870
0.29615 -0.61927 -0.34366
0.03140 -0.07135 0.27241
0.08983 0.17017 0.32341
-0.26335 0.40943 0.17441
0.34986 -0.07135 -0.04095
-0.09172 0.16179 0.22236
-0.30126 0.19907 0.10549
0.13316 0.81634 0.31191
-0.40139 0.14254 -0.08345
-0.32230 -0.07135 -0.26286
0.13436 0.40258 0.31140
0.13792 -0.62412 -0.29851
0.26719 -0.01788 -0.38085
0.29615 -0.55313 -0.22244
-0.16131 -0.62412 0.10113
0.23684 -0.07135 -0.16949
0.28422 -0.25003 -0.34994
0.28016 0.19907 -0.08157
-0.05470 0.73187 0.32736
0.16835 0.10137 0.16403
-0.20972 0.08198 0.27196
-0.25757 0.85109 0.23616
-0.05609 -0.07135 -0.03322
-0.23511 -0.43365 0.21210
0.29615 -0.44618 -0.11965
0.32703 0.19907 0.14130
0.29615 -0.22329 -0.07126
0.14240 0.89240 0.22282
0.40644 0.15634 -0.11651
0.15590 -0.07135 0.05607
-0.15395 0.09101 -0.32524
-0.26590 -0.35332 -0.34717
0.13628 0.69748 0.31058
-0.25231 -0.24781 0.21210
-0.26590 -0.20222 -0.08609
0.25207 -0.62412 -0.12818
-0.31258 0.19514 -0.07446
0.10882 0.11811 0.26554
-0.27158 0.19397 0.22015
0.29615 -0.30634 -0.34761
-0.32937 -0.07135 0.09563
0.24059 0.06920 0.07946
0.38938 -0.04335 0.05320
0.08627 -0.62412 0.02747
0.04499 0.17874 -0.35383
-0.09384 -0.07135 0.11773
-0.26590 -0.20939 0.06772
-0.04370 -0.62412 -0.10338
-0.26590 -0.41997 -0.23189
-0.21775 0.13875 -0.28051
-0.27770 0.54154 0.22110
0.04042 0.87569 0.21065
-0.29288 -0.00155 0.20320
-0.03100 -0.62412 -0.29528
0.14015 0.50165 0.22255
0.04858 0.59670 0.32935
-0.38040 0.13073 0.05559
-0.09501 -0.50571 -0.34994
0.21576 0.14199 -0.24335
0.10135 0.79589 0.26424
0.29615 -0.51428 0.04954
-0.06805 -0.07135 0.29466
-0.21039 0.58732 0.18073
0.15870 -0.62412 -0.08868
-0.36815 -0.07135 -0.18802
0.13161 0.27988 0.22153
0.29615 -0.33678 0.11664
-0.26590 -0.56848 -0.33319
0.23617 -0.07135 -0.39512
0.29615 -0.48634 -0.34793
0.27134 0.11777 0.00065
-0.39404 -0.00704 -0.00360
0.26038 -0.38432 0.21210
0.10154 0.08543 -0.46814
-0.18489 -0.07135 -0.05669
-0.08927 0.84604 0.19518
0.19716 0.28400 0.22936
-0.14245 0.43531 0.30394
0.23443 -0.02990 0.08843
-0.16674 -0.59028 0.21210
-0.26590 -0.39583 -0.01215
0.01150 0.76588 0.33469
0.21934 0.19907 -0.35722
-0.18326 -0.07135 0.24897
-0.34748 0.19907 -0.25922
-0.17854 -0.07135 -0.24038
-0.08338 0.27534 0.19588
-0.05688 -0.04679 -0.35609
0.23177 -0.55357 0.21210
0.20986 0.79044 0.18909
0.10959 -0.62412 0.06777
0.15291 -0.19487 0.21210
0.27189 -0.03619 -0.11464
0.26529 -0.41523 -0.34994
0.14745 -0.07135 -0.22226
0.13634 0.19907 -0.43763
-0.15846 -0.21553 0.21210
0.12759 -0.05193 0.31430
-0.18292 0.75329 0.18401
0.29615 -0.13801 0.12593
-0.05614 -0.62412 -0.17631
0.06677 -0.07135 0.16630
-0.14108 -0.62412 -0.03530
0.26157 -0.06236 0.23931
-0.26371 0.09719 0.10187
0.07325 -0.31571 -0.34994
0.38463 0.14307 -0.21152
0.38863 0.09136 0.05508
-0.21268 -0.21761 -0.34994
-0.19399 -0.06382 -0.42739
0.25764 -0.24325 0.21210
0.29615 -0.13244 -0.14661
-0.03845 0.73975 0.20124
-0.06090 0.16615 -0.47163
-0.39722 0.04448 -0.11839
-0.26590 -0.59256 -0.10615
-0.30536 0.10304 -0.13460
-0.10646 -0.11275 0.21210
-0.26590 -0.24409 -0.21560
0.07426 0.64229 0.21469
-0.02789 -0.34822 -0.34994
-0.06755 -0.07135 -0.22211
0.01348 -0.07135 0.18217
0.21143 -0.03464 -0.24842
0.03334 -0.48640 -0.34994
-0.09327 0.19907 -0.46189
0.10827 0.94140 0.31945
0.05274 -0.24160 0.21210
0.30577 0.19907 0.02133
0.21965 -0.62412 0.10046
-0.00674 -0.07135 -0.13320
0.19849 0.71325 0.22951
-0.26590 -0.40522 0.05013
0.09208 -0.07135 -0.03035
-0.14794 0.19907 -0.35766
-0.07374 0.94140 0.32007
0.20234 -0.62412 -0.30634
0.27400 0.11976 0.22953
-0.13226 0.65732 0.30802
-0.26225 -0.07135 0.15233
0.21452 0.50893 0.26105
-0.28698 -0.07135 -0.32233
-0.23573 -0.07135 -0.14756
-0.02888 0.11806 0.33044
0.29615 -0.62118 -0.02977
0.29615 -0.34280 -0.11562
-0.13568 0.22968 0.30665
0.29615 -0.24559 -0.14934
0.16492 0.44136 0.29830
0.12430 -0.51465 -0.34994
0.03674 0.35696 0.33105
-0.35919 0.19907 -0.01807
-0.26467 0.05301 -0.22487
0.29615 -0.11196 0.00370
-0.08937 0.47300 0.19517
0.03759 -0.04222 -0.35480
-0.05195 -0.03021 -0.47292
-0.26590 -0.51143 -0.18826
0.03411 -0.06970 0.33143
0.27112 0.12826 -0.11875
0.13805 -0.62412 -0.19368
-0.14482 -0.62412 -0.27402
-0.13312 -0.03904 0.20771
-0.09734 0.01391 0.32199
0.02958 -0.14157 0.21210
-0.04848 -0.00961 0.22904
0.29615 -0.26181 0.02127
-0.26590 -0.28570 -0.10635
0.32290 0.19907 -0.18472
-0.19962 0.40248 0.27952
-0.32685 -0.07135 -0.04270
0.07012 0.44005 0.32625
0.06015 -0.00044 -0.47308
-0.20284 0.91934 0.27711
0.17860 -0.15394 -0.34994
0.06915 -0.37447 0.21210
-0.03041 -0.19385 -0.34994
0.18326 0.15718 0.29044
0.16793 0.19907 -0.29386
-0.27236 0.11456 -0.36922
0.40779 -0.02313 -0.10715
0.23860 -0.42437 0.21210
-0.26824 0.11346 0.22818
-0.28869 0.00854 0.05266
0.00176 -0.55937 0.21210
0.10507 -0.23003 -0.34994
-0.37418 0.10362 -0.21458
0.05805 -0.62412 -0.31893
-0.25848 0.30003 0.23548
0.04332 0.25707 0.33011
0.00857 0.21426 0.33491
0.29615 -0.57806 -0.02079
0.27302 -0.07135 -0.25825
0.18364 0.61345 0.29028
-0.00795 0.14403 0.25161
0.29615 -0.41612 0.01939
-0.26590 -0.33023 0.09433
0.18871 -0.07135 -0.15483
-0.26590 -0.13677 -0.28486
-0.09466 -0.07135 -0.28828
0.11549 -0.53763 0.21210
-0.26590 -0.51352 -0.25915
-0.01240 -0.43735 0.21210
0.06960 -0.00035 0.21927
-0.08649 -0.29339 0.21210
0.09302 0.12668 0.20929
0.15507 0.04082 0.27106
-0.28825 0.19907 -0.30973
-0.36180 0.04642 0.09901
-0.30896 0.00338 -0.12044
0.04176 0.26450 0.21081
0.40189 0.06370 -0.14809
0.37798 0.02539 0.08170
0.38353 0.19907 -0.04083
-0.08688 -0.49969 0.21210
-0.21913 -0.62412 0.09533
-0.21856 0.49548 0.17975
-0.26590 -0.11646 -0.09761
0.24951 0.18109 -0.18663
-0.21635 -0.07135 -0.32745
-0.10548 -0.62412 0.11307
-0.06160 0.84247 0.32654
0.21415 0.86579 0.26415
0.07267 -0.62412 -0.27510
0.11341 -0.07135 -0.30632
-0.06345 0.08721 0.32632
-0.40282 0.07438 -0.07147
-0.04445 0.60472 0.20053
0.33768 -0.02992 -0.30274
0.01442 -0.07135 -0.40260
-0.20611 0.61206 0.27466
0.03685 -0.62412 0.09493
0.19038 -0.02594 -0.43360
-0.00534 -0.62412 -0.02945
0.29615 -0.55859 -0.27640
-0.15486 0.19907 0.21728
0.40623 0.11554 -0.02888
0.22161 -0.35582 -0.34994
-0.07946 0.51301 0.32441
-0.20517 0.66073 0.18135
-0.35328 0.04057 -0.26683
0.29615 -0.18999 -0.03564
-0.17263 0.42053 0.18523
0.21652 -0.07135 0.16633
0.27488 -0.02042 -0.03452
-0.09936 -0.40630 -0.34994
0.25252 -0.07135 0.12414
-0.14550 0.23172 0.18847
0.29615 -0.56791 0.09592
-0.18157 0.01924 -0.43271
-0.21371 -0.35455 -0.34994
0.20869 0.33329 0.27954
-0.15007 0.05054 0.20171
-0.13551 0.76264 0.30672
-0.22130 0.19021 0.15151
-0.26638 0.80192 0.17405
0.28532 0.07508 -0.36729
-0.19751 0.21421 0.28110
0.09567 0.00184 -0.33590
0.22256 0.08384 0.27000
0.29615 -0.23837 -0.22434
0.08598 -0.62412 -0.06483
0.29615 -0.49206 -0.26953
-0.10228 0.60854 0.32001
0.09799 0.19907 0.25696
0.10135 0.74935 0.21575
0.02156 -0.07135 -0.07893
-0.09335 0.00165 -0.34932
0.29930 0.02919 0.20789
0.29769 0.14662 -0.35357
0.10545 -0.07135 0.11041
-0.26590 -0.25768 -0.29945
-0.26590 -0.49121 -0.02994
-0.09216 0.30281 0.32289
0.21070 0.05424 -0.24927
0.15824 -0.32138 -0.34994
-0.15354 -0.24429 -0.34994
0.26071 0.01527 0.03069
0.08422 0.46544 0.21588
0.04761 0.57048 0.21151
0.10753 -0.03315 0.26538
-0.26590 -0.56531 -0.03052
0.20997 -0.62412 -0.16073
-0.22068 0.04866 -0.27801
-0.17221 0.17368 0.23201
-0.36106 -0.07135 0.02588
0.15412 -0.37445 0.21210
0.29615 -0.54631 0.15561
-0.07045 0.11393 -0.35358
-0.05230 -0.58167 -0.34994
-0.00771 0.66823 0.33297
0.29615 -0.48210 -0.19971
-0.26590 -0.18968 -0.27640
-0.26590 -0.11374 0.08617
0.29615 -0.10822 0.17291
-0.13619 0.11842 0.30645
0.19809 -0.07135 0.24075
-0.06764 0.40176 0.32582
-0.18999 -0.44443 0.21210
-0.26590 -0.49495 0.17657
0.16634 -0.07135 -0.34097
0.25419 0.19907 0.17771
-0.04341 -0.07135 0.06130
0.17151 -0.07135 -0.07386
-0.21680 0.10231 -0.41293
0.13849 0.67962 0.22235
0.16316 0.32973 0.29905
0.36083 0.19802 -0.26705
0.40434 -0.03980 -0.01300
0.21921 0.06305 -0.41675
-0.02697 0.19907 -0.41377
-0.05737 -0.09132 0.21210
-0.26590 -0.17226 0.13877
-0.23483 -0.13635 -0.34994
0.06836 0.80678 0.21399
-0.26590 -0.41148 -0.15046
0.16531 -0.60106 -0.34994
-0.11163 0.09039 -0.46269
0.29615 -0.43079 0.11330
-0.20405 -0.52032 0.21210
-0.39808 0.18104 -0.11122
-0.15330 -0.04613 -0.32555
-0.19926 -0.62412 -0.08384
-0.03910 0.82005 0.20116
-0.30563 0.16631 0.00022
-0.12583 0.60668 0.19082
0.05570 0.14173 -0.47361
-0.19582 0.03314 0.17121
-0.26590 -0.12993 -0.03285
-0.12003 -0.07135 -0.00079
-0.21829 -0.33375 0.21210
0.26837 0.76022 0.19674
0.31587 -0.07135 -0.17849
-0.23831 -0.06534 0.25057
0.18167 0.03806 0.15264
0.29615 -0.21495 0.16372
-0.32501 0.19907 -0.16007
-0.26590 -0.42754 -0.29476
0.29615 -0.09256 -0.06171
0.07912 0.06897 -0.34175
-0.15983 0.15555 0.29699
-0.20347 0.06115 0.22828
0.28980 -0.62412 0.05425
0.30126 0.15390 0.20527
-0.06598 -0.62412 -0.02594
0.25121 -0.62412 -0.30851
0.27645 -0.62412 0.21187
0.00966 0.10937 0.25371
-0.04586 0.07978 0.24708
0.19375 0.77282 0.28595
-0.01202 0.43774 0.20440
-0.18726 -0.62412 -0.03797
0.24564 -0.55817 -0.34994
-0.36790 0.18396 0.08477
0.11175 0.09824 0.32025
0.07211 0.85189 0.32596
-0.25401 0.78302 0.23883
-0.22414 0.03370 0.26117
0.07181 0.50317 0.32600
0.27352 0.06446 -0.10585
-0.09250 -0.07135 -0.08675
0.09755 -0.05303 -0.46862
0.20614 -0.62412 -0.23613
-0.06191 0.24616 0.32650
0.06710 -0.07631 0.21210
-0.26590 -0.26472 0.12436
0.29615 -0.37308 -0.29994
-0.39632 -0.04705 -0.12595
0.11947 0.35751 0.22009
0.28207 -0.32737 0.21210
-0.21196 0.53436 0.27029
-0.26590 -0.46520 0.12038
0.32617 0.19907 0.08846
-0.22375 0.18954 0.22586
0.29615 -0.08090 0.07334
0.29615 -0.42335 -0.04588
0.14270 -0.07135 0.18350
-0.06320 -0.37904 0.21210
-0.31319 0.10546 -0.06666
-0.26661 -0.07135 0.05859
0.13220 0.83934 0.22160
-0.03366 -0.00487 -0.36039
0.29615 -0.29602 -0.26499
-0.06761 0.92171 0.19776
0.05120 0.94140 0.27047
0.27013 -0.07135 -0.32959
0.13456 -0.13867 -0.34994
-0.20762 -0.07135 0.16155
0.10433 0.33767 0.32132
0.24280 -0.19425 -0.34994
-0.33671 0.02311 0.14749
-0.16730 -0.62412 0.02711
0.17358 0.86123 0.29459
-0.20684 -0.62412 0.16010
0.23164 -0.62412 -0.05884
0.29615 -0.22798 0.08850
-0.16242 0.01521 -0.32120
-0.27522 0.87619 0.17592
0.14076 0.22290 0.22263
-0.26590 -0.24774 0.01306
-0.20872 0.35422 0.27271
-0.05049 0.20075 0.19981
0.29615 -0.22269 -0.30641
0.00225 0.10973 -0.47998
-0.11116 0.77234 0.19257
-0.00099 0.61500 0.20571
-0.08164 -0.16218 0.21210
-0.24675 0.37918 0.24426
0.03486 -0.07135 -0.20188
-0.31026 0.19907 0.15206
-0.14529 0.04547 0.30281
-0.29603 -0.04756 -0.16096
0.19351 0.26499 0.28605
0.21030 -0.14983 0.21210
-0.16801 -0.51908 -0.34994
0.21414 0.43706 0.26424
0.09029 -0.07135 0.03475
0.36352 0.14416 0.11786
-0.01317 -0.62412 0.17603
0.13823 0.77139 0.30974
-0.30712 -0.01664 -0.00782
-0.38080 0.01346 0.05465
-0.28334 -0.06951 0.21533
-0.04606 -0.07135 -0.40273
-0.16430 -0.11493 0.21210
0.03551 -0.62412 -0.10627
0.10192 0.06026 0.20504
-0.12325 0.35306 0.19112
0.29615 -0.41087 -0.17957
-0.15926 0.17700 -0.44228
0.16984 0.19907 -0.39304
-0.03033 -0.13451 -0.34994
0.23616 0.13284 0.08591
0.14816 -0.62412 -0.02156
0.29615 -0.55915 -0.15156
0.16406 -0.07135 -0.38167
0.13047 0.20557 0.31306
-0.30454 0.15953 0.18839
0.32620 0.19907 -0.11319
0.04583 -0.36085 -0.34994
-0.02914 -0.48802 -0.34994
0.17823 0.43147 0.22710
0.20084 0.68874 0.28291
-0.20248 0.83750 0.27738
-0.27613 0.34230 0.18354
-0.24540 -0.07135 -0.26528
-0.20620 -0.20012 0.21210
0.19358 0.19907 0.24473
0.17590 0.12743 -0.43940
-0.23718 -0.07135 0.00237
0.38980 0.01945 -0.19946
-0.11469 -0.62412 -0.11188
-0.00352 -0.07135 0.00087
0.34279 -0.07135 0.09022
-0.23502 -0.62412 -0.14574
-0.31304 0.05194 -0.32311
-0.26590 -0.17424 0.19153
0.21656 -0.44825 -0.34994
-0.36471 -0.02330 -0.23827
-0.00734 0.15963 -0.35833
-0.15037 0.10661 0.23461
-0.12762 -0.62412 0.18792
-0.28958 0.19907 -0.22674
-0.14236 0.82694 0.18884
0.30789 -0.03860 0.19640
-0.26590 -0.57448 0.04981
-0.01619 0.29292 0.20390
0.10816 -0.57957 -0.34994
-0.31926 0.19907 0.03913
-0.13623 0.30983 0.30643
0.29615 -0.30995 -0.05836
0.29615 -0.48873 -0.08697
0.26521 0.01108 -0.15062
0.16027 0.13555 -0.29849
-0.08989 -0.03498 0.22301
0.22859 -0.28595 -0.34994
-0.25134 0.65234 0.24082
-0.14031 -0.07135 -0.39970
-0.12991 0.15330 -0.33671
0.05588 0.10649 -0.34997
-0.23059 0.03725 -0.40208
-0.20090 -0.57224 -0.34994
-0.22599 0.49184 0.25979
-0.23290 0.10815 0.13793
-0.27592 0.58656 0.18182
-0.24949 0.18490 -0.24698
-0.08803 0.19907 0.20226
0.05172 -0.02259 0.32890
-0.26590 -0.46228 0.01482
0.26459 0.18532 -0.15395
-0.26590 -0.38361 -0.08396
-0.20634 -0.62412 -0.21751
0.06467 0.19907 -0.40932
0.06906 0.72693 0.32640
-0.26432 -0.62412 0.19196
-0.26590 -0.31322 -0.30076
0.22998 -0.30451 0.21210
-0.25849 -0.62412 -0.22361
0.06828 -0.26559 -0.34994
-0.27616 0.23422 0.18381
-0.26590 -0.17918 -0.14565
0.35706 0.13707 -0.27587
-0.22030 -0.62412 -0.31708
-0.33024 -0.03336 -0.30012
-0.26590 -0.40727 0.15978
0.21611 0.63320 0.24769
-0.01344 0.51714 0.33228
-0.28977 0.05395 0.05041
-0.15049 -0.07135 0.29678
-0.04499 -0.24208 0.21210
0.03897 -0.31789 0.21210
0.20766 0.14820 0.12739
-0.26590 -0.25998 -0.16977
-0.04268 -0.02556 0.32879
-0.19157 0.16938 -0.30288
0.00897 -0.29343 -0.34994
0.26604 -0.51075 0.21210
0.04053 0.15793 0.33051
-0.34715 -0.07135 -0.14249
-0.00744 -0.07135 -0.34002
0.32281 -0.07135 0.02047
0.29615 -0.48041 -0.00421
0.08466 0.02827 0.26266
-0.06670 -0.24473 -0.34994
-0.10625 -0.62412 -0.21951
0.16538 0.76315 0.26465
-0.09379 -0.62412 -0.31856
-0.07135 0.67889 0.32537
0.22784 0.18632 -0.41029
-0.23952 -0.41077 -0.34994
-0.16047 -0.18068 -0.34994
0.05592 -0.07135 -0.42077
0.39985 0.03972 0.02461
-0.19482 -0.25946 0.21210
-0.02964 -0.07135 0.12739
-0.26590 -0.52958 -0.12687
-0.27276 0.16374 0.08603
-0.15204 0.89807 0.30011
0.34024 -0.07135 -0.26034
0.21162 -0.61283 0.21210
0.06618 0.93581 0.21373
-0.10688 -0.56431 0.21210
0.17298 0.50029 0.29485
0.29615 -0.61073 -0.08893
-0.11788 -0.39468 0.21210
0.29615 -0.39990 0.16674
-0.02442 -0.07135 0.29147
0.20710 -0.09738 -0.34994
0.10802 -0.24528 0.21210
0.08185 -0.56550 0.21210
0.08675 0.61924 0.32385
0.08807 0.23063 0.21634
-0.26590 -0.62155 -0.06552
-0.30096 0.06977 0.19293
-0.13746 -0.07135 -0.21366
0.00376 0.77452 0.20628
0.29615 -0.30107 0.08572
0.16619 -0.62412 0.13534
-0.12113 -0.00919 -0.45862
-0.26590 -0.18575 0.00883
-0.26434 0.93606 0.23110
0.18565 -0.03982 0.28942
0.14073 -0.62412 -0.13484
0.04578 0.12766 0.25802
-0.18576 0.94140 0.22162
0.22525 -0.07135 0.04455
-0.24918 -0.07135 -0.05946
-0.09161 0.55267 0.19490
-0.11805 0.36669 0.31371
0.19754 0.19907 0.19090
-0.29444 -0.07135 -0.22777
0.17636 -0.07135 0.00055
0.14295 0.56345 0.22289
-0.21601 0.15133 0.22678
0.08214 0.31594 0.21563
0.22935 0.79982 0.23951
-0.26590 -0.43603 -0.05048
0.29615 -0.45077 0.05562
-0.11599 -0.46780 -0.34994
-0.39282 0.05065 0.00482
-0.20534 0.78697 0.27524
-0.03854 0.90415 0.32929
-0.03489 -0.07135 -0.26469
-0.17045 0.19907 -0.40380
-0.17750 -0.31084 -0.34994
-0.26590 -0.36307 -0.24079
0.30119 0.02398 -0.34911
-0.10176 0.06440 -0.34776
0.03521 0.05696 -0.47605
0.02444 -0.62412 0.02301
-0.26590 -0.58666 -0.26766
-0.19879 -0.01151 0.16917
0.06116 0.74525 0.21313
-0.24488 -0.25567 -0.34994
-0.26175 0.17066 -0.37757
-0.01463 0.18390 0.25081
0.24009 0.00493 -0.20636
-0.15270 0.56744 0.18761
-0.26590 -0.27078 0.07086
-0.24786 -0.07135 -0.37474
0.36593 -0.01503 0.11182
-0.39868 0.17217 -0.03585
0.07951 -0.17809 0.21210
0.09493 -0.07135 -0.21889
0.19988 -0.01592 0.13709
0.37359 0.19907 -0.20580
0.16454 0.79982 0.24265
-0.06544 -0.07135 -0.44107
0.04046 0.41717 0.21066
-0.05437 0.11912 0.22858
0.40842 0.10681 -0.10277
0.02741 -0.62412 -0.34823
-0.39460 0.09999 -0.14036
0.29615 -0.31033 0.02956
-0.13696 0.93057 0.18949
-0.13263 -0.07135 0.05512
-0.38891 -0.07135 -0.02065
-0.18148 -0.07135 0.00222
0.29615 -0.16804 -0.30804
0.09450 -0.31972 0.21210
0.14946 0.58554 0.30492
-0.03232 0.66239 0.20197
-0.31341 -0.02618 -0.06381
-0.10370 -0.21135 -0.34994
0.24656 -0.14953 -0.34994
0.15179 0.02196 0.30393
0.08909 0.77805 0.32352
-0.27646 0.51444 0.18629
0.40780 0.02166 -0.10711
0.00992 0.42633 0.33492
0.09868 -0.44551 0.21210
-0.15673 -0.49192 0.21210
-0.31751 -0.07135 0.16657
0.21797 0.56172 0.23211
-0.18690 0.46771 0.28616
-0.29957 0.04528 -0.15095
0.19734 -0.50404 0.21210
0.31944 -0.07135 -0.30054
-0.24057 0.24427 0.24888
0.07596 -0.07135 0.28511
-0.22833 -0.07135 0.10262
-0.10035 -0.07135 -0.37206
0.29615 -0.28279 -0.11458
-0.10774 0.08929 0.21669
0.10478 -0.62412 -0.22765
-0.24755 0.01581 0.22302
0.07975 0.30264 0.32486
-0.15035 -0.38150 -0.34994
-0.00355 -0.02432 0.25213
0.01802 0.00247 -0.35633
-0.00244 -0.24681 0.21210
0.17796 -0.07135 0.11116
-0.24138 0.73412 0.17703
0.24434 -0.07135 -0.06007
0.11972 -0.59077 0.21210
0.24398 -0.07135 -0.23786
0.22141 -0.10563 0.21210
0.16018 0.92110 0.30033
-0.10339 -0.23157 0.21210
-0.04723 -0.62412 0.10832
0.14709 0.64688 0.30594
0.22618 0.01114 -0.41153
0.17492 -0.62412 0.06300
-0.27162 0.07158 -0.36980
0.29615 -0.38038 0.07915
-0.10605 -0.62412 0.01579
-0.26590 -0.39416 0.10705
-0.20279 -0.07135 0.20731
0.29615 -0.48764 0.11601
0.03553 0.66865 0.33123
0.20307 0.19907 0.13562
0.30381 -0.03158 -0.34579
-0.08817 -0.62412 -0.06558
0.15923 -0.19539 -0.34994
0.20149 -0.45612 0.21210
-0.10252 -0.07135 0.24920
-0.18210 -0.07135 -0.16666
0.21759 0.90274 0.23528
-0.21979 -0.07135 -0.09161
0.38054 0.06036 -0.22106
0.27095 -0.62412 0.10281
0.36968 -0.01681 -0.24642
-0.13119 -0.00234 0.23690
0.14932 0.07046 -0.45003
0.29095 -0.17964 0.21210
-0.29130 0.08462 -0.17432
0.10748 0.94140 0.25435
0.07108 0.17905 0.21899
0.14477 -0.00447 -0.30915
-0.26590 -0.54897 -0.07021
0.13205 -0.07135 -0.16236
0.17596 0.74812 0.22046
-0.04608 0.94140 0.27070
-0.26590 -0.21638 -0.03442
-0.19818 -0.39197 0.21210
0.22664 -0.61491 -0.34994
-0.10176 0.89168 0.32022
0.03041 -0.04879 0.22654
-0.26590 -0.55708 0.10303
0.27572 0.15140 -0.04521
-0.13048 -0.02529 0.30873
0.35520 0.19907 0.01300
0.21545 -0.07135 -0.31464
0.29615 -0.11348 -0.20459
-0.07093 0.78583 0.32542
-0.02541 -0.07135 -0.17937
0.10980 0.10757 -0.33089
-0.00427 0.10893 -0.35808
-0.26590 -0.47406 -0.21619
0.00912 0.19907 -0.43409
0.25012 0.19907 -0.23679
-0.38509 -0.07135 -0.09486
0.09940 -0.44649 -0.34994
0.27207 0.19907 -0.34176
0.39438 -0.07135 -0.07419
0.32696 0.17747 -0.31635
-0.08989 0.19907 -0.40668
0.15652 -0.05889 -0.44715
0.09658 -0.62412 0.12144
0.33391 0.02553 -0.30752
-0.39128 0.13224 -0.16818
-0.26590 -0.11683 0.16553
0.25776 0.17739 0.03903
-0.03343 0.88373 0.20184
-0.01685 -0.52670 -0.34994
-0.04686 0.49100 0.20024
-0.16155 0.80320 0.29631
-0.24667 -0.62412 0.05410
-0.11429 0.15027 -0.46155
-0.21757 0.19907 -0.31862
0.29615 -0.08395 -0.12155
-0.26590 -0.51377 -0.31471
0.29615 -0.52290 -0.31733
0.12979 0.62009 0.22132
-0.26590 -0.17156 0.06228
0.30850 0.19907 -0.03535
0.32707 0.11708 0.17077
-0.28549 0.12019 0.05937
-0.18188 0.03557 0.28817
0.11974 -0.07135 -0.08467
0.01667 -0.16244 -0.34994
0.26358 -0.04824 0.02257
0.29615 -0.36456 -0.06200
-0.36711 0.16469 -0.23226
0.01062 -0.60932 0.21210
-0.04984 0.32360 0.19988
-0.17214 -0.16098 0.21210
-0.30509 0.16310 -0.13536
-0.19554 0.20658 0.18250
0.37627 -0.07135 -0.15410
0.09198 -0.17814 -0.34994
-0.11727 -0.59964 -0.34994
0.03477 -0.09637 -0.34994
0.27839 0.01947 -0.07957
0.17931 0.02263 -0.43803
0.36133 0.05638 0.12332
0.29615 -0.20797 0.01806
0.19229 -0.07135 -0.22003
-0.38955 0.05989 -0.17616
0.37017 0.19405 0.10122
-0.15762 -0.07135 0.18099
-0.18615 0.67689 0.28646
-0.26590 -0.36941 -0.29467
0.15034 0.16960 0.27049
0.19877 0.47776 0.22955
0.16261 -0.12454 0.21210
0.29615 -0.26521 -0.03754
0.01316 0.09508 0.33445
-0.09318 -0.35112 -0.34994
0.21549 0.23136 0.25286
-0.11900 -0.62412 -0.15758
0.06587 0.51972 0.21369
-0.00065 0.83906 0.33381
-0.26590 -0.39671 0.20902
0.00776 -0.62412 -0.15535
0.20495 0.19370 -0.25600
0.29615 -0.28868 -0.18538
-0.27442 -0.02860 0.08256
-0.36194 0.10546 0.09869
-0.12823 0.88251 0.19053
-0.03661 -0.43625 -0.34994
-0.29973 -0.04844 0.02952
-0.03954 -0.07135 0.24363
-0.35854 0.19907 -0.11136
-0.09425 0.42034 0.19458
-0.38199 -0.03713 0.05189
0.24085 0.13188 -0.20477
-0.26590 -0.61893 0.11648
0.19792 0.83421 0.22945
-0.23884 -0.03836 -0.39559
-0.23919 0.43224 0.24991
0.25722 0.04086 0.24273
0.14294 -0.33364 0.21210
-0.04125 -0.51430 0.21210
0.09710 0.42024 0.21742
-0.22168 0.37754 0.17938
-0.26996 0.04069 0.22034
0.00889 0.71235 0.33495
0.29615 -0.13764 -0.03838
0.04345 0.80852 0.33009
-0.34610 0.18076 0.13556
-0.38691 0.19845 0.04041
-0.23842 0.53382 0.17738
0.29615 -0.39368 -0.11950
0.04894 -0.07135 -0.00080
0.18035 0.33226 0.22735
0.23377 -0.18944 0.21210
-0.01973 0.03575 0.25020
-0.31045 0.05696 -0.10149
-0.01098 0.17935 -0.47881
-0.26590 -0.56089 -0.16306
-0.13890 0.70264 0.18926
-0.28972 -0.07135 -0.10344
-0.05834 -0.29170 -0.34994
0.09730 -0.35447 -0.34994
0.10730 0.88706 0.32089
-0.05479 0.04244 -0.35648
0.18777 -0.39814 0.21210
0.07614 0.38798 0.32538
-0.28749 -0.00866 -0.18511
0.14825 -0.07135 0.14079
0.27510 0.19110 0.22866
-0.06741 0.02521 -0.47069
-0.40243 0.00956 -0.06187
-0.26590 -0.10186 -0.23448
0.01525 0.55957 0.33415
-0.09136 -0.62412 -0.26745
0.03744 0.19504 0.25702
-0.04942 -0.07135 -0.08355
0.08800 0.70006 0.21633
-0.39687 0.08114 -0.02330
0.29302 0.07659 0.21456
-0.30528 0.15794 -0.33348
0.16039 -0.24544 0.21210
-0.26590 -0.21327 0.15856
0.02239 -0.62412 -0.26614
0.02071 -0.18357 0.21210
-0.27731 0.92095 0.19343
-0.09664 0.72224 0.32227
-0.03156 0.55902 0.20206
0.27306 -0.07135 -0.02452
-0.15301 -0.62412 -0.07649
0.25958 0.10832 -0.16551
0.26486 -0.35801 -0.34994
-0.05438 -0.45893 0.21210
-0.37328 0.19907 -0.06916
0.15483 -0.07135 -0.28655
-0.30738 0.00205 -0.33066
0.07555 -0.52770 -0.34994
0.17271 -0.46765 -0.34994
-0.02584 0.17749 0.33080
0.39929 -0.01871 -0.16614
0.13340 0.49003 0.31181
-0.09662 -0.55551 -0.34994
0.38011 0.15265 0.07637
-0.08978 -0.07135 0.04742
-0.14532 0.30660 0.18849
-0.07023 0.56610 0.32551
0.21268 0.55643 0.27647
0.17257 0.22427 0.29502
-0.00881 -0.00532 -0.47913
-0.23073 -0.07135 -0.19678
0.19074 0.01562 -0.27263
0.14499 0.40050 0.22313
-0.20081 0.14841 -0.42447
0.06814 -0.07135 -0.32322
-0.06443 0.10433 -0.47112
0.04579 -0.53160 0.21210
0.11049 -0.02111 0.20095
-0.18480 -0.07135 -0.37997
0.29615 -0.61567 -0.29387
-0.06066 0.34705 0.32665
-0.33052 0.07095 0.15536
-0.00597 -0.58819 -0.34994
-0.21315 0.10936 0.22712
-0.26552 0.46016 0.17415
-0.12819 0.04958 -0.45560
-0.13259 -0.62412 0.05668
-0.17602 0.02082 0.23155
-0.26590 -0.45839 0.06405
0.29615 -0.55731 0.20405
0.29615 -0.45256 -0.29962
0.18663 0.39769 0.28900
-0.26590 -0.27797 -0.25158
-0.10994 0.81257 0.31695
0.05628 -0.07135 0.10246
0.11094 -0.38930 0.21210
-0.17477 0.25674 0.29102
-0.01718 -0.12048 0.21210
-0.23565 -0.48782 0.21210
0.20334 0.82672 0.28184
0.29615 -0.60077 -0.15945
-0.12223 0.14135 0.23797
-0.15230 -0.56513 -0.34994
0.27774 0.11892 -0.07091
-0.23411 0.57065 0.25371
0.07991 -0.07135 -0.09674
-0.36485 -0.06965 -0.23792
0.29615 -0.19868 -0.13507
0.15379 -0.05727 0.27090
0.12836 -0.01263 -0.45842
0.15031 -0.42432 0.21210
-0.08412 -0.07135 -0.17578
-0.19214 0.16445 0.17374
0.40511 0.15968 -0.01946
-0.25583 0.04983 0.11109
-0.20117 -0.10763 -0.34994
-0.26590 -0.27583 -0.04492
0.23152 -0.34846 0.21210
-0.22709 0.89157 0.25897
0.11663 0.07034 0.26647
0.11917 -0.07135 -0.36395
0.00590 0.28214 0.33459
-0.26590 -0.33508 0.02587
0.20122 -0.57743 -0.34994
0.19011 -0.00244 0.27524
0.01916 0.83253 0.20812
-0.04125 0.63378 0.32897
-0.24117 -0.30096 -0.34994
-0.13214 -0.07135 -0.27099
0.10124 0.18608 0.20537
0.27584 -0.07135 -0.21145
-0.07483 -0.07135 0.01512
-0.24418 0.07317 0.24618
0.24592 -0.03724 -0.19415
0.11653 0.45031 0.31904
-0.07439 -0.07135 -0.13118
0.29615 -0.11967 0.05731
-0.08400 -0.07135 -0.33646
-0.19972 0.08717 0.16853
0.26108 -0.07135 0.19475
0.29615 -0.08834 0.12934
0.12945 0.01024 0.26800
-0.14647 0.61167 0.30234
-0.27522 0.63630 0.17597
-0.35704 0.10077 -0.25743
0.18738 -0.55531 0.21210
-0.16894 0.36975 0.29335
-0.17706 -0.62412 0.19917
0.18953 0.05648 0.28776
-0.26590 -0.51094 0.11500
0.21750 0.04555 0.11308
-0.18621 0.06225 -0.30745
-0.17850 -0.07135 -0.11463
0.26613 -0.46271 0.21210
0.25870 -0.62412 0.02156
0.20324 0.74812 0.25290
-0.03962 -0.62412 -0.21977
-0.14428 0.71685 0.30321
0.15257 -0.09841 -0.34994
-0.37388 -0.06841 0.07081
0.29615 -0.55617 0.02830
0.15238 -0.62412 0.02493
-0.08277 0.63177 0.19596
-0.27097 0.58443 0.22614
-0.29422 0.19907 -0.17372
0.26783 -0.07135 -0.09036
0.11358 -0.07135 -0.25747
0.25775 -0.62412 -0.19601
-0.00384 -0.62412 0.07239
-0.13568 0.39956 0.18964
-0.13716 0.94140 0.29142
0.12731 0.12072 -0.45884
-0.25931 0.09623 -0.23268
0.17600 0.11654 0.29355
0.40749 -0.00174 -0.03939
0.23038 -0.07135 -0.12572
-0.03520 -0.62412 -0.34141
0.03159 -0.07135 -0.15925
-0.18265 -0.02735 -0.31050
0.29615 -0.51674 -0.16515
-0.13891 -0.07135 -0.06233
0.40105 -0.00407 0.01453
0.29615 -0.56902 -0.31858
-0.06871 0.45386 0.32569
-0.20682 -0.52639 -0.34994
-0.26590 -0.35303 -0.14282
-0.20239 -0.07135 -0.29073
0.21470 0.37458 0.25950
-0.16010 -0.62412 0.15725
0.09317 0.59486 0.21695
-0.12944 0.45420 0.19039
0.40357 0.07681 -0.00654
0.29366 -0.20506 -0.34994
0.10407 -0.62412 -0.01156
0.14407 0.07111 0.18477
-0.27890 0.27301 0.20681
0.29615 -0.26832 -0.30247
0.09173 -0.39807 -0.34994
-0.11062 -0.07135 0.19928
-0.22283 0.81487 0.17924
0.07620 0.03750 -0.47116
-0.23496 -0.28799 0.21210
0.08536 -0.05180 0.32405
-0.00667 -0.62412 -0.07838
-0.39873 0.10053 -0.10575
0.21803 -0.07135 0.09593
0.17657 0.18395 -0.43913
-0.18852 -0.62412 0.06225
0.29615 -0.42398 0.20418
0.03039 -0.07135 -0.04076
0.08360 -0.61968 0.21210
0.09322 -0.49988 0.21210
0.16208 -0.55598 -0.34994
0.29615 -0.17558 0.09911
-0.15498 0.64094 0.18734
-0.04259 0.19907 -0.36801
0.00019 -0.29528 0.21210
0.33849 0.19907 -0.06863
0.13409 -0.26863 -0.34994
-0.12049 0.50220 0.31273
-0.24651 -0.53101 0.21210
0.13321 0.19907 0.24819
0.03292 -0.06744 -0.47632
-0.22248 0.18338 0.26241
-0.25609 0.16142 0.23727
-0.04256 0.03250 0.22950
-0.07176 0.78833 0.19727
-0.09561 0.11043 0.32248
-0.26590 -0.15624 -0.32417
-0.26590 -0.53435 0.15239
0.20318 0.74812 0.19436
-0.12782 -0.07174 -0.34994
-0.26072 0.19907 -0.34461
-0.39275 0.16509 0.00532
-0.02622 0.06878 0.33076
0.29198 0.19907 -0.22482
0.12049 0.79677 0.22021
0.31494 0.19907 -0.27704
0.23604 0.19907 -0.28639
-0.26590 -0.40243 -0.19173
-0.22746 0.30498 0.25869
0.29615 -0.12982 -0.09222
0.13983 0.17229 -0.31254
-0.15286 -0.62412 -0.20274
-0.19233 -0.39280 -0.34994
0.25064 0.04362 -0.39324
0.29615 -0.45467 -0.24165
0.37241 0.09467 0.09562
0.17039 -0.36340 -0.34994
-0.26780 0.19907 0.14645
-0.09642 -0.07135 -0.03077
0.08506 -0.62412 -0.11286
-0.14202 -0.29267 0.21210
-0.27568 0.89606 0.22261
-0.30341 0.06158 0.01217
0.29615 -0.37361 -0.15779
0.25006 0.09725 -0.39366
0.40031 -0.07135 -0.11712
-0.13514 -0.07135 -0.11313
-0.27652 0.81490 0.22198
-0.27343 -0.04174 -0.36838
0.26400 -0.07135 0.07140
-0.37955 0.13757 -0.20117
0.14953 -0.07135 -0.03274
-0.22905 0.09856 -0.27086
-0.26590 -0.44882 0.16729
0.23817 -0.62412 0.06180
-0.16360 0.06871 -0.44042
0.26036 -0.09957 -0.34994
-0.18652 -0.14733 -0.34994
0.13234 0.44414 0.22162
-0.05239 0.42459 0.19958
-0.25772 0.69476 0.17508
-0.26590 -0.61368 -0.18294
-0.26590 -0.22940 -0.25559
0.22667 0.12612 0.26677
0.25631 -0.50129 -0.34994
0.29615 -0.49068 -0.13147
0.01494 -0.62412 0.13144
0.12313 0.14465 0.31621
-0.25376 0.13690 0.11352
-0.05027 0.24905 0.19983
-0.26590 -0.21218 0.11622
-0.12489 0.17495 0.31097
0.10012 -0.04002 -0.33432
-0.30470 -0.03735 0.18818
-0.26590 -0.20640 -0.19662
0.25935 0.17111 -0.38672
0.01215 0.33343 0.20728
-0.24045 0.13182 -0.39432
-0.39658 0.12314 -0.02129
0.19142 -0.21700 0.21210
0.14299 -0.62412 -0.24526
0.02154 0.14561 0.22819
0.02747 -0.42522 0.21210
0.29615 -0.25258 0.14492
0.07880 -0.28071 0.21210
-0.13421 -0.07135 0.09714
0.03859 0.94140 0.32226
-0.02981 0.38407 0.33033
-0.26229 -0.02207 0.22126
0.00230 0.04184 -0.47997
-0.15388 -0.42507 0.21210
-0.12817 0.14562 0.20946
0.26837 0.79289 0.24250
-0.17387 0.13372 -0.31573
0.00984 -0.07135 -0.24301
0.22906 0.19907 0.21836
0.29615 -0.17357 0.14780
-0.26590 -0.49118 -0.08227
0.29615 -0.22693 -0.26446
-0.26590 -0.60971 -0.33939
0.24982 -0.62412 -0.02150
0.29615 -0.59187 0.17564
0.21167 -0.62412 -0.09526
0.10135 0.77458 0.19204
-0.13906 -0.06648 0.23596
-0.23370 -0.17786 -0.34994
-0.08633 -0.15631 -0.34994
-0.17832 0.58319 0.28959
-0.15069 0.00769 0.20149
0.31153 0.07485 -0.33598
0.03645 0.04969 -0.35489
0.07105 0.18092 -0.47178
-0.25160 -0.07135 -0.29859
0.29615 -0.20018 -0.20874
0.00737 -0.07135 0.10922
0.36605 0.19907 -0.13403
-0.07811 -0.62412 0.19938
0.41108 0.18872 -0.06953
0.29560 -0.28862 0.21210
-0.13902 0.07022 0.23597
-0.30291 0.11861 0.19045
-0.10284 0.31762 0.19356
-0.31834 -0.00287 0.17084
0.15208 -0.51952 0.21210
0.06237 -0.00583 0.26000
-0.18558 -0.62412 -0.27272
0.18745 -0.07135 -0.11139
-0.09630 0.22464 0.32240
0.29615 -0.56095 -0.11086
-0.18322 -0.31303 0.21210
0.28720 -0.00800 0.21914
-0.10470 0.43585 0.31905
0.23133 -0.62412 -0.26802
-0.11467 0.11637 -0.34398
0.05797 0.21930 0.32800
0.26327 -0.58576 0.21210
-0.29273 0.14868 -0.17028
0.41071 0.13022 -0.06637
-0.26590 -0.09075 0.11952
-0.37365 0.08070 0.07135
-0.03429 0.43293 0.32980
0.04854 -0.20249 -0.34994
-0.00745 -0.25393 -0.34994
0.27486 0.19031 -0.03419
-0.01703 0.14467 -0.47794
-0.26590 -0.25662 0.16387
-0.13208 -0.15814 0.21210
-0.22870 0.42955 0.17854
-0.26590 -0.58283 0.01044
-0.26590 -0.28821 0.03458
0.28705 0.19907 0.07913
-0.12503 0.19108 0.23764
-0.10658 -0.05614 0.31830
0.29777 -0.07135 0.15711
0.01506 0.38586 0.20763
0.29615 -0.33433 -0.25042
-0.31709 -0.07135 0.05750
-0.04218 -0.62412 -0.05986
0.09772 0.54369 0.21749
-0.07241 0.16126 -0.35321
-0.13809 -0.62412 -0.32454
-0.10698 0.26595 0.31813
-0.31209 0.17290 -0.03457
0.29615 -0.26496 -0.07750
0.27807 -0.03807 -0.07517
-0.26590 -0.17312 -0.02911
0.33140 0.02690 0.16498
0.05596 -0.45343 -0.34994
-0.26590 -0.36953 0.07563
0.39797 0.15239 -0.17531
-0.05961 -0.40280 -0.34994
0.18472 0.72456 0.28982
-0.23896 0.61558 0.25009
0.13354 0.74812 0.25158
-0.14858 0.00949 0.30149
-0.23037 0.02347 0.14089
-0.10213 -0.35814 0.21210
-0.26590 -0.19105 -0.23664
-0.33998 0.19907 -0.19526
-0.39649 0.13587 -0.12458
-0.26590 -0.16136 0.10055
0.29615 -0.33653 0.06783
-0.05941 -0.55835 0.21210
-0.26590 -0.47421 -0.31807
0.07531 0.85732 0.21482
0.12475 0.01525 0.19415
-0.31735 0.09892 -0.31735
0.13892 0.07148 0.30944
-0.15655 0.08542 0.29830
0.23485 -0.07135 -0.35271
-0.08250 0.74522 0.19599
-0.18543 -0.62412 -0.12090
0.29615 -0.51992 -0.00540
0.29615 -0.60486 0.02035
-0.10388 -0.07135 -0.23462
0.00097 0.69469 0.20595
0.29615 -0.38827 -0.21191
-0.26590 -0.45910 -0.27111
0.00546 0.19692 -0.35732
0.23035 -0.02787 -0.40841
0.19581 -0.06970 -0.26670
0.37736 0.19907 -0.09482
0.29615 -0.33420 -0.15393
0.14061 -0.01540 0.30872
-0.29966 -0.07135 -0.01450
-0.06446 -0.33993 0.21210
-0.02478 -0.07135 0.16618
-0.17079 -0.03085 0.18840
-0.39346 0.17849 -0.14995
0.02692 0.64215 0.20904
-0.16007 0.18189 -0.32232
0.10480 -0.07135 0.25768
0.29615 -0.59761 0.12941
-0.00355 -0.05962 0.33346
-0.24833 -0.35866 0.21210
-0.17714 0.70891 0.18469
0.23560 0.74812 0.21404
0.21787 0.66923 0.23291
0.13026 -0.62412 -0.33671
-0.21712 0.94140 0.24468
0.17024 0.53594 0.22614
0.12754 0.19907 -0.35573
-0.26590 -0.54280 -0.28468
0.08036 -0.61719 -0.34994
-0.05259 0.28382 0.32761
0.29615 -0.38693 -0.03035
0.21680 0.10328 -0.24214
-0.22276 0.18755 -0.40825
-0.29763 0.15768 0.03392
0.06313 0.04574 0.22047
0.11268 0.74423 0.32012
0.14147 -0.04846 -0.31142
-0.23401 -0.62412 -0.10724
-0.26365 0.28751 0.17437
0.13813 0.24332 0.30978
-0.08359 0.88656 0.19586
-0.13184 0.19907 -0.40336
0.29615 -0.49296 -0.04069
-0.18337 0.37659 0.18395
0.32171 0.13984 -0.32303
0.29615 -0.46639 -0.16449
-0.16937 -0.07135 0.13267
-0.24424 -0.00553 0.24614
-0.26590 -0.29758 0.14435
-0.33750 0.17894 -0.29042
0.09640 0.81755 0.32246
-0.05763 -0.51455 -0.34994
0.02385 0.31605 0.33291
0.22777 -0.40714 -0.34994
0.07572 -0.07135 0.07024
0.02537 0.39123 0.33269
0.11618 -0.07135 0.20939
0.14310 -0.07135 0.01956
0.07572 -0.41486 0.21210
0.22333 -0.06842 0.26939
0.29615 -0.48918 0.19801
-0.23267 -0.07135 0.04090
0.07767 0.09241 0.21661
-0.23085 0.19907 0.19302
-0.22577 0.13517 0.25996
-0.05633 -0.46123 -0.34994
0.10722 -0.07135 -0.12511
0.29615 -0.45273 -0.07436
0.29615 -0.36452 0.14277
0.03903 -0.27716 0.21210
0.29804 0.19907 -0.13885
-0.26590 -0.13321 0.05344
-0.31300 0.00946 -0.03950
0.29181 -0.54208 -0.34994
-0.23638 -0.07135 0.18958
0.29615 -0.32640 -0.28790
-0.03539 -0.40494 0.21210
0.29615 -0.30925 0.17844
-0.18243 0.64088 0.28795
-0.02470 0.80981 0.33094
-0.22967 -0.58863 0.21210
-0.12989 0.53733 0.19033
-0.26590 -0.16798 -0.06998
-0.05035 -0.06776 0.32788
-0.38708 0.06434 0.04002
-0.00001 -0.04463 -0.35775
-0.14502 0.05461 -0.32950
-0.24411 0.13072 -0.25480
-0.26590 -0.08743 -0.01902
-0.08027 0.06055 -0.46884
-0.26590 -0.59751 -0.14897
0.11466 0.15523 0.26623
0.11838 -0.30276 -0.34994
0.03035 0.19907 -0.39415
0.04960 -0.07135 -0.12272
-0.07821 0.51123 0.19650
-0.26590 -0.59822 -0.30370
0.20526 0.19907 -0.30774
-0.26590 -0.34799 -0.06998
-0.26590 -0.13256 0.13154
0.18325 0.19907 -0.34729
0.38632 -0.07135 -0.00399
0.25518 -0.15876 0.21210
-0.24407 0.17120 0.12486
-0.21822 -0.62412 0.02984
0.28261 0.19907 -0.30006
-0.18088 0.75355 0.28857
-0.15517 0.20052 0.29886
-0.22576 0.14382 0.14629
0.37095 0.15670 -0.24344
-0.26590 -0.43634 0.09672
0.01169 0.57944 0.20723
-0.09040 -0.06293 -0.46738
-0.31367 0.13428 -0.04312
-0.23291 -0.59610 -0.34994
-0.27960 0.77641 0.21265
0.32667 -0.07135 -0.21405
-0.05603 -0.13537 0.21210
0.00996 0.00247 0.23033
0.26205 -0.60394 -0.34994
0.39571 0.11688 -0.18568
-0.21875 -0.07135 -0.40087
0.07282 0.54020 0.32586
0.26589 0.04867 -0.14695
-0.18864 -0.56168 0.21210
0.11748 0.30317 0.31863
0.29595 -0.37438 0.21210
0.08163 0.94140 0.29386
0.20947 -0.17837 -0.34994
-0.27006 -0.07135 0.01913
-0.26590 -0.44418 -0.16757
0.29615 -0.24226 0.05256
-0.33254 -0.07135 -0.19772
-0.02217 0.22413 0.20319
-0.05780 0.15161 0.24566
-0.07705 -0.42987 0.21210
-0.19696 -0.48062 0.21210
0.14718 -0.07135 -0.12877
-0.32627 0.19907 0.07845
-0.15100 0.17336 0.20138
-0.21715 0.26663 0.26640
0.21670 0.40729 0.24276
0.15360 -0.56983 0.21210
0.02919 -0.25685 -0.34994
0.29615 -0.16871 -0.00568
-0.11125 0.68625 0.31643
0.17986 -0.07135 0.16559
-0.02621 0.55151 0.33076
-0.32843 0.19907 0.00360
-0.27834 0.84385 0.20205
-0.39438 0.01680 -0.14225
-0.00127 0.36135 0.33374
0.19438 -0.07135 -0.04525
0.35528 0.17727 0.13307
0.31481 0.06221 0.18715
-0.27846 0.22964 0.22053
0.15062 -0.62412 0.09022
-0.27806 0.63082 0.22083
-0.37791 0.04133 -0.20527
-0.26590 -0.39965 -0.04871
-0.36836 -0.02583 0.08370
0.20799 -0.05816 0.12692
-0.26590 -0.28082 -0.33249
0.30067 0.11107 0.20605
0.22307 0.08821 0.10497
0.21522 0.30720 0.25518
-0.26968 0.40146 0.22710
0.38423 0.19504 0.06609
-0.02434 -0.09873 -0.34994
-0.26590 -0.61270 -0.03036
-0.17495 -0.27353 -0.34994
0.13617 0.78597 0.26465
0.40238 0.02765 -0.14475
-0.08192 -0.60740 -0.34994
0.18417 -0.62412 -0.11880
-0.26590 -0.20970 -0.12150
0.04617 0.30040 0.21134
-0.28484 0.14240 0.21342
-0.22987 -0.05112 0.14147
-0.09224 -0.03447 -0.34953
0.31165 -0.07135 -0.01390
0.27201 0.15384 -0.00126
0.09025 -0.62412 -0.16429
-0.26590 -0.07786 -0.20150
0.29615 -0.13380 -0.29680
0.17637 0.86298 0.22688
0.13526 0.77190 0.22197
-0.26590 -0.14598 -0.15951
-0.27572 0.17114 -0.20879
-0.07208 0.19907 0.23449
-0.14906 -0.02838 -0.44665
-0.15175 -0.41857 -0.34994
-0.18312 -0.07135 -0.34062
-0.21491 0.19664 -0.28293
-0.23657 -0.55647 -0.34994
0.18328 0.93651 0.22770
-0.34889 -0.00466 0.12912
0.29615 -0.53269 0.10240
0.21836 0.00145 0.11182
-0.18511 0.13371 0.23047
-0.21194 0.44313 0.27031
-0.16522 0.67513 0.18612
-0.16562 -0.07135 -0.30347
-0.00399 -0.07135 0.24063
0.05349 0.48632 0.21221
-0.04429 -0.62412 0.01411
-0.10735 0.14474 0.31799
-0.21632 -0.62412 -0.01746
-0.16920 -0.35134 -0.34994
-0.35962 0.15527 0.10409
-0.06536 -0.20042 -0.34994
-0.03590 -0.07135 0.01556
0.02063 -0.07135 -0.32125
0.05103 -0.58323 0.21210
0.10878 -0.07135 0.00101
0.04917 -0.45333 0.21210
0.27389 0.01274 -0.02191
-0.26590 -0.43280 -0.01516
-0.01642 0.87674 0.33193
-0.26590 -0.54870 0.00132
0.18266 -0.07135 -0.41163
-0.21430 0.68829 0.26854
-0.28428 -0.04788 -0.19418
-0.22302 -0.07135 -0.23114
-0.12567 0.03368 0.23756
0.05775 0.12734 0.32803
0.17267 -0.07135 0.19937
-0.28960 -0.07135 -0.27588
0.29615 -0.09872 -0.29908
0.17001 -0.62412 -0.17906
0.39727 0.19478 -0.18020
-0.19208 0.10984 0.28409
0.18906 0.05835 -0.43413
-0.09819 0.06161 0.24084
-0.20156 0.52609 0.18178
-0.26590 -0.39678 -0.11863
0.29615 -0.59012 -0.26106
0.16165 0.63460 0.22512
-0.01798 -0.07135 -0.42362
0.18209 0.04797 -0.28275
0.29615 -0.27459 0.17383
0.16630 -0.62412 -0.05144
0.22205 -0.62412 0.18072
-0.26590 -0.08757 -0.14075
-0.20914 0.69541 0.18088
0.25523 0.04606 0.04615
-0.26590 -0.45058 -0.34371
0.10110 0.48153 0.32179
0.27448 -0.07135 -0.29203
0.19337 0.47343 0.28611
-0.30877 -0.02869 -0.12289
0.11748 -0.07135 0.15950
-0.21418 -0.02325 -0.41499
-0.09279 -0.07135 0.08211
0.07820 -0.09125 -0.34994
-0.38283 -0.04021 -0.19295
-0.26590 -0.09800 0.20562
0.35347 0.11601 0.13548
0.03645 0.78544 0.21018
0.03738 0.03138 0.25701
0.22398 -0.62412 -0.20389
-0.32825 0.16150 0.15825
0.28402 -0.07135 -0.16500
0.15692 -0.07135 -0.25552
0.17875 0.19061 0.27388
-0.17208 0.49837 0.29209
0.17665 0.66634 0.29327
-0.14978 -0.38143 0.21210
0.29615 -0.29652 -0.21902
0.19502 0.52514 0.28540
0.04154 -0.35233 0.21210
-0.12963 -0.53914 -0.34994
0.10248 0.19907 -0.44377
-0.39690 -0.01291 -0.12107
-0.34621 0.00901 -0.27878
-0.27295 0.76809 0.17326
0.29615 -0.11184 0.09085
0.14243 -0.09666 0.21210
0.26209 -0.31066 -0.34994
0.29615 -0.60860 -0.12325
0.40930 -0.03251 -0.05460
-0.23241 -0.09176 -0.34994
-0.33427 -0.06691 -0.29474
0.27061 -0.06979 -0.12152
0.00094 -0.07135 -0.20699
-0.12695 -0.17343 -0.34994
-0.11699 0.26998 0.19187
0.16547 0.19934 0.22557
-0.22759 0.80702 0.25859
0.09761 -0.48071 -0.34994
0.07105 0.93112 0.32611
0.04172 -0.03958 0.25753
0.29615 -0.30287 -0.02487
0.07173 -0.21313 0.21210
-0.24788 0.00886 -0.38847
-0.06029 0.00367 0.32669
-0.24933 0.20521 0.24232
0.11590 0.64267 0.31931
-0.12240 0.40055 0.31197
0.19812 0.79982 0.22565
0.20767 0.64053 0.27998
0.19529 0.12878 -0.26730
0.18840 -0.17604 0.21210
-0.03722 -0.22747 -0.34994
-0.36486 0.12766 -0.23789
-0.13421 0.73643 0.18982
-0.00571 0.80940 0.20515
-0.24654 0.57018 0.17641
-0.00280 -0.07135 -0.05507
-0.15577 -0.24949 0.21210
-0.17177 -0.53121 0.21210
-0.26590 -0.27766 -0.00314
0.10215 0.26324 0.21802
0.06473 -0.04498 -0.47253
-0.12802 -0.53771 0.21210
0.29615 -0.39875 0.13278
0.02040 -0.02262 -0.47781
-0.09336 0.18753 0.32275
0.06992 -0.07135 -0.45176
0.20095 0.89086 0.28286
-0.25289 0.52778 0.23967
0.21593 0.26392 0.24919
0.16309 0.37551 0.29909
0.38176 -0.01641 0.07224
-0.26590 -0.28142 -0.13991
-0.08888 -0.27291 -0.34994
0.13262 -0.62412 0.11885
0.02128 -0.62412 -0.05028
-0.19441 0.03021 -0.30045
-0.31052 -0.07135 -0.14184
-0.14404 0.14059 -0.44880
0.27075 0.18727 -0.12078
-0.26590 -0.15321 -0.00010
-0.24008 -0.62412 0.16578
0.08417 0.90744 0.21587
-0.10034 0.70896 0.19386
-0.18148 0.09443 0.23090
0.07515 0.37402 0.21480
0.12680 0.04795 -0.32149
0.29615 -0.38007 0.04555
0.09483 -0.14467 -0.34994
-0.26590 -0.28651 0.19912
0.40428 0.04381 -0.01249
-0.29448 0.12801 -0.34790
0.20489 0.79798 0.26465
-0.16378 0.29423 0.29541
0.09836 0.20852 0.32218
-0.02572 -0.62412 -0.15650
-0.26590 -0.58901 -0.23425
0.34350 0.19907 -0.22049
-0.11411 -0.07135 0.17158
-0.30121 0.02053 0.02403
0.18932 -0.27734 -0.34994
0.28728 0.19907 0.18264
-0.20167 -0.60791 -0.34994
0.29615 -0.46472 0.08596
-0.02007 -0.07135 -0.31069
0.04322 -0.07135 -0.24405
0.28008 0.03741 -0.37121
-0.27400 0.04551 0.08344
-0.06361 0.88235 0.32630
-0.37591 -0.07135 -0.05137
0.19523 0.19907 -0.41601
0.23192 -0.02630 -0.22349
-0.19749 -0.07135 -0.19922
0.25435 0.14975 -0.17648
0.15228 0.16928 0.30372
-0.34933 -0.02507 -0.27462
0.29615 -0.43677 -0.00668
0.02538 -0.39450 -0.34994
-0.27015 -0.07135 0.09288
0.24194 -0.07135 -0.26997
0.19650 0.06494 0.13997
0.13914 0.10507 0.26915
0.24053 -0.07088 -0.20545
0.14269 0.33397 0.22286
0.10490 -0.21203 0.21210
0.27070 0.19907 0.01754
-0.26590 -0.36921 0.16924
0.06361 -0.07135 -0.38853
0.22314 -0.31863 -0.34994
-0.08791 0.13829 0.24207
0.39596 0.19907 0.00997
0.29615 -0.34938 -0.34351
0.01613 0.94140 0.29800
0.03584 -0.07135 0.12845
0.25396 0.02704 -0.17728
-0.20299 -0.07135 -0.02285
0.28901 -0.07135 0.10507
-0.15178 -0.56083 0.21210
0.07683 -0.62412 0.14784
-0.00789 -0.62412 0.10766
-0.04558 -0.03702 0.24712
0.35980 0.01356 0.12702
0.19758 0.10418 -0.43072
-0.24872 0.60423 0.17615
-0.12949 0.18287 -0.45504
0.21187 0.35815 0.23111
0.29615 -0.08331 0.04057
-0.04585 -0.62412 0.17265
0.07206 -0.62412 -0.23062
-0.05185 -0.07135 -0.15507
-0.12028 -0.62412 -0.29696
-0.34884 0.07197 -0.27527
0.14472 0.85184 0.30696
-0.14104 0.09640 0.20490
-0.01087 0.47049 0.20453
-0.10515 0.92373 0.19328
-0.11280 -0.07135 0.28997
0.00107 0.19907 0.23322
0.29615 -0.27512 0.05115
0.24716 0.16954 0.06896
-0.09234 0.00697 0.24154
0.40109 0.15781 0.01422
-0.26448 -0.07135 -0.34603
0.10754 -0.16136 0.21210
0.01814 0.01307 -0.47808
-0.26590 -0.41788 -0.32594
0.04969 0.19907 -0.44844
-0.19312 -0.62412 -0.18769
-0.02498 -0.31601 0.21210
-0.22959 -0.40068 0.21210
0.35350 -0.05009 -0.28262
0.29615 -0.26904 0.09152
-0.22804 0.85905 0.25825
0.11438 0.31402 0.21948
-0.18999 -0.62412 -0.30530
-0.02454 0.91640 0.20290
0.21409 -0.14619 -0.34994
-0.12660 0.07098 0.31029
0.27267 -0.03633 -0.00628
-0.26106 0.36967 0.17468
0.30938 -0.07135 -0.33141
0.11613 0.91172 0.21969
0.04764 -0.29575 -0.34994
0.29615 -0.19839 0.12220
-0.40108 0.10064 -0.05247
0.06486 0.13857 0.22015
0.40318 0.09485 -0.13914
-0.08073 -0.07135 0.19901
0.16760 -0.60749 0.21210
0.38350 0.09188 -0.21415
0.08874 -0.62412 -0.19950
-0.26590 -0.13065 -0.12666
-0.26590 -0.60052 0.08990
0.18640 -0.04294 0.14861
0.31653 0.10865 -0.32961
-0.06172 -0.07135 0.11524
0.18284 -0.07135 -0.32502
-0.15641 0.85583 0.18717
0.02927 -0.07135 -0.43876
-0.00316 -0.62412 -0.12511
-0.17217 -0.07135 0.21706
0.23387 0.19907 0.14472
0.18433 -0.62412 -0.27980
-0.18535 0.83379 0.18372
0.11199 -0.07135 0.05836
-0.07627 -0.04792 0.32479
0.17651 -0.62412 0.16570
0.23434 -0.51557 0.21210
-0.07801 -0.07135 -0.40495
0.08017 -0.07135 -0.06474
0.16500 0.30425 0.22552
0.27665 0.09256 -0.08898
-0.19223 -0.18429 -0.34994
-0.09253 0.81425 0.19479
-0.05317 -0.07135 -0.33437
0.05585 -0.23355 -0.34994
-0.02957 -0.62412 -0.25005
0.29615 -0.24285 0.17920
-0.02421 0.19907 -0.45754
0.10422 0.40549 0.32134
-0.12314 -0.03679 0.23786
0.17324 -0.62412 0.00087
-0.26015 -0.62412 -0.12543
0.14332 -0.07135 -0.41765
0.37170 -0.06012 0.09741
0.19484 -0.07135 -0.36353
-0.23559 -0.07135 -0.03073
-0.28804 0.08899 0.05403
-0.39989 0.05747 -0.04424
0.39974 0.08787 0.02554
0.00058 0.45763 0.33396
0.34566 0.19907 -0.15833
0.01424 -0.08180 0.21210
-0.32695 0.19907 -0.11399
-0.28210 0.06062 -0.19951
0.08873 -0.00672 0.32357
0.16334 0.55769 0.29898
-0.06523 -0.54531 -0.34994
0.29615 -0.17508 -0.15618
0.16216 0.81387 0.29948
0.09727 0.12227 -0.46865
-0.03257 -0.07135 -0.05436
0.06785 -0.07135 -0.17422
0.01263 -0.07135 0.30832
-0.27265 0.19531 0.08626
-0.26590 -0.23294 -0.33787
0.27116 -0.18039 -0.34994
-0.07057 0.06867 0.22730
-0.14212 0.25977 0.30408
-0.07433 -0.25367 0.21210
-0.06279 0.86288 0.19834
-0.26590 -0.31894 -0.33175
0.29615 -0.59939 0.09447
0.03526 0.12978 -0.35498
-0.24815 0.90891 0.24321
-0.25547 0.48054 0.23773
0.18197 0.02609 0.29099
-0.19954 0.40448 0.18202
0.06724 -0.10779 0.21210
-0.23067 0.17293 -0.26947
0.05443 -0.56463 -0.34994
-0.30995 0.11032 -0.02305
-0.26590 -0.37231 0.04428
0.09672 0.02933 0.20752
0.07689 -0.03913 0.26173
0.02166 -0.13142 -0.34994
0.29615 -0.41099 0.05113
-0.31876 0.18147 -0.31547
-0.35778 -0.07135 -0.02452
0.29615 -0.49443 0.14663
0.02529 0.13062 0.33270
-0.19470 -0.12262 0.21210
-0.15025 -0.07135 0.26543
0.29401 -0.59183 0.21210
0.20976 -0.07655 0.21210
-0.27054 0.19907 -0.26534
0.03655 0.44236 0.33108
0.26628 -0.62412 -0.10028
-0.26590 -0.49226 0.08987
0.18878 0.57427 0.22836
-0.31770 0.02883 0.17166
0.21574 0.58673 0.25076
-0.10523 -0.62412 0.14432
-0.02977 0.76975 0.20228
-0.26590 -0.13627 0.20452
0.29615 -0.58511 -0.07106
-0.25103 0.34844 0.24106
0.29615 -0.34262 0.02100
0.41053 0.01593 -0.06490
0.22244 -0.02742 0.27009
0.16802 0.48132 0.22588
-0.26590 -0.21217 0.02539
0.29615 -0.42090 -0.10143
-0.26590 -0.30539 -0.26640
0.01003 0.18313 0.33490
-0.20054 0.56417 0.27883
-0.12758 0.08021 -0.33782
0.40959 0.05017 -0.09468
0.13267 -0.26434 0.21210
0.38426 0.12020 0.06601
-0.26590 -0.08361 -0.08758
-0.07482 -0.62412 -0.10387
-0.06589 -0.05421 0.22767
0.10043 -0.07135 0.30427
0.11696 -0.62412 -0.26223
0.02004 -0.03940 0.33346
0.02741 0.61921 0.33240
-0.38923 -0.05768 0.02978
0.26803 0.19907 -0.37650
0.27671 0.13592 -0.37373
-0.13289 0.66253 0.18997
0.09488 -0.07135 0.18072
-0.10771 0.85808 0.31784
-0.00986 0.23908 0.33271
0.21075 0.01908 -0.24922
0.26837 0.74969 0.24356
-0.01292 -0.07135 0.05583
-0.15642 -0.07135 0.02040
-0.26590 -0.37316 0.12978
-0.38998 0.19907 -0.01509
-0.25923 -0.07135 -0.23767
0.29287 -0.05689 -0.35969
0.29615 -0.53456 -0.13300
-0.17764 0.94140 0.25134
0.27535 0.16962 -0.09595
0.32871 0.19907 0.04187
0.14034 -0.62412 0.15206
-0.15195 -0.45579 0.21210
-0.01984 -0.07135 -0.09202
0.21521 0.71094 0.25521
0.29615 -0.39441 -0.06937
0.29615 -0.30879 -0.08907
-0.26152 -0.07135 -0.17179
0.17920 0.17174 -0.28549
-0.26590 -0.15695 -0.22696
-0.24902 0.49411 0.17612
0.23259 -0.45448 0.21210
0.25327 -0.62412 -0.24193
-0.03565 0.11413 -0.47526
-0.28751 -0.03282 0.05514
-0.34038 0.10466 -0.28658
0.19125 -0.29806 0.21210
0.21192 0.61022 0.27816
0.22972 -0.47594 -0.34994
-0.10498 -0.07135 -0.12921
0.26597 0.14011 -0.14652
-0.07274 0.05805 0.32521
0.21534 0.47027 0.25416
0.15057 0.19907 0.19886
-0.29936 -0.07135 -0.17986
0.07631 0.77171 0.21494
0.18084 -0.07135 0.26970
-0.26590 -0.45108 0.19772
-0.03864 0.19907 0.22787
0.09726 0.51322 0.21744
0.17891 -0.11371 -0.34994
0.04307 -0.07135 -0.36515
0.21696 0.53129 0.24054
-0.05557 -0.21354 0.21210
-0.23022 0.77647 0.25663
0.18066 -0.62412 -0.14901
-0.26590 -0.23934 0.06419
0.08576 0.69652 0.32399
0.17817 0.58366 0.29262
-0.21477 -0.22927 0.21210
0.06666 0.19907 -0.37904
0.22700 -0.37846 0.21210
-0.26590 -0.37811 -0.32967
0.08560 -0.55629 -0.34994
0.25985 0.07097 0.24066
0.02261 0.09513 -0.35598
-0.35366 -0.06645 -0.26588
-0.03235 0.12431 0.24869
0.15651 0.04033 -0.44715
-0.00629 -0.62412 0.00079
0.21478 0.17828 0.11703
-0.19497 -0.07135 0.03034
0.35844 -0.06160 0.12884
0.01213 0.30285 0.20728
0.29615 -0.19635 -0.32119
-0.04700 0.29360 0.20022
0.11557 0.79309 0.31945
-0.25601 0.94140 0.19935
0.01798 0.07408 0.22885
-0.36477 0.00677 -0.23812
0.14581 -0.62412 0.05547
-0.20536 -0.00996 0.27522
0.18109 -0.47819 0.21210
-0.04671 0.69584 0.32831
-0.28015 0.01483 -0.20235
-0.26590 -0.56824 -0.12380
0.05008 0.30068 0.32913
-0.24920 0.19907 -0.31690
-0.28172 0.15131 -0.36185
-0.13170 -0.07135 -0.03327
0.21859 0.17241 -0.24004
0.12685 -0.34989 -0.34994
-0.33869 -0.04193 0.14498
-0.23376 0.65270 0.17794
-0.07747 -0.62412 0.10268
-0.38233 0.17094 0.05110
-0.28857 -0.07135 0.13823
-0.27006 0.12464 0.09170
-0.03542 -0.07135 0.09811
0.02578 0.18116 0.22740
0.39336 -0.00572 0.04326
-0.11887 0.19907 -0.43017
0.26684 -0.07135 -0.35962
-0.26590 -0.30582 -0.21979
0.04721 0.56696 0.32955
-0.22916 0.33661 0.25741
0.11898 -0.62412 -0.15660
-0.04961 0.76526 0.32797
0.24910 -0.07135 -0.30750
-0.17901 -0.62412 0.13433
0.26548 0.14743 0.23623
-0.01031 -0.03070 0.33266
0.26483 0.07778 -0.15270
0.02944 -0.62412 -0.31096
0.29761 0.11694 -0.35367
0.27810 -0.62412 -0.15620
-0.20462 -0.07135 0.08476
0.36311 -0.07135 -0.24143
0.40335 -0.02727 -0.13802
-0.16037 -0.00138 -0.44180
-0.10058 0.92886 0.32070
0.29615 -0.10380 -0.15406
0.29615 -0.48975 -0.29903
0.24155 -0.62412 0.20296
0.13315 0.92425 0.31192
0.16374 0.37774 0.22537
-0.07035 0.19907 -0.44322
-0.00447 0.07060 -0.47975
-0.26590 -0.56293 -0.25009
0.20185 0.08477 -0.25962
0.17203 -0.32866 0.21210
-0.20987 -0.24698 -0.34994
-0.26590 -0.30097 0.09060
0.01685 -0.07135 0.02220
0.08239 0.05767 0.26238
0.04859 -0.07135 -0.09072
0.27614 -0.00730 -0.09169
-0.36898 0.13594 0.08225
-0.26590 -0.21793 -0.00349
-0.24575 -0.07135 -0.10543
0.29615 -0.08301 -0.27423
0.04900 0.02684 -0.47440
-0.17410 0.19907 -0.34426
