-0.83370 -0.34766 0.32600
-0.35666 -0.43472 0.33396
-0.20598 0.33647 0.30491
0.29659 -0.03282 0.31695
-0.80427 -0.21397 -0.19887
-0.53512 -0.07964 0.27591
0.84572 0.40189 -0.30247
0.41641 -0.43003 -0.30249
0.50446 -0.32455 0.12710
-0.00707 0.11010 -0.21454
-0.64847 0.40189 -0.22406
-0.06288 -0.13003 -0.22559
-0.53395 0.16089 0.03162
0.74916 -0.08700 -0.07109
0.21136 0.39156 -0.07159
-0.81855 0.40189 0.11926
0.61927 0.16089 -0.16164
0.65745 0.40189 0.32942
-0.39680 -0.08700 -0.21420
-0.08180 0.13076 0.23305
-0.01864 -0.29701 -0.01598
-0.18183 0.39156 -0.09652
0.84680 -0.42251 -0.32315
-0.42192 -0.30390 -0.27655
0.32413 -0.02303 -0.15758
-0.43877 0.31582 0.32326
0.79600 -0.13183 0.31722
0.08107 -0.37964 0.28174
0.60281 -0.06634 -0.00485
-0.71634 0.14023 -0.14796
0.20594 0.40189 0.32772
0.03490 -0.13003 0.11641
-0.80427 -0.00605 0.19992
-0.72131 -0.06634 0.07389
0.84830 -0.42823 0.07898
-0.32141 0.16150 0.03173
0.82764 0.20910 0.11718
-0.61224 -0.32455 0.09874
0.32413 0.26264 -0.29050
0.04450 -0.41052 -0.32315
-0.35886 -0.32455 0.09471
0.37071 -0.32455 -0.15948
0.20817 0.11010 0.07600
-0.33923 0.19712 -0.32315
-0.65101 -0.32455 0.01448
0.58145 0.40189 -0.06296
-0.36945 -0.06634 0.08834
-0.50238 0.40189 0.07167
0.44296 0.16089 0.17181
0.48939 0.02632 -0.32315
0.59678 -0.15263 -0.31626
-0.36801 0.16089 0.22642
-0.07588 0.40189 0.08143
-0.69357 -0.01041 -0.31626
-0.49630 -0.40112 0.33788
0.39800 -0.34858 0.27591
0.14657 -0.02818 -0.31626
-0.82492 -0.42322 0.02508
-0.17739 -0.15104 0.32172
-0.80427 0.32669 -0.05615
0.80698 0.07705 -0.30909
0.63519 -0.30390 -0.25074
0.01292 0.33498 -0.31626
-0.73843 0.24068 0.33099
0.70111 -0.42986 0.33169
-0.10439 -0.43472 -0.31245
-0.07080 -0.30390 0.22891
0.40987 0.40189 0.16104
-0.80427 0.22122 0.05555
0.41459 -0.06634 0.07969
-0.57083 0.23964 -0.31626
-0.72553 -0.42016 -0.30249
-0.52285 -0.30390 0.04119
0.69813 0.13212 0.33099
-0.21454 -0.10937 -0.23467
-0.80427 0.21578 -0.28501
-0.63706 0.16089 0.09311
0.82764 -0.22072 -0.20311
0.54462 0.29962 -0.32315
-0.80427 0.06252 -0.15292
-0.59930 0.40189 0.18243
0.30348 0.29447 0.12814
0.22014 -0.29701 0.09531
-0.30075 0.31120 -0.25866
0.57661 -0.08435 0.27591
-0.32141 0.22972 -0.23758
-0.33212 -0.08700 0.15481
-0.20246 -0.29701 -0.20173
-0.30075 0.27483 0.15959
0.81970 0.40189 0.27614
0.75486 0.39156 0.02804
0.14783 -0.16387 0.33788
0.38124 0.16089 -0.25740
0.32947 -0.19154 -0.32315
-0.17382 -0.10937 -0.03863
0.15860 -0.10937 -0.09764
0.14020 0.37090 0.23439
0.45990 0.26056 0.33444
-0.19875 0.20151 -0.32315
0.82764 0.04133 -0.03607
0.14275 0.11010 0.26630
0.80698 -0.20537 0.03284
-0.38220 -0.17927 0.33099
-0.33765 -0.30390 0.22828
-0.50198 -0.08700 -0.03436
0.17334 0.11010 -0.22454
-0.47488 0.16089 -0.11989
-0.82492 -0.19738 0.01441
0.82764 0.19540 -0.20639
-0.23389 0.11010 -0.22055
-0.02361 0.13076 -0.00741
-0.73069 -0.32455 0.04305
0.46716 -0.16124 0.33444
0.78235 -0.08700 0.15385
-0.68875 -0.01450 0.33444
0.13415 -0.29701 -0.18010
0.26905 -0.19625 0.20110
-0.44017 0.39156 -0.13621
0.43567 0.40189 -0.24364
-0.60348 -0.19850 -0.32315
-0.70885 -0.20195 0.33099
0.71930 -0.32455 -0.04263
-0.01900 0.35158 0.29656
-0.30075 -0.23327 -0.22599
-0.32141 0.01068 -0.03297
-0.14687 -0.43472 0.31881
-0.67471 -0.08700 -0.15711
-0.58907 -0.06634 0.21352
-0.71250 0.40189 0.01453
0.63967 -0.06634 -0.25296
0.56553 -0.43472 -0.30589
-0.44609 0.07242 0.33444
0.32413 0.17492 -0.07102
-0.22888 -0.32455 -0.04110
0.65365 0.16089 0.11874
0.28282 -0.19491 -0.05807
-0.61921 -0.41848 -0.32315
-0.25795 0.40189 -0.00815
0.01071 0.00481 -0.32315
-0.01008 0.40189 -0.16014
-0.30075 -0.21395 -0.17677
0.52331 -0.32455 -0.05985
-0.30075 0.04494 0.21919
0.02595 -0.21928 -0.28183
0.84373 -0.33397 0.25738
-0.18889 0.39156 -0.30567
-0.19136 -0.13003 0.16507
-0.76067 0.15837 0.27591
-0.84224 0.40189 -0.26379
0.67068 0.37090 -0.25042
-0.50004 -0.02780 -0.32315
0.40688 0.14023 -0.08323
-0.56284 0.15266 0.33444
-0.41097 0.39156 0.25461
0.13610 0.21739 -0.32315
0.49202 0.05051 0.33444
0.82764 0.26591 -0.05825
0.70555 -0.32455 0.11231
0.22323 0.40189 -0.28330
0.23170 -0.35669 -0.32315
-0.26632 -0.21683 -0.00609
-0.32141 0.03426 -0.24521
-0.47106 0.14023 0.18875
-0.30075 0.33659 -0.07558
-0.54780 -0.41416 -0.32315
-0.63269 -0.30390 -0.14805
0.55727 0.39156 0.01895
-0.72658 0.40189 0.08296
0.46049 -0.08700 -0.14111
-0.44483 0.16089 -0.25900
-0.80427 -0.15712 0.23859
-0.21580 0.13076 0.08543
0.66599 0.06574 -0.31626
-0.42793 0.38036 -0.32315
0.22339 -0.32455 0.23101
0.56056 -0.33354 0.29656
0.73244 0.25238 -0.31626
-0.84558 -0.39353 -0.17784
0.80698 0.01133 0.16901
-0.30075 -0.02022 -0.29511
-0.64098 0.31582 0.32474
-0.82492 -0.04353 -0.09676
-0.34514 -0.43472 -0.31510
0.82764 0.05522 0.30009
-0.38550 -0.17856 -0.32315
-0.78361 -0.37224 0.19452
-0.13453 -0.22179 -0.31626
0.30348 0.00108 0.04673
0.38547 -0.06634 -0.22085
0.80698 -0.35776 -0.16048
-0.03106 -0.30390 -0.22966
-0.30075 0.23806 0.28842
-0.82199 0.40189 0.30572
0.24651 -0.32455 0.02705
0.80698 0.31744 0.20687
0.40894 0.39156 -0.09594
0.22918 -0.10937 0.10314
0.15001 0.39156 0.06645
-0.79958 -0.10281 -0.32315
-0.62741 0.40189 -0.13209
0.33136 0.13531 0.29656
0.30191 0.06238 -0.32315
0.77945 0.40189 -0.12603
0.26905 -0.24891 -0.19146
-0.37079 0.14023 -0.09183
0.63964 -0.21663 0.33099
-0.67818 -0.36566 0.29656
-0.24993 0.39156 0.18742
0.36367 0.14023 0.10272
0.17313 -0.19529 -0.28183
0.80775 -0.08674 -0.31626
0.75685 -0.27985 -0.32315
-0.82492 0.15812 -0.11236
0.75925 0.14023 -0.02840
0.64385 0.06502 0.33099
-0.80427 0.06002 0.01317
0.82764 0.01414 -0.19992
0.81639 0.24695 0.29656
0.48002 0.40189 0.32585
0.10268 -0.10937 -0.20414
-0.03498 -0.19372 0.31422
-0.24707 -0.29094 0.33788
0.50790 -0.06634 0.10931
0.55142 0.15043 0.27591
-0.65087 0.25302 -0.32315
0.27139 -0.41369 0.33291
0.57121 0.40189 0.18477
-0.33773 -0.04445 0.32554
-0.42561 -0.32455 -0.11463
0.35832 -0.24830 0.34476
0.04254 0.16859 -0.32315
-0.55316 -0.23007 0.33099
0.30348 0.28597 0.23229
-0.14303 0.03325 -0.32315
0.43839 0.17288 -0.32315
0.48252 -0.12558 -0.31626
-0.66987 0.16089 -0.00432
0.10670 0.13076 -0.07560
0.31523 0.39156 0.02229
0.82764 -0.23729 0.20010
-0.35115 -0.08700 0.01238
-0.28009 -0.21462 0.13815
0.34367 0.40189 0.29517
0.61851 0.34126 0.31722
-0.20697 -0.29701 0.10469
-0.26763 -0.19372 0.25729
-0.55495 -0.32455 -0.25324
0.36976 -0.30390 0.05183
0.26951 0.40189 -0.30301
0.38009 -0.30390 0.20192
-0.31081 -0.15747 -0.32315
0.03534 0.13076 0.14422
0.07947 -0.29701 0.17639
0.61460 -0.30390 -0.01121
-0.22441 -0.32455 0.23906
-0.80427 0.28214 0.21196
0.09592 -0.32455 0.05440
0.25273 -0.13003 -0.15346
-0.29591 0.33647 0.30595
0.55392 0.39969 -0.32315
0.51485 0.14023 0.01530
0.43430 -0.07230 0.27591
-0.77093 0.14023 0.12196
-0.77193 0.01547 0.34476
0.32413 0.29603 -0.14168
-0.30075 0.26984 0.01775
-0.00030 -0.08234 -0.31626
0.66045 -0.08700 -0.15271
-0.45123 -0.32455 0.20574
-0.58113 0.14023 0.20646
0.30348 0.33303 -0.19987
-0.84544 -0.34226 -0.32315
0.28983 0.39156 0.18838
-0.20214 0.10666 0.27863
0.23681 0.13076 -0.09827
0.25638 -0.10937 0.29014
-0.75431 -0.25238 -0.32315
0.76807 -0.27686 0.34476
0.44566 -0.28401 -0.32315
0.32413 -0.03301 0.19262
-0.61333 0.07015 -0.32315
0.71640 0.39156 0.16524
0.50259 -0.30390 -0.21288
-0.13759 0.11010 -0.10735
-0.61805 0.14023 -0.22077
-0.24257 -0.30368 -0.31626
0.82764 -0.16829 -0.07286
-0.30075 0.19359 0.23077
0.73054 -0.08700 0.25413
-0.11144 -0.32455 0.09638
-0.53464 0.39156 0.30001
-0.39733 0.40189 -0.01422
-0.11639 0.40189 -0.06144
0.72359 -0.02707 0.33099
-0.30075 0.36123 -0.15921
0.11683 0.40189 -0.17721
-0.73512 -0.32455 -0.08923
-0.80427 0.29231 -0.20486
-0.57044 0.36465 -0.32315
0.84830 -0.41547 0.23062
0.36418 -0.04664 -0.32315
-0.50525 -0.20760 -0.31626
-0.38696 0.39156 -0.25044
-0.45157 -0.06634 0.19940
-0.64289 0.13941 0.33444
0.84830 -0.34924 -0.03009
0.27842 0.11010 0.22042
-0.69590 0.40189 0.23363
0.52798 0.19687 -0.32315
-0.55003 0.01715 0.33099
-0.10232 -0.13003 -0.16638
0.11681 -0.13003 0.22935
-0.01767 0.37090 0.20662
0.52432 0.16089 -0.08924
-0.56935 0.40189 -0.04807
-0.09597 -0.32455 -0.12351
0.11649 -0.15513 -0.31626
-0.03626 -0.35216 0.33788
0.63069 -0.08700 0.17588
0.40769 0.30138 -0.32315
0.02757 0.40189 -0.00036
0.08759 -0.29263 0.33788
0.04094 -0.30390 -0.09694
-0.43266 0.21729 0.33444
0.37771 -0.08700 -0.06086
-0.26802 -0.32455 0.02087
-0.58392 -0.32632 0.27591
-0.66367 -0.30390 0.18841
0.10759 -0.13003 0.01156
-0.52559 -0.08700 -0.15710
-0.08624 -0.13003 0.09422
-0.77118 -0.25756 0.29656
0.57723 -0.07300 -0.31626
0.10302 0.39156 -0.30598
0.36007 -0.15187 0.34476
0.32413 -0.16355 0.08532
0.01271 -0.13003 0.24086
0.29900 -0.32455 -0.03504
-0.82492 0.03462 -0.25407
-0.38111 0.39156 0.12619
0.13194 -0.31803 -0.32315
0.72127 -0.12526 -0.31626
0.80698 0.11049 0.08397
0.80698 -0.27584 -0.01017
-0.58906 -0.08700 0.06547
-0.80320 -0.06634 -0.02378
-0.65455 -0.08700 -0.26631
-0.32141 -0.26395 -0.09755
-0.37423 0.05358 -0.32315
-0.42460 -0.26078 0.33444
-0.71544 0.16089 -0.29032
0.76798 -0.08700 0.03767
0.67687 -0.32455 0.23800
0.78633 -0.35992 0.17294
0.82764 0.33589 0.08957
0.65234 0.16089 -0.06935
0.29983 0.26400 0.31722
0.38193 0.14023 0.02612
0.68114 -0.37546 -0.32315
-0.62485 -0.42173 0.33478
-0.06391 -0.30827 -0.31626
-0.13632 0.40189 0.25435
-0.72580 0.40189 -0.32277
-0.29564 -0.10937 -0.07027
0.65463 -0.32455 -0.12475
0.67752 0.39156 -0.04242
0.57266 0.39156 -0.18432
0.76247 0.32233 0.31722
-0.81548 0.39156 -0.12992
-0.30075 -0.10658 0.29238
-0.04942 0.13251 -0.32315
0.71698 0.01939 -0.31626
0.18856 -0.26524 0.31722
-0.74365 -0.30390 -0.21808
-0.26278 -0.36503 0.27591
0.32413 0.04953 -0.06342
-0.82492 -0.04447 0.09421
-0.02938 -0.30390 0.09688
0.50606 0.14023 -0.22688
0.80698 0.34789 -0.20319
0.30348 0.10518 -0.21921
0.06244 0.11010 -0.16678
-0.11937 0.37090 -0.21707
0.80698 0.13044 0.22144
0.17111 -0.41918 -0.30249
0.20373 -0.29701 -0.09772
0.32413 0.28000 0.00316
-0.53796 0.39156 -0.21783
-0.41675 0.28407 -0.31626
-0.10812 0.26132 -0.31626
-0.82492 -0.16094 -0.10522
-0.84558 -0.39034 -0.06825
-0.41480 -0.41042 -0.32315
-0.55837 0.16089 -0.09418
-0.32141 0.08187 -0.03310
-0.52133 -0.30390 0.25462
-0.64764 -0.10475 0.33099
-0.09830 -0.28041 0.33788
-0.82492 0.32542 0.31670
0.56041 -0.41553 0.33305
-0.22485 0.28475 -0.31626
0.02756 -0.10937 -0.07183
-0.82492 -0.27894 -0.04286
0.32413 -0.11415 0.20403
-0.62348 -0.06634 -0.05695
-0.84558 -0.35464 0.10362
-0.82492 -0.04344 0.25747
0.68239 0.24282 0.33099
0.75077 0.14023 -0.13909
0.32413 -0.17078 -0.23416
0.01200 0.12582 0.29130
-0.27761 0.13198 -0.32315
0.28211 -0.30231 0.31722
0.03522 0.11010 -0.27462
0.69410 0.14023 -0.25493
0.58697 0.14023 0.11888
0.82764 -0.14817 0.14170
-0.40054 -0.06634 -0.09802
0.07138 0.39156 -0.07467
-0.11584 0.13076 0.13664
-0.82492 0.15287 -0.18933
-0.80427 0.18489 0.17336
-0.58039 -0.01313 -0.32315
0.82764 0.29606 -0.29743
-0.29758 0.37451 -0.31626
0.47337 -0.28821 0.31722
-0.30075 -0.00611 0.12331
0.21988 0.24172 -0.31626
0.29057 0.39156 -0.14394
0.25235 -0.13003 -0.30005
0.84608 0.39828 -0.04806
-0.24906 -0.40421 -0.30249
-0.03520 -0.02549 -0.31626
0.72596 -0.30390 -0.20865
0.09144 0.38244 0.31722
0.83120 -0.42479 -0.21128
-0.52934 -0.32455 -0.09912
0.09889 0.11010 0.04966
-0.45524 -0.07446 0.33099
-0.13557 0.13076 0.01851
0.82764 -0.08257 -0.15115
-0.31831 -0.32455 -0.21187
-0.30075 0.22456 -0.12082
-0.43275 0.14023 0.01130
-0.80427 -0.16721 0.11204
-0.69059 -0.12363 -0.32315
0.80698 -0.14095 -0.21194
0.22095 -0.29701 -0.24403
-0.12840 -0.32455 0.27814
0.30348 -0.28009 0.12947
-0.80427 0.33653 0.05232
-0.23941 0.40189 -0.19258
-0.22702 -0.24383 0.33788
0.47792 0.39156 0.08218
-0.76930 -0.10712 0.31722
0.64570 -0.23107 -0.31626
0.12656 0.05755 -0.31626
-0.63362 -0.08700 0.14790
0.80158 -0.43472 0.32984
-0.30075 -0.05181 -0.20667
-0.32865 0.07771 0.31722
-0.34401 -0.30390 -0.02428
0.38245 0.37090 -0.27244
-0.82492 0.07832 0.23078
-0.77725 0.06473 -0.32315
0.83660 -0.33832 -0.30417
-0.12263 -0.10910 -0.31626
-0.03272 0.13076 -0.09351
-0.24366 -0.13604 0.31722
-0.18551 0.40189 0.08558
-0.06310 0.39156 -0.30418
0.30348 -0.05042 -0.23130
-0.31790 -0.26941 -0.32315
-0.36263 0.29306 0.34476
0.80698 0.22206 0.22184
-0.74959 -0.08700 0.17490
0.22738 0.40189 0.13834
-0.76870 0.31659 -0.32315
-0.40146 0.16089 -0.19346
0.32413 0.35644 -0.05594
-0.11183 -0.29701 -0.01168
-0.62948 -0.31447 -0.32315
0.32492 -0.30390 -0.31383
0.45928 0.14858 0.33099
-0.82849 -0.33832 -0.19851
0.63906 0.20859 -0.32315
0.63682 -0.10676 0.33099
0.38602 0.31582 0.32074
-0.80427 0.13924 -0.01737
0.27037 -0.42554 -0.32315
0.42554 0.39156 0.00618
0.32413 0.15705 -0.15514
-0.40568 -0.08435 -0.32315
-0.62400 -0.30287 0.31722
-0.13735 0.13076 -0.21849
-0.77946 -0.43472 0.32909
0.12584 0.40189 0.14536
-0.74869 0.37090 -0.25026
0.04740 -0.15951 0.33034
0.26980 -0.05206 -0.31626
0.84027 0.40189 0.17218
-0.74119 0.13141 0.33444
-0.50716 0.16089 -0.21341
0.81387 0.18582 -0.31920
0.26097 0.14465 -0.32315
0.25180 -0.19131 0.33788
-0.22407 0.13076 -0.12206
0.01616 0.40189 -0.25066
0.48195 -0.05330 0.33444
-0.04587 -0.17301 -0.31626
0.53232 -0.08700 -0.24096
0.56190 0.40189 0.32071
0.30348 -0.11387 0.01417
-0.80427 -0.04064 -0.23286
-0.70008 -0.08700 -0.02927
-0.28494 -0.30390 -0.15274
-0.26804 -0.42444 0.31722
0.12645 -0.30390 0.25843
-0.78429 0.39156 0.21692
-0.64644 0.38119 0.31722
0.41876 -0.07477 -0.32315
0.80916 -0.21076 -0.31626
0.17146 0.32652 -0.32315
-0.44337 0.14023 0.09621
-0.13220 -0.22782 0.30345
-0.30075 0.09915 0.13955
0.25150 -0.32455 -0.15838
0.24848 -0.19564 -0.28183
-0.55095 0.29586 0.33099
0.72910 0.03220 0.33444
-0.37479 -0.33832 0.33035
0.80034 -0.08700 -0.25989
0.15301 -0.32455 -0.02756
0.57857 0.02820 -0.32315
0.32413 0.18941 0.03012
-0.56604 -0.10720 -0.31626
-0.14493 -0.33481 -0.31626
0.47323 -0.32455 0.24182
-0.14756 0.39156 0.15057
-0.82492 0.05807 0.11773
-0.60309 0.40189 0.05679
-0.20141 -0.08495 -0.32315
-0.84543 -0.42602 0.22962
0.39135 -0.00803 0.33099
-0.72301 0.39156 -0.09226
-0.32141 0.04054 -0.13185
0.74693 0.16089 0.06078
0.74010 0.14023 0.16855
0.57366 -0.32455 -0.14727
-0.84045 -0.42926 -0.32315
0.03862 -0.29701 0.26564
0.30348 0.07948 0.10411
0.80698 -0.33486 0.06342
-0.49783 0.17976 -0.32315
-0.44810 -0.32455 -0.02534
0.56271 0.27208 0.33099
-0.48470 0.40189 0.18464
0.65450 0.31721 -0.31626
0.62122 0.40189 0.09879
0.32413 0.18495 0.18740
0.73646 0.36690 -0.32315
0.51845 0.16089 0.18647
-0.50343 -0.32455 -0.18849
-0.30075 0.34381 0.08853
0.54062 -0.08700 -0.09328
-0.74700 -0.33832 0.33479
-0.70395 0.14023 0.18360
0.23771 0.05322 -0.31626
-0.48650 0.16089 0.27378
0.82764 -0.06901 0.22717
-0.33284 0.14703 0.32178
0.17885 -0.42438 0.31722
0.44598 0.09073 -0.31626
-0.26895 -0.32455 -0.25643
-0.07737 -0.10937 -0.00423
-0.71710 -0.41665 0.33788
-0.68454 -0.06634 0.24478
-0.80489 0.21827 0.29656
0.22780 0.39156 -0.01638
0.40308 -0.24421 -0.32315
0.09178 -0.22898 -0.32315
0.59448 -0.30390 0.16499
0.21349 -0.13003 0.02099
0.30204 0.05294 0.31722
-0.72790 0.31582 0.33567
0.62690 -0.31151 0.31722
-0.39259 -0.06634 0.25245
-0.83310 -0.42789 0.12204
-0.41497 -0.00657 0.33444
-0.32603 0.14023 -0.21693
0.55509 -0.17261 0.33099
0.71091 0.37090 0.26544
0.01077 -0.43472 0.31991
0.68049 0.40189 -0.14035
0.56442 -0.03720 0.33099
0.45392 -0.30390 -0.11766
0.21177 -0.34490 0.33788
0.41352 0.37090 0.25226
-0.36652 -0.32455 -0.19254
-0.54038 -0.15149 0.33444
0.13094 -0.10937 0.10157
0.32413 -0.23162 0.02393
-0.82492 0.39623 -0.00212
0.81744 -0.03869 0.29656
0.07775 -0.30390 -0.22943
0.77256 0.16531 0.29828
0.36606 -0.30390 -0.06666
0.28282 -0.20745 0.31160
-0.03950 0.25860 -0.32315
0.20664 -0.13003 0.17009
0.00192 -0.13003 -0.25559
-0.27953 -0.10937 0.21821
0.79489 -0.32455 -0.08871
0.65523 0.14023 0.04300
0.41482 0.39080 -0.32315
-0.32544 -0.26402 0.31722
0.11426 0.13076 -0.29290
0.03684 0.39156 0.15844
0.46698 0.40189 -0.15733
-0.26921 -0.32455 0.17347
-0.82492 -0.30502 0.14337
0.80698 0.26130 0.01874
0.83071 -0.41897 -0.09425
-0.68737 -0.25658 -0.31626
-0.66684 0.24043 0.33444
-0.80427 -0.27743 0.22506
0.64111 0.40189 -0.29135
-0.12164 -0.05956 -0.31626
0.72325 -0.35218 0.29656
0.32413 0.20042 0.28828
0.44124 -0.08700 0.17490
0.82764 0.17143 0.01465
-0.13379 0.13076 -0.29045
0.51056 0.10309 -0.32315
0.32413 -0.19047 0.23055
-0.50740 -0.33248 -0.31626
0.20847 0.11010 0.18681
-0.51224 0.30712 -0.32315
-0.32141 0.33524 0.22063
0.29386 0.36544 0.29656
0.53945 0.33940 0.29656
-0.30075 -0.04074 0.02239
-0.32141 -0.18893 -0.06886
-0.32141 -0.15488 0.16889
0.29245 0.11010 0.03363
-0.61874 0.16049 -0.32315
-0.13354 0.39156 0.01505
-0.09458 -0.10937 0.18569
0.71237 -0.15808 0.33099
0.33454 0.19279 -0.32315
-0.03251 -0.13003 -0.13578
0.01468 -0.32455 -0.30576
-0.42379 -0.32455 0.28498
-0.27130 0.13076 0.22130
0.16535 0.34021 0.31722
-0.22174 -0.22213 -0.32315
0.80698 0.09559 -0.20981
0.75608 0.12158 -0.32315
0.53000 -0.24644 -0.31626
0.20702 0.40189 0.24979
0.72553 -0.08700 -0.25160
0.43189 -0.24204 0.33444
-0.23956 -0.10937 0.08821
-0.46434 0.05286 -0.32315
-0.64821 0.39138 -0.32315
0.40924 0.16089 0.25399
-0.28910 -0.27635 0.28105
-0.34102 0.32912 -0.32315
-0.79086 -0.01515 -0.32315
-0.50727 -0.33731 0.33788
0.82764 -0.25441 0.11132
-0.28009 -0.27956 0.08723
0.77815 0.10130 0.34476
-0.26639 0.13076 0.00874
0.06706 -0.24299 0.30345
-0.58936 -0.32455 -0.05100
0.80698 -0.16891 0.25269
0.07323 -0.30390 -0.01257
0.82635 0.31433 0.29656
0.49298 -0.37964 -0.30917
-0.34425 0.40189 0.22030
0.82764 -0.05191 -0.04148
-0.73908 0.25160 -0.31626
0.53357 -0.08700 0.20763
-0.16345 -0.30390 0.18724
-0.80427 -0.28694 0.06185
0.27864 -0.19372 -0.14749
0.06598 0.39156 0.24300
0.04945 0.27342 -0.31626
0.30348 0.03876 0.22950
0.23947 -0.32455 0.16215
-0.77471 0.16089 -0.24356
0.48851 -0.34429 0.33788
-0.80427 0.24036 -0.13178
-0.59188 0.37090 -0.24063
0.82764 0.34958 0.01981
0.36919 0.05405 0.34132
0.78633 -0.36091 -0.04334
-0.82492 0.01402 0.27223
0.18590 -0.13003 0.27148
-0.65014 0.16089 0.24238
-0.03650 0.40189 -0.00974
0.19863 0.39156 -0.19538
0.28282 -0.27242 0.21063
-0.11244 -0.29701 -0.24999
0.40822 -0.35858 -0.29560
0.47512 0.14023 0.09729
-0.14789 0.40189 0.33656
-0.44360 -0.08700 0.04805
0.82764 0.29110 -0.21018
-0.03354 -0.32455 -0.16424
0.55994 0.07198 0.33099
-0.09357 0.18866 -0.32315
0.62010 0.16089 0.19811
-0.18142 0.40189 -0.23786
0.80698 0.00477 0.03859
0.35244 0.40189 -0.17639
0.80698 0.19567 -0.07365
0.28282 -0.26306 -0.13212
-0.82492 0.31146 0.13958
0.76887 0.40189 -0.24159
-0.29534 -0.02260 0.29656
-0.05299 -0.30390 -0.07370
0.47225 0.32876 -0.31626
0.14607 -0.29701 0.12711
0.41501 -0.38248 0.33788
-0.28107 0.06214 -0.31626
-0.80427 -0.18735 -0.30182
0.84297 -0.43472 -0.00054
-0.31615 0.40189 -0.08844
0.65042 -0.01043 -0.31626
0.56329 -0.26898 0.33444
-0.51343 0.40189 -0.13675
-0.08534 0.37090 0.25100
-0.82492 0.17760 0.25467
-0.73589 -0.32455 -0.30306
0.51899 0.40189 -0.21773
0.28282 -0.26915 -0.26309
0.49577 0.39156 0.16000
-0.11871 -0.10937 0.28588
0.00129 -0.27300 0.33788
0.49698 0.39156 -0.06361
-0.59729 0.09130 0.33444
0.16837 -0.10937 -0.27213
0.42229 -0.30390 0.11303
-0.67069 0.40189 0.14181
0.35373 0.40189 0.09308
-0.30075 -0.01705 -0.10860
0.30348 -0.11504 -0.09895
-0.49908 0.40189 -0.06602
-0.34778 0.40189 0.04286
-0.73200 0.14023 -0.06252
-0.20893 0.09010 -0.32315
-0.04731 -0.11130 0.29656
-0.80427 0.09619 -0.23147
-0.72046 -0.27291 0.34395
-0.36653 -0.02542 -0.31626
-0.82492 0.04382 -0.07241
0.00537 -0.32455 0.17607
0.32413 -0.23664 -0.25940
0.18705 -0.26617 -0.29560
-0.80427 -0.34051 -0.02147
0.60394 0.16089 -0.24521
0.20985 0.37090 0.20534
-0.32141 -0.27602 -0.16961
0.09100 -0.08084 -0.32315
0.26676 0.32146 -0.31626
0.25648 0.40189 0.06402
0.82764 -0.00909 -0.26832
-0.20814 0.00325 -0.32315
0.39609 0.20410 0.33099
0.68888 0.31582 0.32763
0.61382 0.37090 0.24334
-0.68996 0.39156 -0.16995
0.32413 0.35037 -0.28629
0.80967 -0.24191 0.29656
0.66920 -0.06634 0.10431
-0.82234 -0.13611 0.31722
-0.04158 -0.37964 -0.30986
-0.49238 0.26183 0.33099
-0.76683 -0.06634 -0.12923
-0.38772 -0.09348 0.33099
0.32413 -0.23128 0.10623
0.40059 0.14023 -0.16870
-0.35695 0.39156 -0.12468
-0.82492 0.22092 -0.01484
0.41661 0.10222 0.33444
-0.06931 -0.29701 0.16025
0.28282 -0.26548 0.05244
-0.76404 -0.32455 0.12103
-0.32141 -0.15894 0.00187
0.76829 0.39156 0.22210
-0.15445 -0.30390 -0.11138
0.55743 -0.35459 -0.32315
-0.45163 0.39156 0.02935
-0.64369 0.16089 -0.08238
-0.62186 -0.02869 0.33444
0.30348 0.08196 -0.13075
-0.05566 -0.10937 -0.06943
0.32413 -0.03108 -0.06200
-0.25131 0.37090 -0.26536
-0.71683 -0.06634 -0.28049
0.80698 -0.29111 -0.20549
-0.82492 0.33294 -0.13621
0.69706 -0.30390 0.02514
0.68535 0.40189 0.03779
-0.32681 0.40189 0.28868
0.35167 -0.29940 0.29927
-0.19291 -0.13003 -0.15864
-0.59557 0.37090 0.25760
-0.25845 0.40189 0.26442
0.33589 -0.36823 -0.32315
-0.28009 -0.25211 0.21846
-0.82492 -0.08986 0.20992
-0.30722 -0.34516 0.33788
-0.82492 -0.34415 0.25391
0.39378 0.02954 -0.32315
0.41867 0.39156 0.31363
-0.37383 -0.26551 -0.31626
0.82764 -0.08964 0.06848
-0.10031 0.34147 -0.32315
-0.32141 -0.11495 -0.27983
0.62298 0.16033 0.33444
0.36841 0.10647 -0.32315
-0.19054 -0.32455 0.02599
0.14957 0.39156 -0.03968
0.08325 -0.13003 -0.12848
0.67265 -0.08700 0.24490
0.20260 0.13076 -0.00187
0.60601 -0.37964 0.28764
-0.64535 0.40189 -0.03498
0.32413 -0.09563 0.08495
-0.79061 0.15350 -0.31626
-0.72602 -0.15807 0.33444
-0.45928 0.40189 -0.22671
0.04613 -0.18562 -0.31626
-0.25786 0.40189 -0.11487
-0.36235 -0.35058 -0.31626
-0.03472 0.06801 -0.32315
-0.32141 -0.09672 -0.12859
-0.30075 0.27274 -0.15398
-0.47463 -0.10212 -0.32315
-0.41072 0.12116 -0.31626
0.44560 0.16089 -0.01658
-0.10830 0.40189 -0.12875
0.51739 0.17198 0.33444
-0.46444 -0.16885 0.33444
-0.57210 -0.32455 0.15357
-0.70282 0.07218 0.33444
-0.16170 -0.29503 0.31722
0.80698 -0.21976 -0.12966
0.82764 0.02214 -0.12114
-0.82492 -0.38354 -0.26017
0.80621 0.40189 0.09708
-0.74296 0.40189 -0.14595
0.71267 0.16089 0.27054
0.29659 -0.16043 0.29841
0.73258 -0.08700 -0.18380
0.45513 -0.06634 -0.22479
0.19971 0.12196 -0.31626
-0.51560 -0.08700 0.08900
-0.80427 -0.30410 -0.25868
0.02619 0.39238 -0.32315
-0.56505 -0.37964 0.31441
0.58252 -0.08700 -0.15363
-0.74591 0.39156 0.28137
0.46590 0.24207 -0.32315
-0.09993 0.13076 -0.15891
0.19897 -0.07175 -0.32315
-0.80427 -0.19356 0.17530
-0.55674 0.12170 -0.31626
-0.10292 -0.16911 -0.31626
0.29782 0.39156 -0.24446
0.78777 -0.37964 -0.31084
-0.26632 -0.24458 0.07068
0.77848 -0.18681 0.34476
0.75010 -0.04287 -0.32315
0.06127 -0.29701 0.11029
-0.33768 0.40189 -0.20656
-0.55052 -0.26862 -0.32315
-0.46865 -0.35128 0.27591
-0.80427 0.21790 -0.20270
-0.67774 -0.30390 0.09470
0.14980 0.11010 -0.15165
0.05231 0.11010 -0.03066
0.42199 -0.17324 -0.32315
0.32413 0.23607 0.07376
0.02772 -0.10937 -0.18783
-0.42666 0.39398 0.32916
0.65281 -0.30915 -0.32315
0.33946 -0.07490 0.27591
0.48358 0.34008 0.33477
0.23482 -0.24829 -0.32315
-0.47197 0.40189 0.27532
-0.69704 0.14023 -0.22161
-0.73325 0.40189 0.16441
0.44489 -0.30390 -0.04502
0.22325 -0.10937 -0.21434
-0.45679 -0.25017 -0.32315
-0.06345 0.11010 0.05366
0.11854 -0.32455 -0.11423
-0.82492 -0.00352 0.03055
0.70588 -0.23521 0.33444
-0.15596 -0.13003 0.06498
-0.40489 0.39156 -0.07360
-0.18380 -0.37475 -0.32315
0.82731 -0.35734 0.31722
0.64835 -0.02936 0.33099
0.54402 0.16089 -0.16210
-0.79956 -0.19686 0.31722
0.50086 0.40189 0.25382
-0.14915 0.11010 0.20059
-0.07715 0.38600 0.32233
0.31232 -0.37793 0.31722
0.58215 0.14023 -0.00360
0.32036 -0.32455 -0.21145
-0.30075 -0.12338 -0.22807
0.34881 0.40189 -0.03280
0.32413 -0.24237 -0.06666
-0.67194 -0.18567 -0.32315
0.41489 -0.08474 0.33444
0.03376 0.13076 0.04440
-0.04352 0.40189 0.14473
-0.77448 -0.36108 -0.31626
0.82764 -0.31150 0.18883
0.02526 -0.29701 0.04810
-0.02159 -0.13003 0.18687
0.83854 0.39201 -0.22139
-0.41736 0.14795 0.33444
0.08585 0.40189 0.02962
0.16262 -0.30986 0.31722
-0.69827 0.10079 -0.32315
-0.70423 -0.32455 -0.16014
-0.18878 -0.29088 -0.29560
-0.32141 -0.02307 0.20070
-0.78361 -0.36765 -0.12357
-0.30075 0.16192 -0.09390
0.74300 -0.18836 -0.32315
0.82764 -0.36072 -0.22873
0.74330 0.18647 -0.31626
0.82764 -0.25943 -0.26479
-0.03626 0.13076 0.14212
-0.09703 -0.37964 0.29482
-0.05255 0.37090 -0.25214
-0.20759 -0.17074 -0.31626
-0.44755 0.39156 0.11558
-0.73103 -0.05041 0.33444
0.31481 -0.25207 0.29656
-0.20419 -0.40809 0.33788
-0.57243 0.14023 0.13451
-0.08724 -0.27138 -0.32315
-0.78361 -0.37438 0.05904
0.43741 -0.32455 -0.25620
0.65779 -0.43472 -0.30917
-0.45463 0.37090 -0.27652
0.05563 -0.29059 -0.29560
0.30348 0.11445 -0.07596
-0.49124 -0.27733 0.31722
0.54451 0.39156 0.08402
-0.64320 -0.23624 0.33444
-0.58418 0.14023 -0.03045
0.27701 -0.19372 0.12253
-0.30075 -0.20741 -0.28870
0.65200 0.14023 -0.30806
-0.28068 0.11010 -0.16036
-0.30075 0.21672 -0.02984
-0.64357 -0.17440 0.33099
-0.80427 -0.21256 -0.05212
-0.05228 -0.29276 0.30345
-0.29387 -0.29960 -0.06223
0.73334 -0.09806 0.33099
-0.24412 0.35112 -0.32315
0.51084 -0.19408 -0.32315
0.53732 -0.10237 0.33099
0.61912 0.40189 0.05015
-0.32141 -0.22217 0.25151
-0.22831 -0.29701 -0.13636
-0.29387 -0.28172 0.15700
0.15856 0.39156 -0.11322
0.64573 -0.07959 -0.32315
0.80698 0.09613 -0.07540
-0.45999 -0.08700 0.26600
-0.69749 -0.36284 -0.29560
-0.47620 -0.37964 -0.31788
-0.53656 0.40189 0.00866
0.06652 0.13076 0.24732
-0.08667 0.13076 -0.03813
0.69252 0.14023 -0.01576
-0.44529 -0.17350 -0.32315
-0.30075 -0.07599 0.08137
-0.21430 -0.10937 0.02288
-0.54277 -0.06634 -0.28398
-0.37849 -0.37653 0.29656
0.42335 -0.32455 0.01808
-0.08918 -0.16273 0.33776
0.03219 0.39569 0.33060
0.82764 -0.39475 0.13519
0.22240 -0.29701 -0.03175
-0.83879 -0.41244 0.33109
-0.82492 0.37139 -0.20532
-0.24886 -0.32455 0.09291
-0.55572 0.22706 0.33099
0.50327 0.39156 -0.29126
-0.82492 -0.00329 -0.15819
0.84830 -0.35609 0.02395
0.32413 0.24343 -0.09703
-0.76859 0.14023 0.04043
0.10438 0.32361 -0.32315
-0.64329 0.32278 -0.32315
0.00784 0.39156 -0.06281
0.74190 0.37090 -0.20722
-0.59378 0.34076 0.29656
0.31587 -0.32455 0.08198
0.32413 0.36817 0.23465
0.80698 0.14845 0.14149
0.16903 -0.29701 0.21518
-0.31142 0.39156 0.15762
0.78460 -0.30390 0.28700
-0.28458 -0.18304 0.33788
-0.82492 0.36222 0.24255
-0.53229 0.05346 -0.32315
0.17598 0.38494 -0.31626
-0.60829 -0.08700 -0.22565
0.76351 -0.30390 0.15313
0.78050 -0.00473 0.34476
0.51447 -0.22864 0.33099
0.70638 0.39156 0.10182
0.80698 0.27528 0.11190
-0.47936 0.24353 -0.32315
0.33327 0.39156 -0.30782
-0.03641 -0.13003 0.04824
-0.32141 -0.21658 0.03754
0.32413 -0.03335 0.12485
0.52941 -0.32455 -0.26843
0.09045 0.13076 -0.22997
-0.82492 -0.09594 -0.05154
0.30348 0.16230 0.12025
-0.77909 0.07680 0.31722
-0.56878 -0.08299 0.33444
-0.18602 0.39156 0.20889
0.47338 0.14023 -0.12849
-0.29622 -0.33761 -0.31626
0.26905 -0.20170 -0.22713
0.38061 0.14023 0.19689
0.08667 -0.34149 -0.32315
-0.82492 -0.11255 -0.15159
-0.52532 -0.06634 0.19288
0.07910 -0.29701 -0.15565
0.16207 -0.29701 0.06207
-0.34635 -0.32455 -0.10817
0.63250 -0.08700 0.05250
0.30348 -0.10767 -0.19695
0.80698 -0.14624 -0.27847
0.02501 -0.10937 -0.00515
0.32229 -0.09301 -0.31626
0.16754 -0.35584 -0.32315
0.10684 -0.19622 0.30345
0.11740 -0.25874 0.31722
0.19685 -0.10937 -0.04009
0.82764 0.05317 0.11079
0.24047 -0.35725 0.29656
0.30348 0.33501 0.03703
-0.01831 0.39156 0.25785
0.45796 -0.37964 0.29001
-0.13332 0.11010 0.26919
-0.32141 -0.06457 0.25252
0.65516 0.39156 0.15306
0.23834 0.11010 -0.20892
0.68768 0.40189 -0.20032
0.05026 -0.11184 0.29656
-0.84558 -0.37901 0.28261
-0.82492 -0.21915 0.24767
-0.65297 0.05100 0.33444
0.63101 0.39156 -0.21124
-0.01504 0.19950 -0.31626
0.27232 0.40189 0.24788
0.25695 0.40189 -0.19510
-0.20981 -0.33927 0.29656
0.80761 0.35320 -0.32315
-0.82492 0.36387 0.17886
0.07536 0.39156 0.09337
0.41374 -0.30584 0.31722
0.06902 -0.13003 -0.27909
-0.15424 0.39156 -0.15571
-0.69523 0.29921 0.33444
0.00421 -0.27030 -0.31626
0.82764 0.29143 -0.11828
-0.08233 0.11010 -0.27546
-0.50158 0.18829 0.33099
-0.08847 -0.23684 -0.29560
0.64886 -0.32455 0.08026
-0.13493 -0.26051 -0.28183
-0.50032 0.05902 0.33444
0.01697 -0.34483 0.31722
0.80698 -0.03476 0.09668
0.59884 0.21843 0.33099
0.12814 0.40189 -0.24882
0.60577 -0.30390 -0.08718
-0.30075 -0.17600 0.09023
-0.73331 -0.32573 0.27591
-0.78960 -0.30390 -0.13383
-0.65140 0.16089 -0.28503
0.35047 -0.06295 0.33659
-0.77767 0.39156 0.03090
0.42063 0.39156 0.07499
-0.24312 0.40189 0.32132
-0.60560 -0.07039 0.27591
0.32413 0.03016 -0.29068
-0.78947 0.39726 -0.32315
-0.81018 -0.05678 0.31722
-0.35955 0.34051 0.29656
0.60464 -0.30390 0.22860
-0.80427 -0.08925 0.03470
0.13105 -0.10937 0.17005
-0.16035 0.31841 -0.32315
-0.30075 0.04606 0.01668
-0.35165 0.26716 -0.31626
-0.82492 0.23567 0.13969
-0.25590 0.40189 0.05612
-0.19161 0.11010 0.14123
-0.38429 0.14023 -0.25346
0.82764 0.37476 -0.14893
-0.05721 -0.24523 0.30345
-0.71342 -0.08700 -0.09197
0.56767 -0.06634 0.15760
0.55836 0.37090 -0.25744
0.25767 -0.30390 -0.29491
-0.22822 -0.20640 0.30345
0.52154 -0.06915 0.29656
-0.82492 0.38788 -0.07095
-0.36567 -0.11923 -0.32315
-0.21130 0.11010 0.21570
-0.32141 0.13785 0.09074
0.84830 -0.36887 0.18701
0.27996 0.21801 -0.31626
0.51768 -0.37964 0.30225
-0.56471 -0.32987 -0.32315
-0.41941 -0.34378 -0.32315
0.11304 -0.40413 -0.32315
-0.66195 0.39156 0.07988
0.53815 0.40189 -0.14783
-0.62778 -0.11887 -0.31626
0.32413 0.14916 -0.28208
-0.13724 0.39156 0.06984
-0.30075 0.27825 0.22708
-0.30075 0.11459 -0.27238
-0.56971 -0.06634 0.12192
-0.65932 0.37090 0.25729
0.81305 0.12654 0.29656
0.32413 0.23442 -0.15938
0.08220 -0.13003 -0.04843
-0.28009 -0.21821 -0.09966
0.06405 0.05105 -0.31626
0.28111 -0.34959 -0.29560
-0.16690 0.11010 -0.05189
0.45721 0.14023 -0.26615
0.82764 -0.30563 0.04093
-0.49239 -0.02427 0.33444
-0.71226 0.16089 0.11510
-0.00787 0.11010 -0.15199
0.33838 0.39156 -0.10407
-0.30713 0.40189 -0.26149
-0.08155 -0.10937 -0.28141
-0.58200 0.40189 -0.17485
-0.26016 -0.10937 0.14702
-0.17951 0.13076 -0.26434
-0.51017 0.14023 0.13583
-0.69102 0.40189 -0.26949
-0.67016 -0.30166 0.31722
0.68254 -0.17572 -0.31626
0.28618 -0.32455 0.26420
-0.20995 0.11010 0.02718
-0.17044 -0.30390 -0.04383
0.31124 -0.30390 0.17134
-0.32141 -0.23793 -0.02484
0.82764 0.23876 -0.27414
0.05918 0.40189 -0.21686
-0.13775 -0.13003 -0.11582
-0.54375 0.39156 0.24590
-0.07336 0.02297 -0.31626
0.65446 -0.30390 0.17923
0.70565 0.40189 0.22238
0.37989 -0.08700 0.18070
-0.15906 -0.13003 -0.25168
-0.47578 -0.30390 -0.07691
0.78163 -0.32455 -0.28427
0.23263 -0.24881 0.31722
-0.63491 -0.36123 0.33788
-0.52938 0.14023 -0.26679
-0.43761 0.16089 -0.04627
-0.49761 0.32515 0.31722
0.32413 -0.18342 -0.01424
0.76850 0.25213 0.33444
-0.26632 -0.27189 -0.19652
-0.70213 0.30620 -0.32315
0.67219 -0.34140 0.29656
-0.67402 0.19529 -0.31626
0.58433 -0.22422 -0.31626
-0.84558 -0.35831 0.16482
-0.30075 -0.15213 -0.14350
0.30164 -0.10937 -0.27684
-0.14907 0.37090 -0.28909
-0.60838 -0.06634 0.00196
-0.39587 -0.32455 0.18090
-0.38923 0.05384 0.33444
0.30348 0.06676 -0.00731
-0.74626 -0.32455 0.19216
0.57128 -0.30390 0.03118
0.82764 -0.12228 -0.03350
-0.79221 0.26700 0.33114
0.45887 -0.32455 0.06945
-0.32141 0.01265 -0.18552
0.82764 -0.14136 -0.13728
-0.35150 0.39156 -0.30389
0.36002 0.23934 0.31722
-0.30075 0.25496 -0.28828
-0.66519 -0.30390 -0.04032
0.65679 -0.39070 0.33788
-0.08212 -0.32455 -0.19983
0.49437 0.10039 0.33099
-0.32141 0.09779 0.23904
0.18754 -0.14539 -0.31626
0.49492 -0.06634 0.24875
-0.39627 -0.08700 -0.04176
-0.80427 0.11738 -0.07337
0.25841 0.13076 -0.02406
-0.80427 0.27216 -0.31281
-0.30075 0.35963 -0.22325
-0.04934 -0.29701 0.03551
0.30348 0.35385 0.13635
0.35601 -0.41298 -0.32315
-0.13430 -0.29701 0.23216
-0.80427 0.05109 0.18168
-0.53446 0.39156 -0.27323
0.12968 -0.37964 0.31655
0.82764 0.35920 -0.08329
-0.60521 -0.30390 0.20080
0.32027 -0.30390 -0.10982
-0.26064 -0.08624 -0.31626
-0.57755 0.18038 -0.31626
0.52256 -0.30390 -0.12478
0.12189 0.40189 0.27098
0.61484 0.36617 -0.32315
0.80698 -0.04606 -0.10907
-0.30075 0.36254 -0.02042
-0.16249 0.11010 0.06937
-0.83491 -0.33832 -0.09479
-0.82492 -0.09794 0.26864
-0.18240 -0.21801 -0.28183
-0.44127 -0.03987 -0.32315
0.12390 -0.26500 -0.29560
-0.77694 -0.37030 0.29656
-0.64473 -0.05698 -0.31626
-0.49830 -0.30390 0.17686
0.82764 -0.32207 0.10988
-0.45576 0.32095 -0.32315
0.26384 0.33647 0.30285
0.33157 0.32223 -0.32315
-0.82492 0.22737 0.21844
-0.39533 0.39156 0.18329
0.28732 -0.23200 -0.31626
0.22596 -0.10937 0.22162
0.79091 0.38549 0.32200
-0.79353 -0.37964 -0.19976
-0.13773 -0.29701 0.04104
0.22254 0.37090 -0.23955
-0.70677 0.35709 0.32067
-0.76781 0.33895 0.31722
-0.76760 0.14023 -0.18913
-0.69300 0.04817 -0.31626
-0.48919 0.14023 -0.00431
0.19266 -0.20154 0.33788
0.38301 0.22104 -0.32315
-0.19235 0.40189 0.27119
0.49932 0.39156 0.01107
0.80698 -0.36975 0.01853
0.80698 -0.36575 0.23086
-0.30075 -0.28221 0.01055
0.30348 -0.09231 -0.04528
0.45762 -0.02194 -0.31626
-0.36380 -0.32455 0.27594
-0.06414 0.13076 -0.20474
-0.32141 0.29323 -0.04280
-0.43250 0.17180 -0.32315
-0.58361 -0.06634 -0.09922
-0.32141 0.08233 -0.09155
-0.60481 -0.36889 0.29656
-0.78332 -0.41541 -0.30249
-0.82492 0.19565 -0.06841
0.17140 -0.29701 -0.25127
-0.09119 -0.43472 0.33384
0.82764 -0.06455 0.01658
0.38144 -0.08700 -0.27304
0.68256 0.14023 0.16762
-0.24157 0.40189 -0.30850
-0.26632 -0.25385 -0.05195
0.36307 -0.08700 -0.11647
0.26905 -0.26844 -0.00010
0.82764 -0.16792 0.19906
0.18429 0.18686 -0.31626
-0.17261 -0.25146 0.33788
-0.37179 -0.27291 0.34423
-0.63488 -0.37068 -0.29560
0.01138 -0.21277 0.31722
0.82764 -0.42853 -0.26833
0.67567 0.25427 -0.32315
0.63241 -0.32455 -0.17745
0.15700 0.27057 -0.32315
-0.01850 0.37090 -0.28273
-0.41205 0.40189 0.07208
-0.62360 0.16089 0.14914
-0.69547 0.15195 0.27591
0.42356 0.16089 -0.21916
-0.45171 0.40189 -0.03425
0.57339 0.01656 0.33099
-0.54983 -0.30390 -0.16255
-0.74980 -0.08700 -0.17952
-0.10665 0.09402 -0.31626
0.37067 -0.15301 -0.31626
0.32413 0.24768 0.19584
-0.32141 0.19382 -0.19366
-0.24620 -0.19372 -0.29216
0.17509 0.02014 -0.32315
0.57941 0.25582 -0.31626
-0.44945 -0.32455 -0.23203
-0.33879 0.20837 0.31722
-0.07689 0.38832 0.18639
-0.27995 -0.25228 -0.29560
-0.80427 -0.11122 0.10786
-0.23079 0.40189 0.11815
0.18687 0.39156 0.02204
-0.15547 -0.32455 -0.18815
0.35165 -0.06634 -0.01569
0.43023 -0.06634 -0.27504
-0.82492 -0.34141 0.04031
-0.47860 -0.08700 -0.18768
-0.00734 -0.14666 0.32066
0.32413 -0.17140 -0.12380
-0.47593 0.16089 0.05570
-0.51665 0.14023 -0.15080
0.03465 -0.12991 -0.32315
-0.80427 -0.05396 -0.16948
0.74044 -0.35052 -0.31626
0.45422 0.39156 0.19325
-0.70572 -0.08700 -0.22995
0.26125 0.39694 0.33221
-0.59523 -0.14324 0.33099
0.30348 0.09226 0.15815
0.08229 -0.28820 -0.32315
-0.40620 -0.30390 0.07460
-0.34728 -0.08700 0.20897
0.77256 0.06046 0.30178
-0.34368 -0.32455 0.04148
0.58856 -0.08700 0.21371
0.26905 -0.25244 0.27946
0.31375 -0.01843 -0.31626
-0.80427 0.15449 0.08018
-0.28009 -0.22980 0.30463
0.66405 -0.08700 0.00720
-0.80427 -0.37955 0.13025
-0.25212 -0.13003 -0.04356
-0.82492 0.13097 0.03302
-0.82492 -0.16241 -0.04252
-0.37958 0.39156 0.30077
0.66304 -0.26974 0.33444
-0.80427 -0.23732 -0.27880
0.15852 0.13076 0.19675
0.47419 0.16089 0.21902
-0.30075 0.14384 0.26576
-0.05495 0.11010 0.18938
0.16143 0.13076 -0.07909
-0.71351 -0.10149 0.33099
-0.27339 0.30617 -0.32315
0.84783 -0.41034 -0.16121
0.70321 -0.30390 -0.13897
-0.65147 -0.32455 0.27247
0.12239 -0.10937 0.27957
0.81000 -0.26741 -0.32315
-0.46055 -0.30541 -0.32315
-0.05857 0.30969 -0.32315
0.46500 0.14023 -0.19035
0.80698 0.19888 0.16660
0.29543 0.40189 -0.04371
-0.02163 -0.33474 -0.31626
0.34041 -0.25263 -0.32315
0.04359 -0.24972 -0.32315
-0.77122 -0.14983 -0.32315
0.82764 -0.37302 0.08270
0.00956 -0.30390 -0.26570
-0.82492 0.13288 0.22389
-0.71341 0.40189 -0.21777
-0.29387 -0.27849 -0.25130
-0.29387 0.03057 0.30679
0.32413 -0.20335 -0.17518
-0.72531 -0.18006 -0.31626
-0.07645 0.39156 0.01408
-0.39147 -0.32455 -0.03998
0.78041 -0.06634 0.25753
0.01112 0.39156 0.04443
0.80698 -0.19608 -0.24658
-0.12427 0.40189 0.20166
0.68897 -0.06856 0.33099
-0.11809 0.39498 -0.32315
-0.50292 -0.32455 0.08697
-0.78865 -0.30390 0.26945
0.73780 0.31340 -0.31626
0.34701 -0.19632 0.31722
0.37066 -0.33157 -0.32315
0.34001 -0.00103 0.31722
0.59434 -0.08700 -0.09606
0.14411 -0.21383 -0.32315
0.30348 -0.02628 0.00048
0.65510 0.37090 0.28561
0.43091 0.05047 0.33444
0.70341 0.15973 -0.31626
0.36584 -0.37722 0.31722
-0.30540 -0.32455 0.27193
0.72000 0.39156 -0.25395
0.82120 0.40189 0.22911
0.14577 -0.29701 -0.07295
0.36253 0.39156 -0.23246
-0.03929 -0.27374 -0.29560
-0.16220 -0.02336 -0.31626
-0.84558 -0.43184 -0.25007
0.31505 0.31528 0.31722
-0.80427 0.29807 -0.25796
-0.36617 0.10647 0.34210
-0.02677 0.40189 -0.22411
0.60309 0.10319 0.33444
0.82764 0.39439 0.04885
-0.32141 -0.17388 0.27393
0.25100 0.13076 0.26110
0.45755 0.16089 0.05153
0.78175 -0.00213 -0.31626
0.82764 -0.01979 0.20702
-0.77471 -0.15515 0.29656
0.28282 -0.20650 0.26262
0.32413 -0.00232 -0.10868
0.25493 -0.10937 0.16225
0.80698 -0.37563 -0.11352
0.12092 0.11010 0.00145
-0.33031 0.11757 -0.31626
0.82085 0.19839 0.31722
-0.18475 0.39156 0.02843
-0.66593 0.40189 -0.09582
-0.33172 0.40189 -0.03795
0.30348 -0.30327 0.01408
0.41078 -0.15712 0.33099
0.44250 0.40189 -0.04274
0.10149 -0.32455 0.13261
0.82764 0.02654 -0.30713
0.20210 -0.32455 0.27918
-0.47930 0.38960 -0.31626
-0.30075 -0.09729 -0.18021
0.24805 0.13076 0.15901
-0.80427 0.00725 -0.04075
0.65674 0.40189 0.24172
-0.01232 -0.13399 -0.32315
0.80698 0.34671 0.16323
0.67567 0.39156 -0.32263
-0.44803 -0.38049 0.33788
-0.33922 -0.11329 0.32785
-0.80427 0.26170 0.01093
-0.23683 -0.35508 -0.31626
0.40965 -0.30390 -0.18788
-0.21463 -0.29701 0.17821
-0.67125 -0.08700 0.01450
-0.71184 0.17482 0.33444
0.82764 0.15974 -0.04162
-0.82492 -0.29385 0.00736
-0.10489 -0.30390 -0.06665
-0.07280 0.39156 -0.16582
0.72784 -0.29595 0.31722
0.52595 -0.30137 0.31722
0.20849 -0.14164 0.31722
0.13505 0.40189 0.00948
0.78375 0.22468 -0.32315
-0.82492 -0.01623 -0.28357
-0.17688 -0.24521 -0.32315
0.26905 -0.23290 -0.09178
0.82764 -0.10523 0.18957
0.55052 0.12328 0.33099
-0.82492 0.15215 -0.28410
-0.14893 -0.30390 -0.28515
0.82764 -0.06560 0.13963
0.53060 -0.05188 -0.32315
-0.49914 -0.22888 0.33444
0.55180 0.39156 0.25343
-0.03461 0.39156 -0.11552
-0.82492 0.28657 -0.11278
0.49772 0.16089 0.28766
-0.00314 -0.29701 -0.13245
0.77872 -0.06634 -0.17268
0.74708 0.40189 -0.08564
0.24422 0.39156 -0.14870
0.32413 0.16026 -0.01261
-0.60009 -0.20770 0.33444
0.33272 -0.32455 0.20073
0.60331 -0.14603 0.33099
-0.04075 -0.43400 0.31722
0.08680 0.39156 0.17746
0.73555 0.07477 -0.31626
-0.82492 -0.14643 0.17854
0.63283 0.40189 -0.15995
0.59201 0.40189 -0.28515
-0.59585 0.19477 0.33099
0.46937 -0.30390 -0.16672
-0.32438 -0.36634 0.29656
0.60621 -0.39036 0.33788
0.47712 -0.32455 -0.28872
-0.53659 -0.30390 0.30360
0.28282 -0.19405 0.01416
0.80698 -0.03275 -0.20017
0.30348 0.01133 -0.18940
0.03083 -0.13003 -0.11852
-0.26632 -0.27540 -0.10983
0.17594 -0.10954 0.31722
0.32413 0.25376 -0.24020
-0.32576 -0.07984 -0.31626
-0.36172 -0.00016 0.31722
-0.32681 0.37090 0.25673
0.75274 0.40189 0.13097
0.71440 -0.30390 0.16688
-0.51745 0.12945 0.33444
-0.32141 0.22568 0.03263
0.34135 -0.36017 0.27591
0.40929 0.39156 -0.20134
0.19971 0.11010 -0.14182
0.16670 -0.32455 -0.13058
-0.67234 0.14023 0.13889
-0.32141 0.23246 -0.07356
-0.55631 0.39156 0.07376
-0.80427 0.26279 0.27207
-0.32141 0.33133 0.13320
0.59685 0.40189 -0.11127
-0.58411 0.14023 0.02025
0.77148 -0.32455 -0.01144
0.61148 0.39156 0.31104
0.17443 0.11010 -0.27509
-0.30075 0.22458 0.15427
0.74655 0.14023 -0.18942
0.52983 0.23375 0.33099
0.26905 -0.29306 -0.21593
-0.78320 -0.28324 0.33832
0.66643 0.15499 0.28984
0.37260 -0.06634 0.10765
0.37204 -0.30390 0.11744
0.70557 0.19804 0.33099
0.32413 0.21175 -0.01501
0.52717 0.16089 0.13691
-0.51610 -0.08700 0.03870
-0.52825 0.39156 -0.31843
0.30348 -0.03727 0.23807
0.08020 -0.29701 -0.06169
-0.04402 0.39156 -0.05703
0.03180 0.13076 0.21129
0.10491 -0.14552 0.31994
0.80698 -0.25462 -0.16541
0.62316 0.01485 0.33444
0.45725 -0.32455 0.19452
-0.28327 -0.30390 0.30613
0.82089 -0.08842 0.29656
-0.08513 0.11407 0.28114
0.79659 0.40189 -0.04386
0.80698 0.11356 -0.27523
-0.27176 -0.10937 -0.27362
0.84755 0.40189 0.00391
-0.80427 0.04741 0.07379
-0.26632 -0.29924 0.24848
-0.14268 0.11010 -0.17349
0.72319 0.08927 0.33099
0.07567 0.11010 0.16441
0.70298 0.16089 -0.21073
-0.14249 -0.10937 0.17291
0.71829 -0.32455 -0.09652
-0.20522 -0.11272 0.29656
0.60442 -0.02729 -0.32315
-0.80427 0.00283 -0.20928
0.12584 -0.30390 -0.23336
-0.30075 0.17887 0.18358
-0.24932 -0.29701 0.13755
-0.49190 -0.30390 -0.01540
-0.78782 0.12084 0.29656
-0.32141 0.00836 0.08082
0.47696 -0.39227 0.33788
-0.82492 -0.22751 -0.09437
0.43747 -0.03209 0.33444
0.82764 0.32063 -0.16764
0.32413 -0.15404 -0.17382
-0.73933 0.39156 0.21267
0.84200 -0.33832 -0.08386
0.32413 -0.16885 -0.06479
-0.10897 -0.13003 0.05005
0.30348 0.05817 -0.17395
0.82764 0.29689 0.25051
0.03039 -0.35379 -0.32315
0.07735 0.11903 -0.32315
0.59087 0.20200 -0.31626
-0.54337 -0.06634 -0.01792
-0.36331 -0.32455 0.14420
0.51045 0.26442 -0.32315
-0.45737 0.02476 0.33444
-0.06987 0.11010 0.11314
0.30348 0.12850 0.07763
-0.29741 -0.32455 -0.10763
0.19040 0.11574 0.27591
-0.33987 -0.06634 -0.18113
-0.83878 0.40189 0.20630
-0.11066 0.36156 0.29656
0.62395 -0.34788 -0.31626
0.44071 0.33647 0.31216
-0.48876 -0.08700 0.22321
-0.69304 0.39156 0.30757
-0.28743 0.40189 0.21665
-0.20093 0.15292 -0.32315
0.21264 -0.30390 -0.19661
0.67660 0.01019 0.33099
0.51957 0.39156 0.21016
-0.23405 0.11010 -0.28668
-0.00841 -0.22602 -0.31626
-0.30075 0.15563 -0.17200
-0.62408 0.27256 0.33444
0.61016 0.29753 -0.31626
0.01443 -0.32455 0.09477
0.18813 0.37090 -0.27083
0.25926 0.39156 -0.07880
0.27925 0.39156 0.10520
-0.07907 -0.13003 -0.12250
-0.61579 -0.30390 0.15086
-0.18540 -0.29701 0.24688
-0.55997 -0.08700 0.16617
-0.57524 0.14023 -0.24330
-0.74867 0.00846 -0.32315
0.62429 -0.07640 0.27591
-0.16209 -0.38887 0.31722
0.82764 0.06855 -0.17547
0.37829 0.15976 0.33099
-0.13513 -0.33832 0.32391
0.20687 -0.31782 -0.32315
0.71946 0.35268 0.32174
0.41663 0.28584 0.33099
0.60926 0.14023 -0.07567
0.75766 0.40189 -0.16900
0.14921 0.14436 -0.32315
0.63629 0.25676 0.33099
0.32413 0.06456 -0.23477
0.17443 0.40189 0.19524
-0.08203 -0.34253 -0.31626
0.75807 -0.30390 -0.06574
-0.00204 -0.30390 0.30080
-0.80427 0.37336 -0.25676
0.21611 -0.29701 -0.14123
-0.49663 -0.32455 -0.13423
0.35213 -0.08700 0.04697
0.44406 -0.08700 0.22272
0.32413 0.08452 0.28878
-0.55247 -0.36239 0.27591
-0.80427 -0.29668 -0.08893
0.49746 0.16089 -0.02411
0.82764 0.24390 -0.21750
-0.17863 -0.19854 0.31722
0.26472 -0.10937 -0.24665
-0.46891 0.14178 -0.31626
0.56762 -0.30390 -0.18977
0.77888 -0.09601 0.34476
0.80698 -0.27012 0.06499
-0.13404 -0.29701 -0.15579
-0.80427 0.09766 0.10132
-0.10751 -0.20152 0.31722
-0.36366 0.39156 0.25841
-0.45171 0.40189 0.21885
-0.57443 -0.02613 0.33444
0.30348 -0.22413 0.18404
0.41130 -0.32455 -0.12094
0.82764 0.08467 0.26286
-0.80427 0.30767 0.25193
-0.65587 0.12552 -0.31626
-0.78361 -0.33318 -0.17061
0.51994 -0.32455 0.27390
0.44878 0.40189 -0.29207
-0.59085 0.39156 0.01224
0.82764 0.31258 -0.05056
0.80698 -0.02860 -0.15308
-0.41197 -0.00341 -0.31626
-0.72454 0.35466 -0.32315
-0.60648 -0.32455 -0.00117
-0.19141 0.39156 -0.18474
-0.16684 -0.13003 0.11087
0.67869 0.40189 -0.09324
-0.00569 0.39156 0.11861
-0.38591 0.33888 0.33558
0.78555 -0.30390 0.20854
-0.19542 0.39156 0.14749
0.80440 0.40189 -0.19051
0.32413 0.28975 -0.08874
-0.23161 -0.33537 0.33788
-0.59958 0.32567 0.34476
-0.83750 -0.33127 0.21546
-0.10886 -0.29701 0.13488
-0.43094 -0.13594 0.33444
0.03784 0.40189 -0.28234
0.80698 -0.11310 0.03344
-0.30075 0.12894 -0.02320
0.60902 -0.25206 0.33444
-0.38318 -0.30390 0.00159
-0.26768 0.11010 0.05087
-0.13966 0.18340 -0.31626
0.21840 -0.02968 -0.31626
-0.52369 0.14023 0.25417
-0.84558 -0.36450 -0.02919
-0.59307 -0.30390 -0.09285
-0.73550 0.39156 -0.04715
-0.16908 -0.32455 0.14562
0.42247 -0.12140 -0.32315
-0.04598 0.13076 -0.25460
-0.80427 -0.33793 0.08976
-0.68119 0.16089 -0.04956
0.82764 -0.38241 -0.27529
-0.79996 -0.32455 -0.30861
0.68093 0.14023 0.08707
0.51924 0.31811 0.34445
-0.74641 -0.30390 0.08178
0.19616 0.36864 0.29656
0.54382 -0.32455 0.10222
0.32246 0.11404 -0.32315
0.79523 0.14023 0.02658
-0.34530 -0.08700 -0.08989
0.28282 -0.29990 -0.07100
-0.55375 -0.33832 0.33779
-0.82492 0.28094 -0.16487
0.80698 0.08102 0.14165
-0.51724 -0.08373 -0.32315
0.15444 -0.11360 -0.32315
-0.48199 0.39156 -0.18880
0.25120 -0.32455 -0.26590
0.01724 -0.29701 0.14069
0.45530 0.40189 0.28660
-0.32141 -0.20487 0.15684
0.82764 0.14169 -0.31553
-0.52650 0.39156 0.20184
0.16427 -0.10937 0.13771
0.08807 -0.32455 0.24263
-0.05187 -0.10211 -0.31626
-0.81115 0.02611 -0.31733
-0.77438 0.39156 -0.21770
-0.00791 -0.38880 0.33788
0.18977 -0.30390 0.14086
0.57270 -0.19158 -0.32315
0.45890 -0.34954 -0.32315
0.21379 0.35826 -0.31626
0.00409 0.27926 -0.32315
-0.42826 -0.37407 0.29656
-0.82492 0.10015 -0.03579
-0.39448 -0.32455 -0.24566
0.51994 -0.43472 -0.31317
-0.80427 0.10630 0.19229
-0.26851 -0.14031 -0.31626
0.14921 0.37090 0.28658
-0.36590 -0.07244 0.28956
-0.82492 -0.40613 0.06792
-0.30075 -0.14005 0.25037
-0.27121 -0.19372 -0.14770
0.62876 0.25353 -0.32315
-0.42771 0.38238 -0.20609
0.26905 -0.23577 0.13947
0.79025 0.28845 -0.32315
-0.16402 0.07415 -0.32315
-0.02699 -0.32455 0.13788
-0.26041 -0.10937 0.26001
0.16116 -0.32455 -0.28660
0.34060 -0.06634 -0.26904
-0.76910 -0.20774 -0.32315
0.21886 0.13076 0.22833
-0.49198 0.39156 0.00538
0.00902 0.11010 0.17562
0.48414 -0.24639 -0.31626
-0.44617 0.14023 0.26677
0.80698 -0.27545 0.16958
0.58370 0.14023 0.17970
0.73112 0.14023 0.02318
0.28638 0.01938 -0.32315
-0.46139 0.16652 0.33099
-0.57086 -0.06634 -0.05534
-0.70173 -0.29995 -0.31626
-0.80427 -0.08399 -0.10147
-0.41128 -0.12167 -0.32315
-0.81927 0.08339 0.29656
-0.19142 -0.10937 0.20576
0.49416 0.00798 0.33444
-0.26632 -0.21650 -0.25075
-0.83592 -0.32870 -0.28040
0.37956 0.36275 -0.31626
0.84830 -0.42222 0.27569
-0.51413 -0.06416 0.33099
-0.21891 0.40189 -0.07219
-0.60914 0.39156 -0.29977
0.71126 -0.22026 -0.31626
0.30348 0.27478 0.06174
-0.50089 -0.26126 -0.32315
-0.07296 0.11010 -0.08890
-0.19541 0.11010 -0.19636
0.31925 -0.33805 0.33788
0.29549 -0.30390 -0.17952
0.77321 0.16089 0.11376
-0.08253 0.39156 -0.09279
0.78722 -0.32455 -0.23919
-0.19402 -0.28105 0.30345
0.18486 0.40189 -0.15335
0.40730 -0.01382 -0.32315
0.37311 0.39156 0.25089
0.30271 0.39156 0.06635
0.82764 -0.00670 -0.08609
0.27116 -0.32455 0.07457
-0.80427 0.32933 0.10344
-0.77821 -0.30390 -0.01579
0.58698 0.32397 0.34476
0.32413 -0.06806 -0.08813
-0.30075 0.02746 -0.06960
-0.58058 0.16089 0.09508
-0.82103 0.39156 0.04381
-0.80427 0.02623 0.14389
0.36339 -0.10177 -0.32315
-0.71519 0.21263 -0.32315
-0.79401 -0.06634 0.23302
0.30348 -0.13510 -0.03076
0.66294 0.18114 0.33099
-0.34035 -0.30390 -0.30448
0.15062 0.09579 -0.31626
-0.12964 -0.16446 0.31292
0.59938 -0.06573 0.33099
-0.65989 0.14023 0.20347
-0.68571 -0.05938 0.33099
0.81387 -0.13115 -0.32122
0.79601 -0.08700 -0.20881
-0.50341 0.35129 -0.32315
-0.67118 0.33647 0.29851
0.13454 0.13076 -0.25271
0.76596 -0.33155 0.31722
0.82764 0.00387 0.28611
0.70959 -0.06122 -0.31626
0.70987 0.11169 -0.31626
0.37061 0.11768 0.31722
-0.75615 0.16089 0.23127
0.19082 0.40189 0.08212
0.60035 -0.33585 0.27591
-0.65599 0.08409 -0.32315
0.54977 -0.00622 -0.32315
0.44221 -0.22336 -0.31626
0.10992 0.39156 -0.13410
-0.30075 0.32055 -0.00465
0.32413 0.01230 0.25925
-0.19609 -0.23993 0.30345
0.09710 0.40189 -0.03945
0.05467 0.31883 -0.31626
-0.01237 0.10745 -0.32315
0.79486 0.38728 0.18639
0.34553 0.05257 -0.32315
0.04940 -0.30328 0.31722
0.83758 -0.41195 0.18179
0.30348 0.15360 -0.24273
0.49332 -0.10655 0.33099
0.54366 0.14023 -0.20170
0.10314 -0.10937 -0.09425
-0.10789 -0.00447 -0.32315
-0.50619 -0.43030 -0.32315
0.14845 0.38934 -0.20609
-0.66863 -0.30390 0.23275
-0.35380 -0.22568 -0.31626
0.81242 -0.04241 -0.31626
0.32413 0.10604 -0.01136
0.39460 -0.08700 0.26210
-0.52881 -0.37964 -0.30241
-0.76196 -0.07053 0.29294
0.58776 0.39156 0.12624
0.22987 -0.13003 0.26110
0.17143 -0.13003 0.19712
-0.20013 0.39517 0.33007
0.07341 -0.32455 -0.19042
0.50491 -0.06634 -0.10956
-0.80427 -0.34149 0.15779
-0.79147 0.37110 0.29656
-0.71596 -0.37237 0.33788
-0.45131 -0.33832 0.32502
0.31444 0.39156 -0.19644
0.02461 -0.35844 0.27591
-0.58377 -0.29543 0.33386
-0.44959 0.14023 -0.09017
0.22227 -0.39178 0.31722
-0.29986 0.40189 0.31445
-0.34360 0.14090 0.27591
0.00203 -0.18723 -0.31626
0.11151 0.40189 0.21253
-0.62012 0.16089 0.20642
-0.30075 0.17518 0.06823
-0.37399 0.16089 -0.15897
-0.01184 0.39563 0.33053
-0.16641 -0.29701 0.00159
0.51554 0.39156 0.11713
-0.66258 0.37090 -0.25188
-0.39632 -0.30390 0.11744
0.26166 0.37090 -0.23606
0.21150 -0.30390 0.01026
-0.73683 -0.06634 -0.04161
0.69666 -0.33438 -0.32315
0.74260 -0.30390 -0.28931
-0.71771 -0.06814 0.29656
0.82227 0.39156 -0.26689
-0.79343 0.39156 -0.16781
-0.11903 -0.19372 -0.28376
0.69598 0.30049 -0.31626
0.51624 -0.41154 0.33729
-0.30075 -0.12452 0.01924
-0.32141 0.30401 0.25575
-0.59137 -0.05488 -0.31626
0.71516 0.39156 -0.16487
0.11556 -0.32455 -0.00505
-0.04769 0.11010 0.25898
-0.59570 0.16089 -0.06717
-0.79516 -0.32726 0.32775
-0.02456 -0.41756 -0.32315
0.80698 0.19405 -0.16801
-0.64617 -0.08700 0.24350
-0.80427 0.16799 0.02287
-0.56178 0.28171 -0.32315
-0.34020 -0.19084 0.33046
-0.34714 0.24673 0.33605
0.06590 0.37090 -0.29657
-0.32141 -0.03563 -0.07512
-0.05561 0.40189 0.22181
-0.15165 -0.14149 -0.31626
0.12465 0.39156 -0.07530
0.80698 0.16228 -0.10149
-0.32141 0.11158 -0.17546
-0.82492 0.23321 0.09630
-0.78361 -0.33708 -0.23937
-0.64126 -0.21876 -0.31626
-0.63756 0.20672 0.33099
0.30348 -0.18239 0.17219
0.32849 -0.14568 -0.32315
-0.82492 -0.37208 -0.14632
-0.79232 -0.23745 0.33059
-0.82492 0.20091 -0.11910
0.02497 -0.26175 0.30345
-0.46548 -0.30390 -0.18643
0.08214 -0.37964 -0.30328
0.31358 -0.42382 -0.32315
-0.70323 0.02609 0.33099
0.36120 0.14023 -0.14063
0.68851 -0.06634 -0.24337
0.75599 -0.23667 -0.32315
0.68950 0.14023 -0.06187
-0.29920 -0.39756 0.33012
0.43483 -0.34002 0.29656
0.49135 -0.08700 -0.29931
0.22367 -0.25308 -0.28183
-0.30075 0.00444 0.02763
0.32413 0.13754 -0.10583
-0.37147 0.39156 -0.16518
-0.01007 -0.10937 -0.20839
0.82764 0.38189 0.12855
0.74915 -0.08700 -0.28751
0.30348 0.22553 0.16536
-0.18785 -0.30390 0.06353
-0.56904 -0.08700 0.00959
0.04974 -0.32455 0.02611
-0.07892 -0.05554 -0.31626
-0.08563 -0.33832 0.29656
0.27228 0.39156 0.02551
0.23727 0.39156 0.27834
0.32413 -0.28557 0.06620
0.69407 -0.38641 0.31722
0.55215 0.06192 -0.32315
-0.31646 0.39156 0.11511
0.08369 0.13076 -0.01020
0.06523 -0.10937 -0.16733
0.84830 -0.34849 -0.16630
0.05285 0.13076 -0.13063
0.02971 0.37003 0.29656
-0.26632 -0.28368 0.03573
0.75464 0.14457 0.33099
0.40051 0.40189 -0.03515
0.03374 0.23377 -0.31626
-0.79560 -0.06634 0.18984
0.63997 0.40189 -0.11104
-0.38959 -0.30058 0.31722
-0.43703 -0.30390 0.24019
-0.05757 0.13076 -0.15446
0.26408 -0.30390 0.23430
-0.16286 0.13076 -0.01407
0.67701 -0.30390 0.27718
-0.09412 0.13076 -0.23483
0.29659 -0.10756 0.30364
0.05354 0.37090 -0.24530
-0.09974 -0.32455 0.17097
0.64952 -0.32455 -0.21658
0.67233 -0.14412 0.33099
-0.18004 -0.32455 -0.22489
0.50967 -0.26947 0.34132
-0.80427 -0.13881 -0.07100
0.82764 0.36431 0.29402
-0.76984 -0.32799 0.30229
-0.09963 0.39156 -0.28519
0.84754 -0.43098 0.12623
0.62114 0.14023 0.06803
-0.49915 -0.37206 0.29656
0.32413 0.21496 -0.05744
0.13558 0.13076 0.04596
0.30348 0.31574 -0.23842
-0.82492 -0.37839 0.20086
-0.30075 0.10827 0.20103
-0.38722 0.17749 0.33444
0.80698 0.02630 0.00229
0.17187 0.13076 0.07009
-0.18448 0.03749 -0.31626
0.46644 -0.18955 -0.32315
0.04246 -0.41352 0.33788
0.06141 -0.13003 -0.00045
-0.17138 0.13076 0.29432
0.46990 0.14023 0.01700
-0.77223 -0.30390 -0.28596
0.34208 0.14023 -0.05538
-0.80427 0.13907 0.26001
-0.69138 -0.32455 0.16444
0.32598 0.40189 0.16961
-0.49840 -0.32999 0.29656
0.11858 0.13076 0.29376
-0.26080 0.11010 -0.02736
0.43239 0.33994 -0.32315
0.49553 0.14023 0.15512
-0.20987 -0.25144 -0.29560
0.22800 -0.16003 -0.31626
-0.74369 0.14023 0.07413
-0.09190 -0.13003 -0.06557
-0.34749 0.15664 -0.31626
-0.66995 0.40189 -0.00109
-0.02379 -0.29701 0.18809
-0.82492 0.19115 -0.17245
-0.76295 0.20813 0.34027
-0.29387 0.20373 0.31124
0.73071 0.31724 0.34392
-0.28009 -0.30310 0.20755
0.30127 0.15617 -0.31626
0.41591 -0.32455 0.20705
0.27624 -0.32455 0.14260
-0.39206 0.16195 -0.32315
0.63004 0.10874 -0.31626
-0.27641 -0.36524 0.31722
0.51268 0.14406 -0.31626
