-0.39346 0.21795 -0.09651
0.17828 -0.90332 0.07557
0.34507 0.58332 0.05491
0.32201 -0.25012 0.06922
0.14389 0.58332 -0.67985
-0.47610 -0.52557 0.10453
-0.33152 0.57671 0.10969
-0.08297 -0.53397 -0.48005
0.12047 0.37940 0.48012
0.42488 0.32442 -0.07205
-0.03915 -0.58483 0.48969
-0.33224 0.58332 -0.47733
-0.24557 -0.90248 0.14891
-0.28938 0.55551 0.64255
0.36123 -0.70916 -0.30890
-0.12042 -0.19596 -0.16077
0.47167 0.56801 0.52642
-0.04972 0.20353 -0.38929
0.43046 -0.72232 0.19256
0.58250 0.57271 -0.39894
-0.14283 0.00676 0.24969
-0.63321 0.42365 0.19686
-0.38742 -0.74151 -0.25757
0.24253 0.07008 0.21446
0.05480 0.53463 0.38071
-0.67637 0.57331 -0.20756
-0.00416 -0.92565 -0.33311
0.70433 0.56954 0.05121
0.15436 0.54890 -0.31370
0.23826 -0.29834 -0.29452
-0.23572 -0.33738 0.25752
0.18986 -0.01052 -0.18845
-0.32866 0.26291 0.29247
-0.47203 0.58242 0.52556
0.27852 -0.42727 0.36410
-0.02794 -0.93883 0.31707
0.30164 0.33730 -0.42065
-0.40985 -0.40712 -0.18514
-0.16515 -0.73978 0.37806
0.37912 0.35506 0.26596
0.47157 -0.49253 -0.08840
-0.46853 0.40678 -0.41592
0.07954 0.58332 0.68692
0.01973 -0.27920 0.28687
0.33261 -0.61536 -0.36209
-0.42872 0.58332 -0.19056
-0.10661 0.39693 -0.59735
0.55406 0.58332 0.26691
0.07406 -0.10706 0.16150
-0.34294 0.23273 0.09549
0.16631 -0.71072 0.39031
0.38055 0.53463 -0.48051
0.24488 -0.94739 -0.19065
-0.32481 -0.31494 0.04756
-0.44603 -0.73390 0.14402
-0.16496 0.37476 0.45766
0.08978 -0.76328 -0.44754
0.29287 -0.29399 -0.23429
-0.55996 0.36823 -0.02765
-0.65068 0.51843 0.26936
-0.48707 -0.56707 0.04646
0.58497 0.53463 -0.14641
-0.25731 -0.01971 0.01428
0.40742 -0.76155 0.00029
0.52531 0.44045 -0.25958
0.25921 -0.89087 0.15036
0.15939 -0.40396 -0.41969
-0.17105 -0.75520 -0.42555
-0.12023 0.55730 -0.32752
-0.25499 0.31071 -0.32918
-0.09371 -0.27604 -0.34965
-0.21508 -0.90332 -0.13794
-0.23383 0.53463 0.27479
0.00128 0.15947 0.36763
-0.14990 0.53463 -0.56345
0.32375 0.56632 -0.13049
0.40409 -0.47615 0.13587
-0.16240 0.04702 -0.20061
0.14431 -0.14963 -0.11325
-0.34037 -0.56208 -0.35495
0.33788 -0.92034 -0.00940
0.34644 0.12477 0.02730
-0.38873 -0.66010 0.29095
0.24077 0.53463 0.49455
0.40862 0.43857 -0.56845
0.36249 0.58332 0.33184
-0.55339 0.53463 0.01235
-0.44583 0.33639 0.26590
0.19354 -0.41206 0.40901
-0.05121 -0.90332 -0.01093
0.14957 0.25826 0.34144
-0.08145 0.58332 0.56167
0.22693 0.21177 -0.25510
0.15582 0.38935 -0.57778
-0.39457 -0.85799 -0.02955
0.04258 0.58332 -0.51758
-0.24311 -0.50172 0.41924
0.62666 0.42002 0.19329
-0.29784 0.43231 -0.61605
0.66129 0.42515 -0.07192
0.23403 0.41765 0.60419
-0.16918 -0.17513 0.17820
-0.17407 0.44591 0.68763
-0.28680 0.53463 0.40016
-0.47255 -0.63593 -0.13303
0.32297 0.20890 0.23059
-0.27424 -0.31584 -0.28548
-0.14070 -0.39556 0.42310
-0.54264 0.39635 -0.27040
-0.35952 0.43870 0.45643
-0.04248 -0.23028 -0.22114
0.14179 0.30874 -0.39052
0.33059 -0.55398 0.29214
0.23928 -0.26301 0.24937
-0.02738 0.01254 -0.29451
-0.42679 0.58332 -0.35146
0.23369 0.02760 0.02729
0.06471 0.00733 0.28047
-0.13789 0.19778 0.36313
-0.04876 -0.70764 0.42203
-0.26896 0.53463 -0.26084
-0.40658 -0.38984 0.17392
0.38449 0.58332 -0.29818
-0.45792 0.58332 0.30213
0.47684 -0.62392 -0.12554
0.16518 -0.95080 0.26003
-0.20215 -0.86469 -0.33504
0.46841 0.43902 -0.52406
0.38992 0.29089 0.09991
0.03078 0.32793 0.50600
0.53977 0.53463 0.35529
0.09633 -0.58751 -0.48268
0.40119 0.40075 0.46456
0.33294 0.46625 -0.62503
0.32521 -0.79502 0.30255
-0.16799 -0.93841 0.27223
0.51821 0.53463 0.08887
0.42237 0.45767 -0.45622
-0.70998 0.47291 0.00247
0.38742 -0.43592 -0.25442
0.12897 -0.95115 -0.27846
-0.05257 0.54391 -0.70383
-0.54828 0.43992 0.43954
-0.27016 0.09332 0.19337
-0.09858 -0.27259 0.26104
-0.27637 -0.22325 -0.09364
0.37179 -0.81522 -0.22144
-0.28439 0.15970 -0.22831
0.65689 0.58332 0.25591
0.21720 0.58332 -0.50215
0.07884 0.13227 -0.28830
0.34140 0.16893 -0.14518
-0.60601 0.51893 -0.36731
0.55413 0.36774 0.07215
0.48870 -0.61753 0.03916
0.24928 -0.77333 -0.37768
0.39380 0.28779 -0.24655
0.00529 0.37040 -0.48453
-0.18681 -0.16440 0.01352
-0.42483 0.52177 -0.56198
-0.28308 -0.85604 -0.17314
0.06921 -0.04337 -0.17606
0.34488 -0.33767 -0.05235
-0.20742 -0.45489 -0.36583
-0.13122 0.58332 0.42978
0.09303 0.58332 0.55288
0.19677 0.53598 0.28867
-0.54065 0.53463 0.11445
-0.33908 -0.79554 0.18554
0.24885 0.38587 0.43786
0.09244 -0.29800 -0.36934
-0.02070 0.47207 0.65385
-0.40829 -0.42599 0.00094
-0.44388 -0.57842 0.20847
-0.32531 -0.48304 0.27635
-0.29475 0.12514 -0.00546
0.04920 -0.72203 0.46868
-0.14315 -0.90332 -0.03362
-0.25368 0.36541 -0.49572
-0.22093 0.15095 0.28404
0.00251 -0.09948 0.17927
0.06521 -0.49664 0.42506
0.09821 -0.90332 -0.16888
-0.41638 -0.57532 -0.26190
-0.25890 0.44405 0.53166
0.16616 0.40315 -0.49901
-0.45715 0.35895 0.10343
-0.50995 0.58332 -0.20972
0.65713 0.45254 -0.25584
-0.41580 0.30944 -0.25332
0.09129 -0.81954 0.35620
0.22538 -0.11777 0.03000
-0.46617 -0.48117 -0.10252
-0.48322 -0.67757 -0.01893
0.25245 -0.47257 -0.34131
0.43600 -0.62403 -0.22558
-0.24791 -0.61634 0.36515
0.33286 -0.36870 0.17121
-0.67027 0.43356 -0.16500
0.35396 0.58332 0.44268
-0.05902 -0.39860 -0.38695
-0.21489 0.53463 -0.47967
-0.05499 -0.84027 -0.34109
-0.33913 0.55258 -0.09151
-0.38525 0.41576 -0.38783
0.45761 0.58332 -0.52753
0.35472 0.15722 0.09236
0.51349 0.43667 0.27108
-0.05456 -0.90332 0.16994
-0.14965 0.21967 -0.37560
0.18091 -0.58653 0.45647
0.28390 0.32566 0.32627
-0.32539 0.58332 -0.34755
-0.11004 -0.68326 0.47005
0.36862 0.44697 0.60549
-0.23226 0.34984 0.39654
-0.11285 0.34372 -0.43911
-0.64036 0.44040 0.29312
0.15011 -0.22249 -0.25097
-0.52450 0.53463 -0.09303
-0.20831 -0.05697 -0.11106
-0.11319 0.53463 -0.47108
0.15489 -0.33066 0.37543
-0.26286 0.58332 -0.61641
0.36406 -0.80305 0.11487
-0.43263 0.34206 -0.12628
0.01906 -0.77012 -0.45397
0.22812 -0.24815 -0.08650
-0.16049 -0.67394 -0.45605
-0.37809 -0.31925 -0.12264
0.25621 0.53463 -0.28652
0.24756 0.58332 0.62893
-0.08440 -0.86749 0.37841
0.51787 0.34790 0.13074
-0.08264 -0.90332 -0.21104
-0.15439 -0.03541 0.11300
-0.54835 0.58332 0.35090
0.52791 0.53463 -0.27654
0.47626 0.58332 -0.08387
0.37204 -0.62879 0.31778
0.53345 0.36257 -0.15318
-0.25556 -0.66501 -0.41499
-0.25139 -0.80441 0.28462
0.32256 0.53463 0.20568
0.05618 0.53463 -0.60612
0.60406 0.53463 -0.01221
0.18812 0.43212 -0.66129
0.23249 0.16267 0.28400
-0.01142 0.03369 0.31156
-0.22596 0.53463 0.53912
0.00739 -0.35625 0.42458
0.42860 0.53463 0.20402
0.50284 0.41661 0.40550
-0.37231 -0.80341 0.07854
-0.51297 0.57593 -0.48856
-0.29478 0.04731 -0.11057
-0.37474 -0.43484 -0.26922
0.01444 -0.28336 -0.29280
-0.65083 0.58332 0.13596
0.55415 0.43026 -0.39194
0.16630 -0.00091 0.22047
-0.50723 0.40135 0.13792
0.01156 0.09492 -0.33458
-0.21522 -0.52430 -0.43679
0.23700 0.58332 -0.63894
0.69688 0.58103 -0.10803
0.43064 -0.65419 0.08659
-0.33756 0.53463 0.25251
0.22964 -0.64172 -0.37742
-0.00014 0.44927 -0.71074
0.27517 -0.63094 0.40440
-0.18495 -0.25659 0.28079
0.25710 -0.86547 0.29232
-0.07370 0.58332 0.36345
0.25916 0.00268 -0.10727
0.12876 -0.81271 -0.34920
0.35370 -0.39783 -0.16836
0.41583 0.40230 -0.31804
-0.08755 0.38154 0.57319
0.69668 0.46143 0.10933
0.36444 0.23307 -0.20359
-0.21447 0.01160 0.20269
0.22818 -0.84019 -0.26065
0.19092 -0.16604 0.14587
-0.25458 -0.75642 -0.31590
0.19035 -0.90332 -0.05639
-0.21806 0.58332 -0.32561
0.01620 0.43934 -0.58542
0.16790 -0.90332 0.16575
0.08242 0.41723 0.64151
-0.00517 -0.21232 0.21172
-0.47865 -0.59878 0.12112
-0.01951 -0.59188 -0.49302
0.27624 0.27375 -0.35387
0.46215 0.38984 -0.20589
0.33342 -0.83500 -0.11156
0.58350 0.43783 0.01278
-0.41848 0.58332 0.02623
-0.27310 0.23792 0.31668
-0.08188 0.11298 0.27781
0.44282 0.30427 0.18352
-0.70198 0.50151 -0.06348
-0.34328 0.22793 0.22622
-0.48572 0.44330 0.33417
-0.19246 0.49323 -0.63065
0.22221 0.58332 0.36773
0.34396 0.21706 -0.02209
-0.30960 -0.94462 -0.04059
0.14774 -0.38438 -0.35304
-0.31302 0.17000 -0.03718
0.41429 -0.35436 0.07975
-0.16444 0.21152 -0.29991
0.01649 0.53463 -0.39871
0.12877 0.12222 0.26287
-0.06476 -0.09085 -0.16679
-0.33111 -0.27711 0.14022
-0.30042 -0.42172 -0.34398
0.10440 0.05056 -0.24304
-0.61734 0.40708 0.10199
-0.03807 -0.46543 0.42031
0.18211 -0.57298 -0.40259
0.02812 -0.44753 -0.46722
-0.43194 -0.57122 -0.09690
0.44849 -0.75470 -0.11200
-0.36162 -0.79121 -0.13833
0.48947 0.58332 0.43352
-0.55384 0.42916 -0.11917
0.28079 -0.21927 -0.05098
-0.06273 0.26561 0.37291
0.47144 -0.46360 0.03547
0.45423 -0.58512 0.18671
-0.37537 0.44718 0.59973
0.41714 0.53463 -0.03284
-0.44526 0.33857 0.02228
-0.04319 -0.28313 0.36250
0.32386 0.37711 -0.47326
0.11188 -0.90332 -0.04077
-0.02406 0.53463 0.55380
-0.09085 0.54073 0.69859
0.43018 -0.37420 -0.05363
0.10316 -0.10336 -0.14528
-0.38502 0.39128 0.33118
-0.43340 -0.77193 -0.13310
0.36285 -0.41322 0.27062
0.60161 0.53463 0.18097
-0.43610 0.40725 -0.30222
0.41220 0.58332 -0.15030
-0.41788 0.48944 0.56712
-0.52128 0.51346 -0.39843
0.26457 0.08971 -0.19938
0.48609 -0.63749 -0.04704
0.59495 0.44755 0.38252
-0.29900 0.25309 -0.21577
-0.23169 -0.28191 -0.17450
-0.38823 0.41666 -0.51571
-0.51059 0.34318 -0.13443
-0.58535 0.58332 -0.31620
0.13647 -0.04635 -0.13164
-0.34050 0.13230 0.09298
-0.38604 -0.36027 -0.17635
0.14117 0.58332 0.41346
-0.12327 -0.48422 0.41083
0.16560 0.47737 0.68885
0.14246 0.38543 0.57275
0.49397 0.52868 -0.43501
0.32248 0.58332 -0.38327
0.02980 -0.84685 0.40560
-0.36268 0.32541 -0.35274
-0.36913 0.58332 0.52158
-0.17454 0.09934 -0.28804
0.17238 -0.82720 0.31593
0.04491 0.26785 -0.37723
-0.00961 -0.01612 0.20183
0.23950 0.53463 -0.40746
-0.04041 0.58332 -0.57593
-0.02483 0.53463 0.44131
0.10040 0.23487 0.40587
-0.37450 -0.70344 0.20791
-0.19814 -0.35990 -0.31070
-0.68103 0.58332 0.03059
0.13054 -0.67211 -0.41545
0.02843 -0.14513 -0.23049
0.39758 -0.51147 -0.17417
-0.33813 0.53463 -0.26381
0.38636 -0.54027 -0.29743
-0.40508 0.58332 0.41658
0.35419 0.51834 0.55572
0.15508 -0.23844 0.17407
0.25093 -0.37506 0.28244
0.41815 -0.74917 -0.19668
-0.15450 -0.26004 0.20640
-0.18041 -0.90332 0.08167
0.06433 -0.61127 0.43662
-0.25887 0.10711 -0.12102
-0.40210 -0.74932 -0.07432
-0.17156 -0.23693 -0.26160
-0.52921 0.53463 0.23121
0.17010 -0.07764 0.06099
-0.19353 0.58332 0.62237
0.53632 0.41359 -0.06062
0.27109 -0.24258 0.17095
-0.62600 0.58332 0.03024
-0.50747 0.46049 -0.49572
0.20321 -0.21251 0.06131
0.32793 0.45448 0.52015
0.28856 0.12296 -0.05134
-0.27260 -0.39084 0.34882
-0.27043 -0.20742 0.01582
0.41824 -0.83293 0.03149
0.03054 0.26092 0.43712
-0.13659 0.58332 -0.68747
0.30413 0.58332 -0.21379
-0.37272 -0.37185 -0.03674
-0.25419 0.22322 -0.31771
0.01695 0.01561 -0.22333
0.38494 0.19772 0.05501
0.25497 0.14135 0.16225
-0.28783 0.39293 -0.42151
0.15857 0.21074 -0.36508
-0.46311 0.53463 -0.26408
-0.41563 0.53463 0.10335
-0.31638 -0.85143 -0.10980
-0.33537 -0.63826 -0.28398
0.11537 0.53463 -0.45376
0.25636 0.00189 0.11146
-0.18427 -0.84666 0.36314
-0.60906 0.45178 -0.01784
-0.38626 -0.49384 0.18829
-0.24764 0.05295 0.09619
0.07387 -0.18898 0.24434
-0.28648 0.53463 0.52720
-0.55357 0.41807 -0.34358
0.41794 -0.53400 0.25526
-0.29556 -0.74002 0.35896
-0.14004 -0.03926 -0.19990
0.23666 -0.50298 0.36252
-0.33949 -0.58050 0.35727
-0.19532 -0.60961 0.44909
0.18567 0.11714 -0.28995
0.08537 -0.50715 -0.42518
-0.19440 -0.38451 -0.39514
-0.43662 0.58332 -0.05588
0.32273 0.45972 -0.53805
-0.05803 -0.79757 -0.43657
-0.11598 -0.85424 0.31100
0.01919 0.35981 -0.54947
-0.31987 -0.86422 0.03743
-0.16035 0.39205 0.58036
0.64197 0.56624 -0.29245
-0.43481 -0.50485 0.00372
0.01301 -0.65430 -0.44008
-0.23423 -0.91378 -0.25129
0.35814 -0.30472 -0.13966
-0.39675 0.20650 0.00654
-0.32917 -0.29316 -0.18154
0.12804 0.49178 -0.64531
0.06787 -0.26571 -0.26137
0.34576 -0.70807 0.24765
-0.18536 0.28535 0.34989
0.06148 -0.90332 0.27183
0.20078 -0.05759 0.12491
-0.12591 -0.45806 -0.45687
-0.08393 0.16250 -0.30256
0.46163 0.35746 0.06145
0.33871 -0.86006 0.20529
-0.64192 0.58332 -0.09709
0.28407 -0.38865 -0.26301
-0.03342 0.28468 -0.45857
-0.41827 0.58332 0.18564
-0.19759 -0.32486 0.35239
0.48648 -0.56114 -0.05326
0.10377 -0.72558 0.40857
0.47753 0.58332 0.28735
0.42354 -0.39084 0.13593
0.44812 -0.76891 0.06900
-0.26615 0.49720 -0.65238
-0.35924 -0.36051 0.08497
-0.25151 -0.26657 0.09556
-0.12372 0.53856 0.32587
-0.41277 0.53463 -0.46545
-0.24910 -0.60359 -0.36572
0.41817 0.53463 -0.38783
-0.12443 -0.90332 0.21558
-0.45272 -0.77391 0.01220
0.59895 0.48074 0.26994
-0.27590 0.46341 0.64814
-0.40109 -0.64189 -0.17776
0.06875 -0.90332 0.06737
-0.05567 0.36045 0.46550
-0.19574 0.54817 -0.68155
-0.18298 0.38671 -0.46633
0.32072 -0.86239 -0.22527
-0.47656 0.58332 0.42470
-0.10070 0.53463 0.61147
-0.42265 -0.69643 0.06304
-0.32066 0.38370 0.48910
-0.34030 -0.80527 0.27143
0.05697 -0.90332 0.14605
-0.04563 -0.90332 -0.10327
-0.68903 0.49484 0.16162
-0.28515 0.58332 0.34800
-0.42124 0.26997 0.14564
0.25094 0.40133 -0.56072
-0.06780 -0.09948 0.21693
0.23347 0.49556 -0.61398
0.52954 0.37747 0.21950
0.23489 -0.23860 -0.21049
-0.38203 0.29272 -0.12435
0.61563 0.46957 -0.19924
0.27441 0.47834 0.64907
0.03995 -0.36373 -0.36773
0.19378 0.40834 0.49537
-0.23348 0.03526 -0.07221
0.06051 0.40987 -0.62919
0.59817 0.58332 0.34405
0.04564 0.12891 0.29136
0.37616 0.58332 -0.55845
-0.45400 0.41557 0.46220
-0.24498 -0.48180 0.34907
0.04390 0.17458 -0.37169
-0.26607 0.53463 -0.43431
0.57687 0.48317 -0.32345
-0.10866 -0.35553 0.34859
-0.61283 0.52046 -0.23478
0.25432 -0.76551 0.37774
-0.31667 -0.82159 -0.28578
0.09679 0.00478 0.19272
-0.44725 -0.53742 -0.19201
0.38079 0.40926 0.37983
-0.61702 0.58332 0.24397
-0.30876 -0.94180 0.06744
0.26853 0.53463 -0.55119
-0.17317 0.31497 -0.38343
-0.05469 0.07497 -0.26837
-0.28147 -0.88383 0.24157
0.64354 0.47376 -0.13676
0.14000 -0.24666 0.29252
0.12295 0.17117 0.35175
0.18153 0.12202 -0.22917
0.40895 -0.43511 0.03102
-0.29467 0.53463 -0.55432
0.44259 0.58332 0.04820
0.60818 0.58332 0.09952
0.13134 0.53463 0.52605
0.12044 -0.87355 -0.36228
-0.36453 0.58332 -0.55183
-0.20573 0.47074 0.61554
0.38644 -0.30561 0.01485
-0.32531 0.32289 0.37980
-0.56854 0.43018 0.37164
0.46142 0.46580 0.44320
0.33506 -0.79360 -0.29097
-0.33788 -0.88520 0.14858
-0.09848 0.52752 -0.64910
0.46820 0.53463 -0.14168
0.01446 -0.90332 -0.22952
-0.11630 -0.57158 0.42921
0.36702 0.58332 0.53824
-0.35848 0.50749 -0.61290
0.27979 -0.52286 -0.39810
0.35968 0.58332 0.16754
0.62371 0.46190 0.07291
0.01541 -0.79172 0.44512
-0.39473 0.28831 -0.04052
-0.30653 -0.32673 0.26201
0.30013 0.28587 -0.25812
-0.21038 0.44380 -0.55140
-0.29189 -0.39706 -0.26041
0.64051 0.58332 -0.19788
0.49209 0.58332 0.15957
-0.53217 0.43070 -0.19777
-0.51505 0.51377 0.40634
-0.35507 0.53463 -0.40787
0.05912 -0.82946 -0.41655
-0.18501 0.58332 -0.40803
0.24116 0.30745 -0.42240
-0.07586 0.43591 0.68837
-0.45411 0.53463 0.37109
0.51007 0.45780 0.49313
-0.21807 -0.13514 0.07135
-0.36755 -0.81606 -0.22511
0.39298 0.53463 -0.22379
0.38573 0.53463 0.39344
0.17340 0.31755 0.46209
0.40752 0.22889 -0.05742
0.50027 0.32080 -0.01185
0.13820 0.53463 -0.54133
-0.07636 0.04539 0.24452
-0.13535 0.27420 0.42966
-0.39006 -0.50184 0.28110
-0.26471 0.11262 0.11273
0.43380 -0.56424 0.08411
-0.60728 0.51939 0.36544
0.11477 -0.41861 0.38788
-0.25285 0.31300 -0.42088
0.21984 -0.09743 -0.06293
-0.38342 0.53463 0.47934
0.27190 -0.89648 -0.10651
0.33846 -0.33349 0.07312
-0.47459 0.33601 0.20024
-0.18865 0.53463 0.47838
0.34700 0.30569 0.22521
-0.20825 -0.14771 -0.10482
-0.01922 0.53447 0.65933
0.06622 0.42738 0.55807
-0.49100 -0.57434 -0.02119
0.54079 0.50113 -0.45330
-0.19242 0.38024 -0.54547
-0.65373 0.47679 -0.26220
-0.31143 -0.64799 0.31324
0.49328 0.58332 -0.33775
-0.64728 0.48389 -0.10908
-0.11299 -0.87201 -0.36664
-0.09699 -0.71260 -0.46480
-0.46712 0.43983 0.52691
-0.18848 -0.04185 0.01604
-0.40493 -0.58871 0.27836
-0.44927 -0.43384 0.11640
0.38134 0.22886 0.15448
-0.10213 -0.11110 0.14545
0.50192 0.53463 -0.00747
0.45499 0.38432 0.20299
0.18347 0.22156 0.29591
0.11669 -0.78880 0.43295
0.26644 0.31975 0.42078
-0.05959 0.58332 -0.41970
-0.27572 0.18376 0.17038
-0.19855 -0.20839 -0.18715
0.16486 -0.63248 0.40764
-0.37213 0.53249 0.60222
0.27659 0.10091 0.07157
0.09608 0.38952 -0.49677
-0.51239 0.53463 -0.32184
-0.15853 -0.12991 0.08573
0.32825 -0.78398 0.21627
0.05053 0.53463 0.50198
-0.02740 0.53463 -0.52167
-0.28074 0.44957 -0.53522
-0.21840 0.16104 -0.22416
0.45186 0.30141 -0.15426
0.06809 0.27992 -0.44918
0.40286 0.35008 0.35133
-0.33398 0.32394 -0.27032
-0.23470 -0.16301 -0.04153
0.46714 0.58332 -0.41331
0.01641 0.58332 -0.67189
-0.24075 -0.90332 0.00169
-0.02437 -0.49999 -0.43135
-0.54299 0.36070 0.07401
-0.30023 0.58332 -0.19405
0.38596 0.53463 0.30175
-0.36280 0.53463 0.35203
-0.05852 0.40964 -0.53057
-0.40210 0.58332 -0.28376
0.08580 -0.90102 0.34600
0.22922 0.53463 0.42882
-0.28101 -0.94568 -0.13501
-0.10796 -0.19634 0.23612
0.35577 -0.89067 0.09059
0.54046 0.42619 0.15929
-0.09293 -0.15719 -0.21645
-0.22101 0.02814 -0.21872
0.38756 -0.65404 0.20953
-0.10129 0.53463 0.49964
0.09438 -0.54224 0.47911
-0.15368 -0.58917 -0.46786
-0.34744 0.34675 0.29098
-0.55787 0.39232 0.21544
0.20967 -0.38990 -0.32592
-0.19738 0.07657 0.25835
-0.08370 0.45543 0.60824
-0.21555 -0.07478 0.07982
0.24738 0.23959 0.33856
0.69008 0.54538 0.15943
0.38393 -0.75091 0.14023
-0.40414 -0.82199 0.13440
0.61090 0.58332 -0.07504
0.03916 0.48492 0.65680
0.06556 -0.06972 0.22353
-0.14174 -0.92025 -0.30482
0.04773 -0.19523 -0.19623
0.42877 -0.67486 -0.06255
-0.38906 0.32708 0.19114
0.15014 -0.30424 -0.28122
-0.69785 0.50246 0.09465
-0.35359 -0.86241 -0.16778
-0.25478 0.58332 0.46257
0.44322 0.43984 0.54586
0.16255 -0.22628 -0.15283
-0.09288 0.07049 -0.31097
-0.32631 -0.36839 0.18469
0.37944 -0.48152 0.19879
0.26401 -0.30777 0.18404
0.22062 0.53463 0.57112
-0.09166 -0.91704 0.32869
0.05750 -0.95194 -0.30084
-0.32138 -0.50827 0.36119
0.24787 0.58332 -0.34587
-0.62201 0.40451 0.02566
0.25961 -0.87380 -0.17683
-0.37597 0.53463 -0.15884
0.09328 0.44247 -0.58066
-0.33821 -0.51757 -0.27349
-0.36548 -0.28232 -0.01347
0.31426 -0.42020 -0.33315
0.32235 0.53732 -0.62942
0.43954 -0.43440 -0.14516
-0.30667 0.19839 -0.12614
0.16576 -0.47964 0.44614
0.28697 0.22164 -0.29167
-0.29504 -0.50321 -0.31740
-0.45113 0.38158 0.36410
0.18279 -0.14591 -0.00882
-0.39917 0.43984 -0.57929
-0.41189 -0.61817 0.15640
0.18916 0.35377 -0.42077
0.49959 0.45151 0.34475
0.64286 0.53463 0.05661
-0.25210 -0.22160 0.14466
-0.37509 -0.74840 0.26870
0.32364 -0.47376 -0.27604
0.09950 0.58332 -0.60975
0.24629 0.08693 -0.13124
0.26021 0.58332 0.29584
-0.30904 0.02748 0.01321
-0.40240 0.29927 0.05526
0.13051 0.58332 0.32461
0.17990 -0.63486 -0.45383
0.07364 0.08544 0.32222
0.34691 -0.65193 -0.26816
0.42734 0.53463 -0.28283
0.06513 0.51247 -0.70228
-0.08458 -0.78497 0.38331
0.31217 0.58332 0.24431
0.68384 0.43137 0.02401
0.45751 0.38769 -0.37411
0.48319 0.37078 0.29515
0.23092 -0.54094 0.43183
-0.28982 -0.28082 -0.00986
-0.06809 -0.89605 -0.28559
-0.07289 -0.32575 -0.39612
-0.40218 0.37705 0.41225
0.28634 -0.74531 -0.29798
0.09997 -0.63353 0.47899
-0.47371 0.44776 -0.36491
-0.50910 0.58332 0.06259
0.17808 -0.74137 -0.42922
-0.43610 0.37621 -0.22140
0.31032 0.20819 0.13486
0.50692 0.58332 -0.23192
0.12140 0.16468 -0.34823
0.39865 -0.82308 -0.14794
-0.10195 -0.61774 -0.43125
0.57494 0.58332 0.00935
0.00955 -0.85577 -0.33223
0.17047 0.56627 0.68821
-0.18815 -0.63781 -0.39742
0.31458 0.06649 -0.07455
-0.18835 -0.69502 0.43877
-0.31056 -0.78191 -0.24065
-0.32527 0.40168 0.40832
-0.26001 0.07775 -0.19613
0.39973 0.32977 -0.17464
0.63244 0.44375 0.31525
-0.12868 -0.90332 -0.14361
0.30690 0.35112 -0.34180
-0.13050 -0.06256 -0.13067
0.12172 0.51493 0.64593
-0.66415 0.42716 -0.08430
-0.56514 0.53463 -0.16291
0.09521 -0.43078 -0.39845
0.15882 -0.89775 -0.24452
-0.30218 0.58332 0.19275
0.43942 0.26145 0.01974
-0.01603 -0.90332 0.07316
-0.14680 0.14892 0.26875
-0.56953 0.58332 -0.10559
-0.50157 0.58332 -0.00387
0.19062 0.28097 -0.34409
0.48346 0.45638 -0.38256
0.40736 -0.64440 -0.16393
-0.22525 -0.09772 -0.02362
-0.47292 0.49482 0.46126
0.27750 -0.62921 0.34174
-0.00251 -0.04194 -0.24444
0.46846 -0.73524 -0.02270
-0.12331 -0.36048 -0.40844
-0.51510 0.58332 -0.41332
-0.37840 -0.71840 -0.18752
-0.09055 -0.75825 -0.39661
-0.01684 -0.86105 0.32588
-0.20032 0.31836 0.45168
-0.07792 0.34100 -0.51579
0.40743 -0.44251 -0.06651
0.20604 -0.49430 -0.43351
-0.44011 -0.66350 0.20468
0.37541 -0.47880 0.29201
0.33779 -0.28524 0.14439
0.07786 -0.66272 -0.47961
0.03165 -0.90332 -0.00082
-0.19054 -0.54451 0.39613
0.64310 0.48668 0.14647
0.38884 0.27657 -0.01268
-0.58079 0.53463 -0.04091
0.03537 -0.57359 -0.44075
0.42023 -0.82281 -0.06471
0.67470 0.50301 -0.21342
-0.46412 -0.71252 -0.09909
0.22344 0.14735 -0.28057
-0.28239 0.25539 0.24001
-0.18873 -0.22240 -0.11274
-0.34478 0.27425 0.17200
-0.24496 -0.74668 -0.39448
0.30685 -0.56828 0.38167
0.09372 -0.28433 0.35700
-0.35101 0.36758 -0.43408
-0.38708 0.24924 -0.18110
0.70313 0.49177 -0.06055
0.26177 -0.01286 -0.02735
-0.12836 0.47910 -0.69386
0.17991 0.03693 -0.25510
0.08662 0.06511 -0.31158
0.22177 -0.87729 0.22049
0.20829 -0.90148 -0.28659
0.31389 0.58332 -0.51135
0.45428 0.35077 -0.28614
0.33938 0.29330 -0.32673
0.38802 -0.59189 0.22131
-0.10994 0.11888 0.32616
0.36189 0.58332 -0.05770
-0.37625 -0.46574 -0.19347
0.50689 0.53463 0.22316
-0.12755 -0.30749 -0.29447
0.52943 0.58048 -0.46810
-0.16439 -0.56046 -0.40854
-0.23318 -0.79583 0.37710
-0.08232 0.03474 -0.22894
-0.63773 0.53463 -0.02026
-0.19560 0.21252 0.27894
0.39704 0.23265 -0.12410
0.43931 -0.51938 -0.00255
0.37507 0.17591 -0.02635
0.15049 0.58332 -0.46098
-0.43810 0.53463 0.24262
0.27423 0.15184 -0.13915
-0.32210 -0.72803 -0.26588
-0.31267 0.17026 0.04063
0.06629 0.32644 0.42727
0.27658 0.39848 -0.44071
0.35155 -0.70785 -0.24040
0.26704 0.44025 -0.65142
0.18880 0.08776 0.27140
0.11043 -0.24992 0.22002
-0.47484 0.36776 -0.05069
0.48264 0.50797 -0.51821
-0.19310 -0.87894 0.24009
0.20080 -0.90332 -0.13469
0.33367 0.53463 -0.32316
-0.03385 0.27688 0.45061
-0.15085 -0.03605 0.19347
-0.02838 0.41536 -0.64480
0.22320 -0.32639 0.33658
-0.37860 0.53463 0.00595
0.04776 0.58332 0.60796
0.30310 0.01986 0.04515
0.35454 0.43166 -0.44591
0.70978 0.50800 0.00984
-0.47109 0.29677 -0.03005
0.40697 -0.34906 -0.10950
0.53276 0.41015 -0.34468
0.54000 0.58332 -0.13921
0.00660 0.46382 0.70978
0.07711 -0.37152 0.42496
0.28887 -0.68487 -0.32131
0.40512 0.51611 -0.57770
0.07525 0.58332 0.44218
0.37392 -0.30099 -0.07937
0.29682 -0.44480 0.29231
-0.09880 -0.44863 -0.40542
-0.46129 0.53463 -0.12157
0.32058 -0.34832 0.26767
0.00315 0.58332 -0.44962
-0.02873 -0.40128 0.39242
0.53085 0.53463 -0.08848
-0.24820 -0.84206 -0.24054
-0.09762 0.34828 0.52225
0.39369 -0.61166 -0.29199
-0.01173 -0.49576 0.48191
0.30215 0.23258 -0.18778
0.61462 0.43918 -0.34907
0.59777 0.44989 -0.07938
0.00578 -0.67089 0.43677
0.14774 -0.14257 0.10520
0.18823 -0.04917 -0.00758
0.32115 0.25886 0.29744
-0.16529 -0.90332 -0.21289
0.28809 0.39715 0.53717
0.18013 0.53463 0.37104
-0.34184 0.22181 -0.05501
-0.44444 -0.60597 0.00551
-0.26248 -0.80772 -0.34551
0.03977 -0.44463 0.46426
0.15839 0.33224 -0.48769
-0.10579 0.28474 -0.38248
0.02091 -0.37251 -0.43318
0.40161 0.53463 0.47196
0.14373 -0.07183 0.18100
-0.40154 -0.44079 -0.09993
-0.22941 -0.90332 -0.06581
0.44570 -0.58200 0.00447
-0.50718 0.53463 0.32007
0.42165 0.58332 0.12180
-0.15362 -0.13107 -0.16965
-0.31000 -0.30421 -0.07105
-0.06937 -0.02910 0.24165
0.32361 0.53674 0.62869
0.20769 -0.20889 -0.01946
0.26944 0.14670 -0.23747
0.68110 0.46634 0.19778
-0.38427 -0.86571 0.05110
-0.57053 0.46683 0.28815
-0.20968 0.15648 -0.29646
-0.26661 -0.33248 -0.21700
0.19770 -0.84837 -0.35633
0.19519 -0.32763 -0.35651
-0.62538 0.58332 0.32546
-0.16438 0.53463 0.39578
0.59390 0.41178 -0.22792
0.51244 0.58332 0.05968
0.20680 0.53063 -0.67728
-0.27347 -0.67019 0.39946
-0.47250 0.35756 -0.27730
0.10011 -0.90332 0.22052
0.53512 0.42848 -0.18257
0.36486 -0.88319 -0.07656
-0.19751 -0.30868 -0.25455
0.34565 0.53463 0.13156
-0.45117 0.46125 -0.44026
-0.56289 0.46229 -0.28221
-0.19252 0.09527 -0.20609
0.70314 0.58332 -0.02940
0.29390 -0.28507 0.02335
0.04061 -0.36094 0.36569
-0.34964 0.46698 0.53559
0.00481 0.58332 0.37032
0.00753 0.53463 -0.65952
-0.57044 0.48090 -0.41366
-0.67997 0.43559 0.13142
0.03641 -0.94690 0.30827
0.18039 -0.29814 0.25217
-0.41314 -0.69677 -0.11906
0.50465 0.38618 -0.00161
0.33703 -0.88280 -0.15868
-0.32521 -0.25454 0.07963
-0.32344 0.11243 -0.10779
-0.42719 0.28654 -0.17214
0.01186 0.24488 0.36426
0.26123 -0.79689 0.28354
-0.69240 0.53136 -0.13620
-0.02068 -0.21886 0.28353
-0.25328 -0.58594 0.42397
0.53837 0.50397 -0.37715
-0.16821 -0.80839 -0.33700
-0.14647 -0.31777 0.29744
-0.26046 0.01399 0.14891
-0.03000 0.53530 0.34756
-0.60781 0.46497 -0.18827
0.06707 0.53463 -0.34620
0.19018 0.01379 0.11734
-0.07221 0.18117 0.31443
0.09544 -0.87266 -0.30097
-0.62630 0.53463 0.08526
-0.37939 0.53463 -0.34597
0.57252 0.37595 -0.02376
-0.28303 0.53463 -0.31399
0.26452 -0.89467 -0.24783
-0.29306 0.58332 0.57764
-0.33013 -0.33203 -0.23782
0.17155 0.53463 -0.38523
-0.43923 0.53463 -0.40303
0.16253 -0.83251 0.38590
-0.47055 -0.47027 0.04887
0.45398 0.28710 0.08973
0.13450 -0.17400 0.20466
0.16060 0.58332 0.58237
-0.41947 -0.54606 0.13411
0.28339 -0.29174 0.10597
-0.18775 0.57173 0.68465
0.28476 -0.29401 -0.10996
0.42762 0.58332 0.37398
0.25142 -0.93464 0.20195
0.46695 -0.50576 0.13275
-0.01560 0.18523 -0.32453
0.21950 -0.16516 -0.09716
0.41823 -0.62680 0.14114
-0.40926 -0.45251 0.23603
-0.03846 0.58332 0.50677
0.09149 0.05648 0.25131
0.04266 0.32344 -0.49918
0.31777 0.14735 0.16992
-0.25321 0.36037 0.48793
-0.49322 0.58332 0.18866
-0.34939 0.58332 0.31067
0.12782 -0.69701 0.46364
0.49693 0.32562 -0.08172
-0.12543 0.58332 -0.52336
0.27128 0.58332 0.56894
-0.23675 0.22698 -0.25889
-0.37280 0.31491 0.31852
-0.33415 -0.63849 -0.35801
0.43170 -0.53150 -0.23018
0.06603 -0.52254 -0.48147
-0.02768 0.28180 -0.39112
-0.55228 0.58332 0.43511
-0.24548 -0.85197 0.31692
0.15848 -0.46680 -0.39182
0.19435 0.00712 -0.09854
0.16866 0.58332 0.48462
-0.39868 -0.50810 -0.27256
0.22398 0.45264 -0.56593
0.20331 -0.72826 -0.36799
-0.24710 -0.25456 -0.04171
0.00421 0.39768 0.52041
0.04311 -0.16284 0.18280
0.03606 0.33115 -0.43633
0.09932 0.49816 0.69758
0.19258 0.27759 0.40946
0.57623 0.53889 0.40692
0.64507 0.46836 -0.01776
0.35252 0.36625 0.43091
-0.18559 0.02309 -0.13511
0.39114 0.38654 -0.44191
-0.21521 -0.43343 0.40940
-0.64082 0.46851 0.04702
-0.04785 -0.90332 0.25699
0.06723 -0.70492 -0.42057
-0.19635 -0.20980 0.07048
-0.42003 -0.36941 -0.10218
-0.04741 -0.46834 -0.47071
0.43985 0.35005 0.13187
-0.26024 -0.55123 0.35410
-0.49163 0.42247 -0.25895
0.07798 0.43869 -0.69568
0.47806 -0.69125 0.03829
-0.59755 0.46747 0.22662
0.30136 -0.52431 -0.31959
-0.67459 0.55865 0.21163
-0.12599 -0.51658 -0.41840
-0.21510 0.01127 0.04936
0.00987 0.56878 0.70935
0.13719 0.45475 0.59987
-0.53694 0.43369 -0.42799
-0.43552 -0.63825 0.05364
-0.14842 -0.51459 -0.46238
-0.11406 -0.90332 0.04861
-0.44063 -0.39412 0.05458
0.25118 -0.67583 -0.41564
0.04307 0.48143 -0.65649
-0.06945 0.58332 -0.64355
0.59220 0.48651 -0.38630
0.27857 -0.59028 -0.40578
0.35680 0.27775 -0.15301
-0.49768 0.37863 0.29520
-0.38092 0.36962 -0.29165
-0.46270 0.45405 0.40047
-0.70266 0.58332 -0.03166
-0.01539 -0.30011 -0.38123
-0.13946 0.43115 -0.55500
0.18847 0.58332 -0.56969
0.18516 0.48302 0.63379
0.34452 0.36644 0.33359
-0.24268 -0.03319 -0.04691
-0.62064 0.45634 -0.34208
0.44401 0.35205 -0.12802
-0.43634 0.58332 -0.49887
-0.56037 0.38343 -0.17001
0.30403 0.53463 -0.44007
0.30484 -0.26464 -0.16740
-0.58507 0.44890 0.15402
-0.03864 -0.15538 0.18110
-0.34344 0.18638 0.16654
-0.01471 -0.01237 0.26328
-0.14843 -0.80176 0.41208
-0.29231 -0.27216 0.20047
0.35600 0.40741 -0.51684
0.09765 0.24127 -0.41121
0.44215 0.58332 0.23384
0.25335 0.53463 0.34347
-0.42358 -0.71568 -0.01908
-0.18884 0.58332 -0.62262
-0.20714 0.45873 -0.67682
-0.01575 0.58332 -0.36691
0.30735 0.38839 0.39876
-0.23846 -0.50856 -0.36245
0.13958 -0.02899 0.13870
0.16833 0.42852 0.65697
0.43271 -0.69237 -0.00005
0.53114 0.43940 -0.46088
0.24586 -0.69462 0.41377
0.26572 -0.73810 0.31740
-0.34361 0.58332 0.45257
0.61904 0.50168 0.34760
0.13424 -0.01163 -0.22980
-0.06572 -0.03114 -0.18252
0.28516 0.58332 0.44573
0.58461 0.41558 0.27072
-0.33018 0.09493 -0.04105
0.03718 0.00816 -0.28574
0.46224 0.52226 0.47282
-0.46535 0.53463 0.05588
0.37888 -0.37379 -0.00492
0.23973 -0.82656 0.34861
-0.42896 -0.63694 -0.23806
-0.22594 -0.00370 -0.15326
-0.19932 -0.83632 0.28667
0.56587 0.48781 0.42042
-0.36909 -0.69596 -0.30291
0.42436 -0.79426 0.13214
-0.04959 -0.36731 0.42585
-0.21245 -0.69944 -0.37404
-0.21185 0.50656 0.67467
-0.57478 0.53463 0.27965
0.31276 -0.84869 0.12702
-0.23322 0.25586 0.36643
0.55351 0.58332 -0.32659
0.26740 0.58332 -0.45587
-0.10888 -0.74965 0.45048
-0.39007 0.44721 -0.45306
0.20994 0.29207 0.34365
0.02004 -0.90332 -0.12601
0.69484 0.50197 -0.12349
0.50077 0.51675 0.42595
0.16129 -0.77361 0.36434
0.25434 0.12188 0.23597
0.43471 0.53463 0.33395
0.25851 -0.19301 0.00894
0.33543 -0.85310 0.00642
0.33009 -0.25112 -0.01727
-0.36333 -0.68414 -0.23349
0.11698 -0.17556 0.15070
-0.60397 0.42484 -0.27571
0.00992 0.09985 0.33667
-0.08102 -0.41906 0.44793
-0.06136 -0.03848 0.18034
0.22795 0.22912 -0.34393
-0.26431 -0.69337 -0.33697
-0.10591 -0.90332 0.11666
-0.33280 -0.85160 0.22527
-0.59498 0.58332 0.19021
0.15453 0.03880 0.27397
-0.31054 0.24197 -0.28629
0.56451 0.53463 0.12391
-0.11126 0.13232 -0.33330
0.21069 -0.13686 0.09233
0.45283 0.38138 0.36233
0.28103 0.58332 -0.30154
-0.19411 0.13305 0.22452
0.41741 -0.49384 -0.11514
0.11882 -0.59185 -0.43040
-0.17772 -0.38348 0.33950
-0.22412 -0.71042 0.36240
0.20381 -0.22050 0.20527
0.63190 0.53463 -0.07056
0.58636 0.39178 -0.12548
-0.55661 0.48702 -0.35238
-0.20685 0.26514 -0.31719
0.42956 0.52666 0.55873
0.20076 -0.23577 0.11532
-0.27311 0.08580 0.04397
0.54771 0.44398 0.22123
-0.38442 -0.54550 -0.21881
-0.29044 0.35372 -0.35781
-0.61264 0.53463 -0.11778
-0.57958 0.38538 -0.08757
0.37799 0.58332 0.25337
0.36912 0.53463 0.01972
-0.43478 -0.62921 -0.06499
-0.40256 0.42517 0.52850
-0.38536 -0.79248 -0.03162
-0.22838 0.38611 0.54121
-0.41647 0.55559 0.56820
0.02894 0.39284 0.60044
-0.31228 0.13016 0.15821
0.21495 -0.43527 0.35104
-0.33769 0.25741 -0.15602
0.27582 -0.34857 -0.31461
-0.35261 0.47029 -0.54412
0.38747 0.46159 0.49306
-0.17374 -0.14069 -0.05188
0.41994 -0.68191 0.24303
-0.62498 0.58332 -0.16803
-0.51054 0.58332 -0.13382
0.41257 -0.57922 -0.15969
0.12249 -0.32490 0.31439
-0.42959 0.39665 0.28568
0.16271 -0.07593 -0.07947
-0.11401 0.41714 0.53406
-0.05749 0.48816 -0.65449
0.40901 0.58332 -0.43363
0.12544 0.25884 -0.35210
-0.11657 -0.24181 -0.29583
-0.36698 -0.37628 0.23472
-0.02016 -0.17749 -0.19061
-0.39416 0.58332 -0.42544
-0.15035 0.53463 0.56977
0.31938 0.50903 -0.57839
0.54486 0.42159 0.09412
0.30708 0.47242 0.57861
-0.41276 -0.68037 0.13016
-0.45657 0.29027 0.08917
0.35764 0.53463 -0.16994
-0.15279 -0.85532 -0.29484
0.40438 0.35709 -0.36599
-0.14888 -0.37784 -0.34787
0.13720 -0.90332 0.01826
0.24371 -0.28649 -0.16885
0.31990 -0.67180 0.36394
0.44288 0.58332 -0.23194
-0.57868 0.58332 -0.37989
0.23874 0.36281 0.49801
-0.41402 -0.82776 -0.08252
0.28447 -0.54406 0.33537
0.00619 -0.90332 0.24200
-0.20885 -0.23092 0.22338
-0.06183 0.58332 -0.51683
-0.46968 -0.58224 -0.14718
-0.33593 0.58332 0.38647
-0.48590 0.58332 -0.35315
-0.32169 0.42792 -0.46250
0.01680 0.58332 0.55064
0.01969 -0.27499 0.35814
0.45872 -0.52502 -0.16359
-0.13312 0.02488 0.18959
-0.40618 -0.77685 -0.19343
0.45768 -0.42551 -0.03176
-0.17957 -0.31213 -0.34809
0.32487 0.53463 -0.22421
-0.22314 0.53463 -0.54251
-0.29012 0.01239 -0.05550
-0.25095 -0.90332 0.06411
0.29557 0.58332 -0.61507
0.56794 0.47131 0.32600
-0.12143 -0.50629 0.47004
0.57466 0.53463 0.30151
0.45219 0.27869 -0.03809
0.06594 -0.90045 -0.34937
-0.45669 0.47314 -0.53754
0.04233 -0.85114 0.33217
0.13337 -0.06245 -0.19259
0.33878 -0.76157 -0.22207
-0.44133 -0.39111 -0.03977
-0.37599 -0.62143 0.23304
-0.52121 0.58332 0.28278
0.16792 -0.53797 -0.45788
-0.22493 0.06994 0.15230
0.40625 -0.74561 -0.06050
-0.42224 -0.49832 0.08713
-0.17115 0.32633 0.39667
-0.43000 0.36019 -0.33885
0.41654 -0.42379 0.18888
-0.66786 0.42494 -0.01199
-0.16895 0.30044 -0.44422
0.27586 -0.82086 -0.23878
0.27844 0.04572 0.15031
-0.45820 0.53463 -0.02304
-0.57586 0.38864 0.15563
-0.33101 -0.38315 -0.19524
-0.04791 -0.22028 -0.28260
-0.31360 -0.73756 0.27019
-0.39415 0.58332 0.24324
0.48137 -0.60823 0.10046
-0.05160 0.08012 0.32278
-0.11314 -0.12114 -0.13840
-0.34714 0.57221 -0.03155
0.61587 0.40583 0.09908
0.47579 0.53463 -0.20851
-0.44662 -0.49421 0.17267
-0.48468 0.58332 0.11988
-0.36952 -0.87500 -0.09529
-0.28874 -0.25066 -0.16071
0.18173 -0.50168 0.39151
-0.01461 -0.77970 -0.39602
-0.40353 0.53463 -0.07531
0.32312 -0.40109 0.22461
0.18243 -0.37270 0.33062
-0.31662 -0.24497 -0.05729
-0.14295 -0.81032 0.34526
-0.27472 0.29720 0.29899
-0.27959 0.58332 0.28639
-0.05834 0.39861 0.51452
-0.25439 -0.85833 -0.30262
-0.46895 -0.72286 0.04301
0.38531 -0.75536 0.25158
0.58819 0.44915 -0.14037
0.36495 0.17276 -0.08827
-0.36349 0.15458 0.00952
0.27353 0.37770 -0.50751
-0.12904 0.42453 0.65158
0.28864 -0.88660 0.22887
-0.17356 -0.05452 -0.06534
0.13646 0.53463 0.46487
0.04798 0.58332 -0.37859
0.06583 -0.68074 0.42646
-0.33826 0.53463 0.18332
0.09436 -0.14171 0.21108
-0.01677 0.38809 -0.59398
0.28377 -0.90316 -0.03243
-0.23976 0.58332 -0.50939
-0.01415 -0.51362 -0.48616
-0.70547 0.52333 0.03676
-0.54563 0.54172 -0.44600
0.03280 0.19856 0.33051
-0.24882 0.14200 -0.17002
0.05355 -0.25557 -0.33043
-0.25189 -0.33886 0.32459
-0.42470 0.58332 -0.56168
-0.34285 -0.46722 -0.32905
-0.02346 -0.53755 0.43912
0.17697 0.16390 0.32449
-0.00158 0.23018 -0.41549
0.21579 0.33995 0.39360
-0.63253 0.52116 -0.31338
-0.24907 0.39930 -0.55719
-0.17323 -0.26269 -0.19794
-0.21885 -0.22085 0.00014
0.51235 0.37070 -0.23443
-0.03548 -0.61712 -0.44005
-0.53276 0.49897 0.46256
-0.01153 -0.33181 0.34457
-0.24969 -0.75635 0.31948
0.29874 -0.67288 -0.38004
-0.31812 0.56263 -0.63085
-0.05016 -0.17879 0.24192
0.52252 0.58332 -0.02115
-0.26600 -0.54413 -0.41022
0.11102 -0.17663 -0.15611
-0.43564 -0.78858 0.09488
0.46342 0.53463 0.11384
-0.13814 0.07572 0.29438
-0.06033 0.20789 0.39094
0.12259 -0.18044 -0.21725
-0.05737 -0.65627 0.48268
-0.08777 0.32790 0.42585
0.26545 0.42085 0.48633
-0.27281 0.09141 -0.06432
0.13558 0.14015 -0.26903
-0.50322 0.34113 0.14726
0.41655 0.31255 0.04225
0.37518 -0.76771 -0.14318
-0.29927 -0.87361 -0.23461
-0.06763 0.53463 -0.34635
0.23235 -0.03847 -0.07872
-0.12875 0.09278 -0.24948
-0.13986 0.50193 0.64344
0.20906 0.58332 -0.44249
0.28896 -0.23394 -0.10971
0.22174 -0.90332 -0.00503
-0.35423 -0.71524 0.31439
-0.02436 -0.69961 -0.42741
-0.19173 0.19206 0.33698
-0.19235 0.58332 0.54973
0.01476 -0.16214 0.23809
0.60915 0.50734 -0.24552
0.27531 -0.21694 0.06807
0.42962 0.58332 0.43722
0.19335 -0.90332 -0.20711
0.08205 -0.08910 -0.21262
-0.12944 0.58332 -0.43047
-0.24767 -0.40209 -0.37409
0.45227 -0.42758 0.07929
-0.22187 -0.89157 -0.19713
-0.18830 -0.48591 0.38434
0.64523 0.58332 0.17034
-0.43522 0.27078 -0.10837
0.49885 0.39251 -0.11482
-0.31222 -0.78442 0.32274
0.28603 -0.29998 0.25156
0.18116 0.53463 -0.62545
-0.52098 0.39845 0.00572
0.04408 0.52026 0.70485
0.00708 0.32072 0.42916
0.39847 0.27136 0.20564
0.46073 0.42547 0.48543
-0.14823 -0.43264 -0.38027
-0.42252 -0.82491 0.03133
-0.29938 -0.32415 0.15585
-0.29558 -0.45503 0.36471
0.20974 0.37126 -0.52327
0.23372 0.27219 -0.30375
-0.30258 0.58332 -0.25317
0.29227 -0.79059 -0.33558
-0.02700 -0.77829 0.39507
0.13208 -0.25258 -0.30368
-0.04266 0.45319 -0.60915
-0.49462 0.53463 -0.17038
0.05837 0.53463 -0.48809
-0.07539 -0.61430 -0.48387
0.11443 -0.73657 -0.40104
0.38699 0.55199 0.59140
-0.22036 0.53463 -0.35885
0.35730 -0.57744 -0.26060
-0.34664 0.32358 0.25302
0.65777 0.43917 0.24459
0.63721 0.58332 -0.01361
0.03319 -0.19627 -0.25767
0.18407 -0.17199 -0.16000
0.31601 0.32414 0.38942
-0.28071 -0.27567 -0.22268
-0.40292 -0.43806 0.08048
-0.23871 0.58148 -0.25610
0.33255 0.11837 -0.09547
0.37073 0.53463 -0.11504
0.03603 -0.75329 0.40578
-0.28094 -0.30446 -0.15006
0.21905 0.45195 0.67200
-0.47823 -0.65434 0.09047
-0.20910 -0.75375 -0.35221
-0.36109 0.27235 -0.26392
0.32060 -0.48115 -0.35428
-0.33959 0.53463 -0.20481
-0.52495 0.58332 -0.06040
0.23295 -0.18877 0.10162
0.37595 -0.32908 0.15173
-0.25094 -0.31151 0.20731
0.30255 0.53463 0.53362
-0.18416 0.53463 0.30561
-0.17921 -0.12819 0.14036
0.03018 0.53463 0.58004
0.07866 -0.30739 -0.31336
0.28038 0.58332 0.36099
0.38790 0.58332 -0.35645
0.39649 -0.69389 0.16272
-0.59594 0.58332 0.09577
0.06719 0.28375 0.38752
-0.29647 0.16839 0.10566
0.47544 -0.47856 -0.03306
-0.01106 -0.41733 0.45641
-0.47538 0.38502 -0.15433
0.22044 0.05176 0.14941
0.14645 0.52182 -0.69158
0.03414 -0.65755 0.48573
0.31123 -0.83237 -0.17171
-0.15931 0.53463 -0.38939
0.16771 0.44849 -0.57991
-0.04954 -0.33667 -0.34402
-0.24414 0.58332 -0.41142
-0.23527 -0.89047 0.27836
-0.16365 0.34185 -0.49773
-0.11552 -0.80604 -0.36126
-0.02655 -0.87155 0.38212
0.30082 0.42056 -0.58325
0.33122 0.53463 0.33526
0.36729 0.58332 -0.24185
0.55410 0.41882 0.34624
0.13486 -0.92546 0.30239
-0.17883 0.58332 -0.54574
-0.17557 0.36598 0.52874
0.16175 0.34928 0.50901
0.32338 0.22715 -0.13432
0.38372 -0.83875 0.15579
-0.25005 -0.34642 -0.33211
0.28837 0.10790 0.00441
0.45912 0.53463 0.25454
0.40497 -0.60253 0.27828
-0.44694 -0.59399 -0.20357
-0.65046 0.58332 -0.25815
-0.10133 0.27338 -0.43885
0.47919 -0.56773 -0.11272
0.12722 -0.09695 0.12738
-0.22916 0.36547 -0.41915
-0.25463 -0.45363 -0.32990
0.07877 0.19109 -0.31998
-0.36999 -0.84339 0.17549
-0.69872 0.58140 -0.08826
0.27650 0.53463 -0.33855
-0.09747 -0.64451 0.42949
-0.42744 0.35107 0.32063
0.46951 -0.68411 0.11653
0.62300 0.40546 0.03913
0.21846 -0.46265 0.41986
-0.26698 -0.68052 0.33865
0.26700 0.54508 -0.22536
0.41018 0.44242 0.42614
-0.15540 -0.89237 0.32780
0.49087 0.34322 0.18549
0.07299 -0.35596 -0.41597
-0.33659 -0.75911 -0.31170
0.03158 0.04929 0.26013
0.27767 -0.85614 -0.28798
-0.53758 0.53463 -0.22113
0.30019 -0.38923 0.32739
-0.39257 -0.79539 0.20546
-0.03090 0.14429 0.30072
-0.05744 -0.03985 -0.23828
-0.35821 -0.82721 0.01718
-0.56950 0.48656 0.41469
0.26333 -0.83144 0.23830
-0.41290 0.58332 0.47759
-0.42891 0.34828 0.15172
0.42139 -0.70495 0.06252
0.34100 0.53463 0.25807
0.31970 -0.46364 0.34942
-0.24077 -0.26633 -0.12058
-0.51311 0.41941 0.19325
-0.48474 0.50549 0.51581
0.25637 0.43398 -0.51454
-0.46372 -0.73674 -0.04808
-0.21763 0.58332 0.29914
0.63733 0.55916 0.30345
0.23657 -0.35205 -0.27372
0.02191 -0.32145 -0.33443
-0.67379 0.47783 0.21356
-0.23596 -0.40222 -0.31480
0.34133 -0.65048 0.27541
0.34647 -0.54205 -0.34885
0.49554 0.53463 0.31998
0.12285 0.35522 -0.45012
0.03763 -0.62612 -0.48799
-0.57279 0.43759 0.08515
0.10529 -0.90332 0.11666
0.28508 -0.85041 0.18017
-0.04046 -0.74881 0.45984
-0.14184 0.31350 0.46973
0.33520 0.58332 -0.45904
0.40361 0.40025 0.32896
0.30044 -0.94376 -0.09477
-0.34461 -0.45648 0.32227
0.41907 0.42848 -0.38068
0.28514 -0.33232 -0.19363
0.25621 0.33655 -0.36179
0.47683 0.58332 0.34645
-0.31692 -0.63006 0.37188
-0.15674 0.26630 -0.34478
-0.03508 0.38835 0.59181
0.04699 0.53463 0.44214
0.33286 0.20190 0.03407
-0.07218 -0.90407 -0.34496
0.10324 0.58332 -0.43057
-0.22904 0.17677 0.22501
0.15079 -0.84293 -0.30880
-0.36552 0.53264 0.54644
-0.19381 0.25289 -0.38555
0.29470 -0.91742 -0.17277
0.33065 0.32708 -0.28093
-0.40017 -0.75794 0.06108
0.00662 -0.44361 -0.41554
0.42670 -0.50887 0.07859
-0.14092 -0.17673 0.12979
-0.07043 0.24293 -0.35520
-0.00470 -0.82087 0.36621
0.02141 0.05879 -0.26754
-0.15908 0.16751 -0.33421
-0.26647 -0.42733 0.30673
-0.32527 0.43904 0.62339
-0.26318 -0.79870 -0.28024
0.29277 -0.88360 0.08810
0.40423 0.21534 0.00552
-0.11541 -0.34893 0.40375
0.21957 0.08483 -0.24644
-0.30626 0.48835 -0.58351
-0.15283 0.45743 0.60333
0.15215 0.58332 -0.36617
-0.56385 0.58332 -0.01963
-0.22389 0.07069 -0.15425
0.22879 0.58332 0.45581
-0.30278 -0.47758 -0.36628
0.61319 0.40182 -0.05600
0.39128 0.32074 0.17064
0.30606 0.05294 0.08978
0.39863 -0.73665 -0.24729
0.26355 0.58332 0.51386
-0.10152 -0.67624 -0.42296
0.44005 0.53463 -0.44722
0.20279 -0.24799 -0.25491
0.15298 -0.13447 0.17142
0.36486 0.42047 0.54401
0.47636 0.41095 -0.42091
-0.44786 -0.67160 -0.18104
-0.19474 0.00976 0.10092
0.17971 0.17787 -0.26536
0.01725 -0.57499 0.44304
-0.30549 0.18746 0.22892
0.24125 -0.76857 -0.32030
0.31915 -0.37888 -0.20733
-0.27880 0.53463 -0.38038
0.22290 0.26666 -0.38680
0.42014 -0.46307 -0.21892
-0.31164 -0.90314 -0.16733
-0.67169 0.44740 -0.21884
-0.07585 0.53463 0.38967
0.24963 0.16446 -0.18895
0.10678 0.36478 -0.54509
0.10709 0.53463 -0.38439
-0.07599 0.50608 0.65185
0.21006 -0.59532 -0.44473
0.23003 -0.33133 0.25585
-0.42071 -0.54290 0.25182
0.32019 -0.34393 -0.15256
-0.49788 0.41187 0.39479
0.17075 -0.14662 -0.06488
0.18560 0.58332 0.32129
-0.46655 -0.52039 -0.14133
0.23252 0.58332 -0.28366
0.34320 0.58332 0.60331
0.39074 -0.71435 -0.16385
0.10357 -0.85492 0.31575
0.16317 0.23070 -0.31397
0.37974 -0.63417 -0.22768
0.41895 -0.68194 -0.11625
-0.33405 -0.35072 -0.13267
0.41172 -0.52859 0.15068
0.16843 -0.66070 0.45615
0.35294 0.23941 -0.07031
-0.26884 0.53463 0.58557
0.21389 0.53463 -0.56864
0.63846 0.58332 -0.14300
-0.33728 -0.44496 0.23869
-0.18785 0.05860 0.19306
-0.07848 -0.49605 -0.42327
-0.47418 0.58332 -0.29958
0.29444 0.53463 -0.49530
0.32721 0.32049 0.27413
0.35186 -0.52261 -0.25871
-0.04605 0.58332 0.42798
0.04205 0.00078 0.20816
0.18910 -0.05874 -0.13978
-0.43675 0.53463 -0.32868
-0.27161 -0.83298 0.22409
0.28096 0.04057 -0.14004
-0.27270 -0.91778 0.19969
0.27196 0.18936 0.18199
-0.15007 0.09525 0.23845
-0.29752 -0.93546 0.12050
-0.11517 0.00687 -0.18454
-0.37191 0.17500 -0.04027
0.10174 0.53463 0.59910
0.10824 0.57100 -0.33280
0.34133 0.33288 -0.38348
-0.37160 0.25394 -0.00503
-0.20309 -0.79143 0.33183
-0.34712 -0.83161 -0.06943
0.58591 0.58332 -0.28284
0.12897 -0.83286 -0.39976
-0.36263 -0.32816 0.17997
0.02529 -0.53520 0.48764
0.14140 0.41281 -0.62468
-0.24386 0.58332 0.52280
0.38484 -0.69558 0.28333
-0.00635 -0.23931 -0.31691
0.43933 -0.60983 -0.04795
0.13129 0.43741 -0.68530
-0.14727 0.46509 -0.62029
-0.42483 -0.50186 -0.07423
0.36191 0.38377 -0.34544
-0.56981 0.40023 -0.22206
0.03987 -0.31280 0.32429
-0.05594 -0.24926 0.32220
0.09559 -0.48713 0.46886
0.30200 -0.29319 -0.03656
-0.35208 -0.58507 0.26720
-0.36532 -0.29180 -0.07778
-0.41616 0.53463 -0.21059
0.28353 0.53463 0.29207
0.47875 0.41934 -0.27731
0.45165 0.34116 -0.00002
-0.34811 0.52915 -0.56000
0.12787 -0.91385 -0.31751
0.68045 0.43637 -0.14921
-0.23189 -0.20892 -0.14469
0.03642 -0.69717 -0.47664
0.22087 0.16234 0.22350
0.00968 -0.05311 0.23763
-0.50728 0.43942 0.49087
-0.20346 -0.28315 0.21125
-0.00836 -0.03800 -0.19107
0.70814 0.44351 -0.02247
0.32175 0.22398 -0.25068
-0.38931 0.53463 0.40005
0.44267 -0.79618 -0.02091
0.47360 -0.55908 0.13455
-0.18673 -0.92551 -0.27359
-0.10146 -0.40834 -0.44091
-0.57017 0.58332 -0.26463
-0.52136 0.44541 0.29074
-0.02084 0.31795 0.49506
0.48646 -0.51836 0.02310
-0.38792 0.54856 -0.59031
0.03291 -0.51105 -0.43303
-0.00405 0.13045 -0.29759
-0.23683 0.11840 -0.25092
-0.23278 0.58332 0.58591
-0.10184 -0.82075 -0.41629
-0.39477 0.22053 0.10096
0.58725 0.58332 -0.20323
0.17772 -0.74932 0.42556
0.24077 -0.17346 -0.04212
-0.31990 -0.84400 0.11966
0.43747 -0.51455 0.20948
0.57839 0.39462 -0.17823
0.43372 0.30494 -0.20750
-0.39151 0.58332 -0.23143
0.29531 -0.34860 0.20339
0.35537 -0.35773 -0.09895
0.12174 0.21313 0.31880
0.40005 0.58332 0.49372
0.18721 0.47117 -0.62495
-0.32387 -0.38683 -0.30187
0.37186 -0.37276 0.05318
-0.34160 0.41664 0.55124
0.53976 0.53463 -0.34344
0.00715 -0.84114 -0.41429
0.20908 -0.78630 0.33184
0.28740 0.09356 0.17205
-0.28095 0.00698 0.05390
-0.34476 -0.90336 0.07553
-0.29523 0.10144 -0.16392
0.41288 0.47531 0.57154
-0.51649 0.45412 -0.33084
-0.25211 -0.45032 -0.39614
0.59047 0.53463 0.04728
-0.31240 0.06001 0.06887
-0.69240 0.47669 -0.13621
0.12028 0.30253 -0.46569
-0.36908 -0.31224 0.12826
-0.19900 -0.74436 0.41868
-0.56355 0.53463 0.06444
0.09292 -0.41766 0.44587
0.16167 -0.41030 0.36449
-0.11730 -0.22642 0.18909
-0.04281 0.07742 0.27054
0.04737 -0.89294 -0.29142
-0.17841 -0.08895 -0.14098
-0.41380 0.23730 -0.05153
-0.47008 0.33648 -0.21281
0.09807 -0.43176 -0.45135
-0.22583 0.46756 -0.59850
0.45712 0.58332 -0.46530
-0.14691 -0.88655 0.26475
0.20229 0.10235 0.20270
-0.01899 0.35909 0.54816
0.20726 -0.80417 -0.38661
-0.13483 -0.90006 -0.25599
0.60050 0.45572 0.15109
-0.48485 0.53463 0.14042
0.06868 0.58332 -0.47163
0.61365 0.53463 0.23241
0.20643 0.58332 -0.37863
-0.38758 -0.54406 0.21070
-0.37257 0.58332 0.57783
-0.25554 0.53463 0.32291
-0.46435 -0.68588 0.13200
-0.12105 0.58332 0.61058
-0.37127 -0.59500 -0.24283
-0.33302 -0.92246 0.02475
0.62869 0.53190 -0.19836
-0.27289 -0.27113 0.04756
-0.06604 0.00623 0.27829
0.48055 0.37817 0.10907
-0.25426 0.53463 -0.59817
0.18728 -0.02784 0.05959
0.42923 -0.51056 -0.06272
0.53090 0.39626 0.29999
-0.18668 -0.06966 0.13651
0.32595 -0.33937 0.12810
-0.01768 -0.90332 -0.27112
0.34971 0.53463 0.46368
0.33692 -0.26373 -0.08098
-0.01962 0.22995 -0.35222
-0.06371 0.48510 0.70216
0.29627 -0.24438 0.12452
-0.39424 -0.72685 0.13983
0.48427 0.53463 -0.38385
-0.43358 -0.60140 0.09082
0.18327 -0.10632 0.13273
-0.57364 0.50221 0.32921
0.41251 0.53463 -0.17523
-0.20925 0.41836 0.50471
0.13862 -0.47312 0.40188
-0.34606 0.55812 0.03952
-0.32028 -0.44096 -0.25831
-0.18849 -0.90332 -0.00015
0.27794 -0.48256 0.38725
0.26923 0.07445 -0.04948
-0.24106 0.22764 0.25590
-0.25393 0.39395 0.44791
0.65551 0.53463 -0.02127
-0.27255 0.18768 -0.17871
-0.09776 0.58332 -0.59977
-0.61582 0.58332 -0.02431
0.52726 0.58332 0.22214
-0.36078 -0.89502 -0.01511
-0.33880 -0.32670 -0.01971
0.31842 -0.42618 -0.25156
-0.12781 -0.31135 0.36860
-0.29870 0.30564 -0.37619
-0.43982 0.53463 0.32096
-0.21642 0.42020 -0.50533
0.43939 -0.64398 0.21305
-0.18164 0.24621 0.38408
0.41109 -0.71556 0.11333
0.37468 -0.87960 0.02802
0.38595 -0.35732 -0.17364
-0.03285 -0.63608 0.43867
0.23527 -0.29713 0.29529
-0.17601 -0.08987 0.03163
-0.58631 0.46417 -0.23581
0.40214 0.58332 -0.09061
-0.37366 0.58332 -0.17692
-0.02820 0.45126 0.60683
0.22797 0.24458 0.28221
-0.50259 0.32232 0.00225
0.03061 -0.32583 -0.40186
0.05198 0.12898 0.34496
0.42574 -0.35815 0.01076
0.17963 0.03218 -0.16095
0.49995 0.44686 -0.32863
0.37237 -0.80892 0.22690
-0.01377 0.33059 -0.51157
0.57026 0.53463 -0.19603
-0.33504 0.57089 0.62364
-0.60256 0.39507 -0.03955
-0.52204 0.50636 -0.47673
0.52866 0.47357 0.38741
-0.63629 0.53463 0.14565
-0.32216 -0.24408 0.00687
-0.04865 0.53463 -0.43330
0.16078 -0.45769 -0.44265
0.14055 -0.28124 0.33533
0.12524 -0.66334 0.41975
-0.17763 0.42088 0.63448
-0.14068 0.58332 0.48053
-0.63123 0.46526 -0.06368
0.23431 0.53463 -0.50186
0.09665 0.47032 0.63937
-0.63102 0.51373 0.31683
-0.28792 -0.50228 0.32238
0.19713 -0.31396 -0.26229
0.27894 0.46628 -0.57379
-0.33371 0.38066 -0.36554
0.38924 -0.46251 -0.16042
0.04390 0.58332 0.48647
-0.48982 -0.62572 0.01982
-0.68294 0.43196 0.03675
0.10013 0.56288 -0.69767
0.11171 -0.90332 0.16774
0.23596 0.54848 0.66499
0.40030 0.25891 -0.17307
0.14155 -0.69974 -0.45744
0.04170 0.58332 -0.59806
0.44042 0.53463 0.01303
0.32912 -0.81779 0.16474
0.48525 0.31264 0.05266
0.30191 -0.76848 0.26516
-0.60735 0.53463 0.23058
0.22537 0.53463 -0.34389
0.01054 0.52299 -0.70947
-0.45229 0.58332 0.25071
0.61505 0.58332 -0.33270
-0.42930 -0.40600 -0.13696
0.37555 0.26357 0.03511
-0.40022 -0.63053 -0.28003
0.13017 -0.11724 -0.18658
-0.01114 -0.68883 0.48171
-0.48963 0.35898 0.24353
0.02475 -0.14257 -0.17947
0.15760 0.53463 0.32163
0.00630 0.53463 -0.48319
-0.03374 0.58332 0.66358
-0.16754 -0.49745 0.44976
0.18872 0.17956 0.25934
-0.14986 -0.40660 -0.42451
0.54076 0.44932 0.45313
0.62449 0.58332 0.05108
0.33141 -0.46959 0.26405
-0.36988 0.40401 0.37829
-0.33336 0.53463 0.46404
0.42694 0.34406 0.30672
0.36800 0.45166 -0.48224
-0.16494 -0.90332 0.13030
0.58347 0.40496 0.21592
-0.29807 0.58332 -0.30399
0.17001 0.27564 -0.41718
0.37998 0.33114 -0.22348
-0.23226 -0.28060 -0.27912
0.36592 0.43822 0.45107
0.38396 0.58332 0.02180
-0.39824 0.39727 -0.45894
0.46848 -0.71400 -0.06900
-0.19785 -0.37139 0.38469
-0.31875 0.36884 0.35885
-0.33905 0.21136 0.02624
0.01834 -0.41762 0.40281
-0.47772 0.53463 -0.36973
0.30198 -0.76877 0.33945
0.49619 0.58332 0.10884
-0.57097 0.37633 0.03449
0.07332 0.37840 0.56975
-0.17495 -0.18129 -0.08246
-0.41969 -0.59049 -0.14301
0.39024 0.53463 0.24550
-0.57949 0.51311 -0.31529
0.56102 0.58332 -0.06546
-0.33844 -0.53206 0.27807
-0.05713 0.24408 -0.41892
0.25568 0.05560 0.08090
-0.01753 -0.12455 0.22715
-0.40352 0.50760 0.51728
0.12181 -0.52459 -0.47429
-0.22992 0.13512 0.18865
-0.11183 -0.57675 0.47948
0.06655 0.30434 -0.40592
0.03488 -0.78777 -0.38840
0.03544 -0.90332 -0.05142
0.30616 -0.71813 0.29426
0.07649 0.28270 0.45075
0.18037 -0.87129 0.33959
0.10403 0.20159 -0.38035
0.50566 0.52131 0.49888
0.04795 0.42989 0.67640
-0.39179 -0.46079 0.15032
-0.24106 0.53463 0.46083
0.01163 0.43411 0.57682
0.42211 0.26106 0.12509
0.35105 -0.43956 -0.30433
-0.06550 -0.83481 0.41207
0.23107 0.02633 -0.03623
-0.50765 0.35453 -0.18362
0.07560 -0.14156 -0.16460
0.01504 -0.90332 0.11297
-0.14505 0.37986 -0.56293
0.38429 -0.31672 0.10354
0.25633 0.34025 -0.45758
0.65236 0.52145 -0.26736
0.17674 -0.09290 -0.02990
-0.46614 0.52214 -0.53029
-0.12873 -0.15034 0.19526
-0.04249 0.55340 0.70496
0.16976 -0.52411 -0.40256
-0.15909 0.49571 0.68961
0.05191 0.58332 0.35240
0.24854 0.04259 -0.19157
-0.46574 0.31582 -0.15819
-0.09620 -0.22909 0.28626
0.33304 0.47690 0.62478
0.37855 -0.43782 0.15901
0.45475 0.40321 0.26927
0.48398 0.53463 -0.07021
-0.34457 -0.34063 -0.06861
-0.23968 -0.17463 0.04903
0.49027 0.47881 -0.43984
0.39729 -0.37579 0.17602
-0.45802 0.30416 0.14470
0.43893 0.41060 -0.46156
-0.11275 -0.08540 0.19976
-0.61937 0.58332 -0.21885
0.20407 -0.24953 -0.13717
-0.14221 -0.27335 -0.24366
0.35323 0.26768 0.13996
0.25479 -0.26084 0.05545
-0.05584 -0.90332 0.11637
-0.62036 0.53463 -0.17874
0.32291 -0.37393 -0.29095
-0.34950 -0.67139 0.33802
-0.36783 -0.28963 0.04406
-0.28507 -0.69812 -0.38223
0.25013 0.28565 0.38802
-0.27961 0.30662 0.39190
-0.21145 -0.20866 0.17064
-0.51035 0.33538 -0.06417
0.10121 -0.84505 0.39794
0.57697 0.53463 -0.28891
-0.16479 0.58332 0.38504
0.44448 0.58332 -0.00162
0.05778 -0.60807 0.48659
0.19853 -0.21022 -0.19160
-0.29709 -0.55590 0.38734
0.31488 -0.59449 0.31654
0.33391 0.10326 -0.04515
-0.30678 -0.84201 0.27424
-0.17336 0.11090 0.29482
-0.28426 0.58332 -0.44086
0.43667 -0.55966 -0.05971
-0.39247 0.30978 0.13779
-0.53849 0.58332 0.12436
-0.65130 0.52941 -0.26806
-0.34843 0.38881 -0.47897
0.31298 -0.56575 -0.37693
0.01718 0.42317 -0.66306
-0.35459 -0.77342 -0.18417
-0.34853 -0.66096 0.26180
-0.26092 0.40821 0.57153
0.50700 0.58332 -0.29003
0.64712 0.52207 -0.11611
0.68207 0.45727 -0.19562
-0.17019 0.50522 -0.68835
0.05581 -0.33193 0.40298
-0.59752 0.45240 -0.11532
-0.43694 -0.67074 -0.00239
-0.31404 0.29018 0.34424
0.18216 -0.27016 0.30399
0.08453 -0.90332 0.02034
0.13568 0.09994 0.30664
-0.19620 -0.64024 -0.44630
0.30330 0.14868 0.03250
0.36212 0.43257 -0.58452
-0.21474 0.53463 0.58740
-0.00247 -0.89958 0.29063
-0.07325 0.58332 -0.35332
0.19561 -0.29016 -0.31829
-0.42530 -0.45250 -0.19750
0.55489 0.38000 0.16956
-0.14501 -0.08340 0.10550
-0.43112 -0.61693 0.23678
-0.41128 0.58332 0.09582
-0.38714 0.53463 -0.25714
-0.51608 0.46932 0.38469
-0.37413 -0.38634 -0.09490
-0.30339 -0.87419 0.08413
0.02974 -0.28282 -0.36430
-0.04859 -0.13683 -0.17499
-0.22900 0.58332 0.34723
0.33646 0.53463 0.38437
0.29020 -0.48727 0.31663
-0.26658 0.58332 -0.55084
-0.47972 -0.48259 0.00202
-0.46006 -0.54114 0.16166
0.20610 0.34025 -0.47838
0.37985 0.53463 -0.30399
-0.14665 0.58332 -0.59411
-0.69458 0.56803 0.11944
-0.45948 0.58332 0.36727
-0.17174 0.53463 0.52451
-0.17650 -0.03958 0.06940
0.28942 0.37696 -0.39450
-0.48941 0.40754 -0.20423
0.29593 0.58332 0.63690
0.10788 0.39141 -0.58779
0.22090 -0.54911 -0.38447
0.14696 0.58332 0.52856
-0.28668 0.27848 -0.26407
-0.35923 0.53463 0.30322
0.22821 -0.12993 -0.01752
0.33748 0.58332 -0.58841
0.29721 0.24000 0.20301
0.40996 -0.45204 0.07766
0.13417 0.58332 -0.54142
-0.61765 0.43869 0.33635
-0.20890 0.26298 0.31339
