-0.24544 0.37949 -0.30968
-0.41019 0.56685 -0.30968
-0.22297 -0.43689 -0.30968
0.54898 -0.63443 0.09802
-0.49613 -0.79119 0.03506
0.47014 0.60466 0.30499
-0.22395 -0.12985 0.30499
-0.34565 0.66255 0.30499
0.54898 0.16514 -0.13179
0.35306 0.78511 -0.29103
0.14942 -0.75406 0.25181
-0.54014 -0.05352 -0.12614
0.36143 -0.07130 0.30499
0.32227 -0.33189 -0.30968
-0.54014 0.16233 0.04166
0.23350 -0.75913 -0.19630
-0.54014 -0.44768 0.25700
0.02969 0.83199 0.07339
-0.01352 0.32035 0.30499
0.54898 0.37558 -0.11698
0.20147 0.16548 -0.30968
-0.54014 0.69576 -0.04436
0.54898 -0.17376 0.03690
-0.38966 -0.77569 0.28802
0.21801 -0.67718 0.30499
-0.11248 -0.75283 -0.11779
-0.12468 0.82573 -0.24672
0.06174 -0.02347 -0.30968
-0.54014 -0.44484 -0.08994
-0.12754 -0.37984 0.30499
0.54898 -0.65658 -0.23017
0.11488 0.65503 0.30499
0.54898 0.22831 0.29118
0.09034 0.16517 0.30499
-0.40130 0.22044 0.30499
-0.27076 -0.00883 -0.30968
0.28833 0.53496 -0.30968
-0.49342 -0.74615 -0.30755
-0.54014 -0.09743 0.09459
0.38980 0.77450 0.01011
0.45513 -0.37471 0.30499
0.53378 -0.79587 0.28579
-0.40884 -0.21378 -0.30755
0.54898 -0.17636 -0.18089
0.02147 -0.56508 -0.30968
-0.54014 0.51253 0.22014
-0.51453 0.24122 -0.30968
0.54898 0.59429 -0.17843
-0.10496 0.46643 0.30499
-0.06300 0.19946 0.30499
0.16173 -0.26618 0.30499
0.10182 0.48321 -0.30968
-0.17552 0.80146 0.30499
-0.48182 -0.78886 0.22525
-0.29078 0.79874 0.05968
0.19167 0.55391 0.30499
0.43317 0.30919 -0.30968
-0.44884 -0.36175 0.30499
0.17731 0.82103 -0.14219
-0.06744 -0.61888 0.30499
0.06480 -0.49562 -0.30968
0.54898 0.54351 0.29324
0.32935 -0.56969 -0.30968
0.30679 -0.76537 0.04351
0.54898 -0.16937 0.18376
0.29129 -0.24638 -0.30968
-0.54014 0.46602 0.27219
-0.54014 0.40752 -0.07467
0.35133 0.34103 0.30499
0.40679 -0.06695 -0.30968
0.48159 -0.64129 0.30499
-0.00784 -0.22838 -0.30968
-0.13520 -0.75382 -0.25617
-0.54014 -0.61692 0.16390
-0.10879 -0.75266 0.15962
-0.47488 -0.45847 -0.30968
-0.25059 0.76200 -0.30755
0.54898 0.69327 0.07653
-0.40225 -0.56543 0.30499
0.54898 0.08298 0.13155
0.52094 -0.39724 -0.30968
0.26386 0.80642 0.25875
-0.08449 0.17454 -0.30968
-0.36961 -0.77303 -0.15100
0.54898 -0.43204 -0.03590
-0.54014 0.06417 0.24626
-0.43234 0.75741 0.22037
0.11983 0.74735 -0.30755
0.04321 -0.02966 0.30499
-0.52308 0.72161 -0.23179
-0.31564 -0.31527 -0.30968
-0.37968 0.24064 -0.30968
-0.54014 -0.25441 -0.26512
0.54898 -0.52272 -0.07641
0.15604 -0.75435 -0.09626
-0.09685 0.63770 -0.30968
-0.04873 -0.57068 -0.32813
0.29733 -0.76439 0.13585
0.42013 -0.77856 -0.26089
-0.40711 -0.09219 0.30499
-0.48700 0.00457 -0.30968
-0.33207 0.42586 0.30499
0.03738 0.75581 0.30499
-0.32431 -0.76808 0.06063
0.40165 0.09160 -0.30968
-0.54014 0.03350 -0.01233
-0.36410 -0.29108 0.30499
-0.54014 -0.35648 0.05932
-0.54014 -0.69291 -0.13935
0.51408 0.72899 0.19293
0.54898 0.06363 -0.01515
0.54898 0.47403 0.06819
0.47382 -0.25998 0.30499
0.09997 -0.49262 0.30499
0.43561 0.39484 0.30499
-0.11311 0.82698 -0.11462
0.34203 -0.60466 0.30499
0.54898 -0.41716 0.15506
0.51997 -0.79362 -0.04854
-0.54014 0.37604 0.02328
-0.14110 -0.14552 -0.30755
0.50948 0.46602 -0.30968
-0.32443 -0.63558 -0.30968
-0.54014 0.26291 0.24677
-0.50254 0.39653 -0.30968
-0.25673 -0.43108 0.30499
0.26748 0.06452 0.30499
-0.23680 0.08155 0.30499
0.54898 0.26516 0.05316
-0.05571 -0.17273 0.30499
-0.14311 0.37974 0.30499
-0.54014 0.12473 -0.19212
-0.54014 -0.62259 -0.00544
0.30153 0.33208 -0.30968
0.05386 -0.75108 -0.26397
0.05761 0.27124 -0.30968
0.54898 0.01647 -0.26768
-0.26291 0.64727 0.30499
-0.33950 0.78632 -0.15382
-0.54014 0.61350 0.09492
-0.54014 0.30757 -0.12313
-0.35856 -0.77160 -0.02779
0.45280 0.65752 -0.30968
-0.06902 0.40280 -0.30968
0.54898 0.02104 0.28965
-0.54014 -0.56369 -0.24018
0.27323 0.80473 0.14625
-0.12938 0.82523 -0.02616
0.27037 0.61365 0.30499
-0.18392 -0.69773 0.30499
0.52305 0.72527 -0.29048
0.00416 -0.75036 0.02616
0.48019 -0.52698 -0.30968
0.07339 0.05168 -0.30968
-0.45987 -0.03745 -0.30968
-0.30034 0.79630 -0.11193
0.49727 -0.19783 -0.30755
0.17277 -0.66895 -0.30755
0.21523 -0.06290 -0.30968
-0.41906 0.37088 -0.30968
0.06000 0.43701 0.30499
-0.08110 0.64929 0.30499
0.41689 0.15963 0.30499
-0.54014 -0.19074 -0.07850
-0.54014 0.56535 -0.23279
-0.54014 -0.22512 0.26412
0.27619 -0.47283 0.30499
0.54898 0.70292 -0.03752
0.54898 -0.11566 -0.04697
-0.54014 -0.75068 0.25567
0.22673 0.27574 0.30499
-0.13368 -0.02756 0.30499
-0.51889 0.72334 -0.10732
-0.26542 0.17986 -0.30968
-0.16924 -0.23295 -0.30968
0.05779 -0.32526 0.30499
-0.14935 0.82308 0.13995
0.54898 -0.33066 -0.12433
0.54898 0.27273 -0.26112
0.00166 0.59879 -0.30968
-0.37535 -0.77380 0.12893
0.27652 0.70941 -0.30755
0.45485 -0.78316 0.12320
-0.23827 0.58351 -0.30968
-0.06772 -0.36368 -0.30755
-0.22807 -0.75938 -0.29337
0.14458 -0.33616 -0.30968
0.48150 0.74246 -0.11323
0.23172 0.81222 0.01042
-0.54014 -0.15957 -0.26305
-0.54014 0.67490 0.28460
0.54898 -0.69023 -0.15888
-0.54014 -0.78472 0.10985
-0.25674 0.24836 0.30499
0.18729 -0.09111 0.30499
0.31820 -0.22436 0.30499
0.38877 -0.77440 -0.14557
0.35557 0.78447 0.17318
-0.01322 -0.75062 -0.10953
-0.27701 -0.15660 -0.30755
-0.40963 0.73282 -0.30755
-0.54014 -0.07139 0.27692
0.54898 0.51629 -0.20327
-0.14863 -0.73962 0.30499
-0.54014 -0.28887 -0.07612
0.54898 0.35397 0.19316
0.54898 -0.68704 0.21580
-0.54014 -0.41039 -0.20463
-0.10980 0.02426 -0.30968
-0.52556 0.62290 0.30499
0.54898 -0.25214 0.14543
0.39835 -0.75915 0.30499
-0.43273 0.07403 0.30499
-0.04838 0.28233 0.30499
-0.47368 -0.68515 -0.30755
0.32868 0.79133 -0.13103
-0.54014 0.20177 0.30099
0.54898 0.55580 -0.04703
-0.15468 -0.75468 0.02070
-0.43542 0.75639 0.03377
0.01459 0.83253 -0.25529
0.10778 0.82850 0.21963
0.16859 0.59683 -0.30968
0.26411 0.45017 0.30499
0.03455 -0.75080 0.17966
-0.54014 0.05771 0.10570
-0.15354 0.27523 -0.30968
0.41247 0.76175 0.30499
0.37408 0.09376 0.30499
-0.22072 -0.75884 -0.14865
-0.44784 -0.78341 -0.18454
-0.54014 0.07056 -0.08369
0.17514 -0.42313 0.30499
0.46852 -0.64540 -0.30968
-0.27478 0.80282 0.18780
0.03551 0.83178 -0.08570
0.54898 0.20195 0.03552
-0.54014 0.71384 0.23084
-0.54014 -0.54294 0.12332
0.19602 -0.41728 -0.30968
-0.54014 0.54741 -0.14214
-0.27284 -0.29836 0.30499
0.54898 -0.53979 0.24405
0.02839 -0.15849 -0.30755
0.54898 0.01980 -0.14936
0.54898 -0.09324 0.13820
-0.54014 -0.67696 -0.21049
-0.20091 -0.23486 0.30499
-0.40648 -0.42411 0.30499
-0.31118 -0.65881 0.30499
-0.42524 -0.34074 -0.30968
-0.54014 -0.53094 0.28269
0.54898 -0.78841 0.09898
-0.54014 0.02364 0.05965
-0.30734 -0.00863 0.30499
-0.05011 0.50805 0.30499
0.00042 0.26147 0.30499
0.53829 0.14989 -0.30755
-0.16760 -0.53969 0.30499
0.54898 0.61552 0.22472
-0.04747 0.83104 0.23942
-0.46358 0.48486 0.30499
0.29896 -0.76456 0.29517
0.05331 -0.67200 0.30499
0.49855 -0.79014 -0.15179
-0.03508 -0.46759 0.30499
0.19060 -0.53759 -0.30968
-0.35368 -0.44122 -0.30968
0.35436 -0.11361 -0.30755
0.29994 0.42048 -0.30968
0.40372 -0.28127 -0.30968
0.54898 -0.53306 -0.25104
0.14903 0.34816 -0.30968
-0.54014 -0.29940 0.17108
-0.03230 0.73862 -0.30755
0.21290 -0.75762 -0.30464
-0.35824 0.78154 -0.23838
-0.21056 0.52883 0.30499
0.13789 -0.75355 -0.19217
0.46385 0.53188 0.30499
-0.05291 -0.67961 -0.30755
0.38178 -0.42032 -0.30968
-0.17746 0.82007 -0.18212
0.32488 -0.71985 -0.30755
0.54898 0.23144 -0.09971
0.16338 -0.75467 0.02943
0.49956 -0.10396 0.30499
0.29205 0.18313 -0.30968
-0.42763 -0.55729 -0.30968
0.17055 -0.19139 -0.30755
-0.24805 -0.76085 0.18548
-0.54014 -0.65701 -0.05173
0.07127 0.20550 -0.30968
-0.40904 0.10525 -0.30968
0.04397 -0.18878 0.30499
-0.09530 0.40326 0.30499
0.54898 -0.48259 0.09679
-0.54014 0.25518 0.11763
0.54898 -0.75986 -0.28601
0.54180 0.13344 0.30499
-0.19858 -0.59611 -0.30968
0.22439 0.81354 -0.27276
-0.54014 -0.21847 0.08734
0.52953 0.39158 0.30499
-0.50901 -0.34087 0.30499
-0.49455 -0.65611 0.30499
0.13914 -0.75361 0.09088
-0.41252 0.76400 0.28589
0.24013 -0.53259 0.30499
-0.40311 0.76713 0.09417
-0.28294 0.79866 0.30499
0.54898 -0.69024 -0.02695
-0.54014 0.38874 0.15262
-0.54014 -0.00060 -0.23817
0.54898 -0.30694 -0.17992
0.01119 0.83265 0.23434
0.31034 0.03402 -0.30968
0.54898 -0.30223 0.04328
0.54898 0.69018 -0.19913
0.14797 0.82418 0.11007
-0.46450 0.37580 0.30499
-0.49790 0.28126 0.30499
0.19711 0.74315 0.30499
0.54631 0.59724 -0.30755
-0.47093 0.01982 0.30499
0.19668 0.00450 -0.30968
0.54898 -0.32158 0.25334
0.54898 0.23687 0.17115
-0.28092 -0.23780 -0.30968
-0.51289 0.13294 -0.30968
-0.54014 0.41876 -0.21282
0.54898 0.18315 0.20669
-0.54014 -0.08787 -0.02510
0.14741 0.03617 0.30499
-0.34547 -0.73318 -0.30755
0.21973 0.42165 -0.30968
-0.54014 0.65000 -0.25168
0.06707 0.83066 0.01392
-0.54014 -0.46673 0.02757
-0.54014 -0.13162 -0.21870
-0.47669 -0.22562 0.30499
0.54898 -0.24177 -0.07600
0.54898 0.02684 0.18017
0.54898 0.40236 -0.00850
-0.25337 -0.76124 0.25447
-0.54014 0.55932 -0.01371
0.31575 -0.34720 0.30499
0.23655 0.74607 -0.30755
0.54898 0.58649 0.11047
-0.46291 -0.69225 0.30499
0.42337 -0.50416 0.30499
-0.48678 0.33152 0.30499
0.54898 -0.30289 -0.30554
-0.54014 0.49596 0.03889
0.42512 0.76275 -0.19892
0.06402 0.83076 -0.16820
-0.54014 0.33608 0.10201
0.54898 -0.41993 0.27155
0.21076 -0.75746 -0.07223
-0.07188 0.83017 -0.00080
0.54898 0.48691 0.18501
-0.09943 0.51468 -0.30968
-0.00103 0.08779 0.30499
0.40815 0.55971 -0.30968
-0.06583 -0.12524 0.30499
0.54898 -0.43962 -0.16637
0.20364 0.14993 0.30499
0.39044 0.44691 -0.30968
0.14977 0.35393 0.30499
-0.35999 -0.14049 -0.30755
-0.20585 -0.75775 0.08007
-0.33734 0.31998 0.30499
0.21398 -0.16022 0.30499
-0.34324 0.33645 -0.30968
-0.46817 -0.78664 -0.07885
0.54898 -0.08570 -0.26477
-0.02755 -0.73010 0.30499
0.01030 0.12211 -0.30968
-0.51278 0.72587 0.11459
0.54898 -0.54411 0.04818
-0.47378 0.46370 -0.30968
0.38204 -0.77351 -0.04713
-0.24961 0.48720 -0.30968
0.51861 0.71428 0.30499
-0.54014 -0.41100 0.14904
-0.17583 0.70947 -0.30755
-0.53296 0.29060 -0.30755
-0.32102 0.14194 0.30499
-0.06549 0.32427 -0.30968
-0.54014 -0.75351 -0.01920
0.54898 -0.02378 0.07800
0.10414 -0.41876 -0.31080
-0.54014 0.18841 -0.09485
0.24283 0.05368 -0.30968
0.46670 0.03840 -0.30968
0.39627 0.21430 -0.30968
0.42651 0.02839 0.30499
-0.54014 -0.35917 -0.27661
0.41068 0.38765 -0.30968
-0.54014 -0.57459 -0.13480
-0.04428 0.82584 0.30499
-0.02888 -0.43624 -0.32887
-0.07216 -0.29180 0.30499
-0.10607 0.09291 0.30499
-0.54014 0.17336 0.19425
-0.10535 -0.19209 -0.30755
-0.16515 -0.02678 -0.30968
-0.54014 -0.68962 0.23756
0.45589 0.26586 0.30499
-0.32462 0.54928 0.30499
0.36033 0.51322 0.30499
-0.31197 0.65542 -0.30968
-0.54014 0.26091 -0.20052
0.30395 -0.49501 -0.30968
-0.42575 0.75961 -0.06385
0.22648 -0.75862 0.14850
0.21146 0.39613 0.30499
-0.07575 0.83003 -0.06592
0.43139 0.76067 0.11107
-0.53188 -0.79700 0.16961
-0.51282 0.54388 -0.30968
-0.43016 0.75814 -0.21445
-0.54014 -0.35729 -0.12324
-0.38552 0.01885 -0.30968
-0.32539 -0.72468 0.30499
-0.14734 0.27247 0.30499
0.54898 0.41911 -0.22115
-0.49687 0.68602 -0.30968
0.13640 0.82542 0.29652
0.13299 0.82579 -0.26112
-0.33593 0.49731 -0.30968
-0.14096 -0.66806 0.30499
0.45073 0.75424 -0.00378
-0.49083 0.11415 0.30499
0.54480 -0.15075 0.30499
0.54898 -0.04132 0.01868
-0.04142 -0.75103 -0.21199
-0.16356 -0.15340 0.30499
-0.30424 0.79531 -0.03293
-0.24417 0.36920 0.30499
0.40527 -0.16061 0.30499
0.37643 -0.36080 0.30499
-0.12847 -0.51288 -0.30755
-0.54014 0.37894 0.25533
-0.07523 -0.29954 -0.32628
0.08731 -0.65877 -0.30755
0.37082 0.60260 -0.30968
0.32651 0.79188 -0.02155
-0.52003 -0.79507 -0.23896
0.21432 0.26927 -0.30968
0.41082 0.76751 -0.09681
0.26884 0.80553 -0.21145
-0.15578 0.43243 -0.30968
-0.54014 -0.05568 -0.28132
-0.29687 -0.16484 0.30499
-0.37557 -0.77382 -0.26949
-0.30073 -0.53457 0.30499
0.31606 0.79455 0.07663
-0.54014 -0.13848 0.20560
-0.48270 -0.21922 -0.30884
-0.30087 -0.51791 -0.30755
-0.20339 0.07398 -0.30968
-0.54014 0.47283 -0.21480
0.37346 -0.77237 0.20071
-0.19117 -0.35665 0.30499
0.36075 0.66715 0.30499
-0.06083 0.83056 0.12185
-0.08233 0.82980 -0.20822
0.33545 0.22917 0.30499
-0.11767 -0.75305 0.23641
-0.17663 -0.69348 -0.30755
-0.13567 0.70143 0.30499
-0.42148 0.58111 0.30499
-0.50774 -0.79307 -0.10532
0.13517 0.82556 -0.02690
-0.19780 -0.75716 -0.04641
0.54898 0.34279 -0.01120
-0.20509 0.81543 -0.07690
-0.16429 0.17443 0.30499
0.25134 0.51071 0.30499
0.49704 0.38959 -0.30968
0.05050 -0.31552 -0.30968
-0.54014 0.28432 0.01308
0.12855 0.49239 0.30499
-0.04413 -0.01790 -0.30968
0.54898 -0.60632 -0.07523
-0.54014 0.63511 -0.10081
0.54898 0.65256 0.03272
-0.30201 0.08834 -0.30968
0.54898 -0.21622 -0.24595
0.03736 0.58698 0.30499
0.45488 -0.74453 -0.30755
-0.14615 0.37992 -0.30968
0.50421 -0.09490 -0.30755
0.54898 -0.04883 0.22634
0.39167 -0.77479 0.05594
-0.25843 0.27946 -0.30968
-0.07554 -0.75153 -0.03126
-0.54014 -0.50821 -0.01941
-0.54014 -0.21433 -0.15903
-0.47975 -0.78852 0.28784
0.02619 0.36740 -0.30968
-0.44737 0.67287 0.30499
-0.54014 -0.49198 -0.19289
0.54898 0.11060 0.22341
-0.44060 0.27255 -0.30968
0.54898 -0.65011 -0.30228
-0.45017 -0.12525 -0.30755
-0.08063 -0.45043 -0.32095
0.30329 0.15213 0.30499
-0.34694 -0.36357 0.30499
-0.54014 0.54891 0.15105
-0.54014 0.01244 0.18679
0.54898 0.37592 0.07917
-0.20633 -0.32460 -0.30968
0.54898 -0.59862 -0.16142
0.07153 -0.75134 0.01612
0.54753 -0.79810 0.04437
0.10710 0.26940 0.30499
0.28448 -0.08967 0.30499
0.01302 0.68630 0.30499
-0.54014 -0.71501 0.15716
-0.01183 0.46752 -0.30968
0.29414 0.73609 0.30499
0.39927 -0.19565 -0.30755
-0.54014 0.64558 0.03237
0.28069 -0.14761 -0.30755
0.54898 -0.62937 0.23510
0.47429 -0.54575 0.30499
0.54898 0.46633 -0.07708
0.03442 -0.70346 -0.30755
-0.00457 -0.55763 0.30499
0.09203 -0.23678 -0.30968
0.48013 -0.78715 0.20537
0.54898 0.10422 -0.23150
-0.05963 -0.75130 0.07615
0.22475 0.50104 -0.30968
0.08892 0.63205 -0.30968
0.23125 -0.32491 -0.30968
-0.07156 -0.70981 0.30499
-0.53363 -0.60550 -0.30755
0.13521 -0.57491 0.30499
0.11384 -0.09011 -0.30968
-0.54014 -0.37233 -0.02620
0.54898 -0.76299 0.19106
-0.25245 -0.06965 -0.30968
-0.54014 0.63763 0.18118
0.21962 -0.75811 0.24550
-0.54014 -0.68344 0.05880
-0.02268 -0.36672 0.30499
-0.25157 0.45809 0.30499
-0.20103 0.81616 0.03877
0.54898 0.14139 -0.04552
-0.44007 -0.78238 0.02062
-0.10349 0.73955 -0.30755
0.54898 -0.07271 -0.13643
-0.34830 -0.07985 0.30499
-0.31913 -0.20982 0.30499
0.54898 -0.79560 -0.10599
-0.48741 -0.46501 0.30499
0.43919 0.75807 0.23543
0.54898 -0.39531 0.03389
0.05708 -0.75113 0.26535
0.19247 -0.33891 0.30499
-0.54014 -0.60174 0.26209
0.05053 -0.75104 -0.12084
0.18270 0.82045 0.14769
0.30704 -0.00685 0.30499
0.37473 0.70977 -0.30755
0.37796 -0.65858 -0.30755
-0.54014 -0.27783 0.08930
-0.28828 -0.76437 -0.08568
-0.54014 0.44982 0.09838
0.54589 -0.79784 -0.21634
-0.08910 -0.52605 0.30499
-0.05141 0.82342 -0.30755
0.44380 0.68275 0.30499
-0.54014 0.06202 -0.25918
0.54898 0.36315 -0.25024
-0.24364 0.80848 -0.01965
0.07122 0.32331 0.30499
0.38761 0.56717 0.30499
0.54898 0.19381 0.09621
-0.20724 0.81504 -0.28248
0.11162 -0.12512 0.30499
-0.00618 -0.24353 0.30499
-0.03725 -0.09526 -0.30755
0.41860 -0.56500 -0.30968
0.12158 -0.57981 -0.32887
-0.22957 -0.61801 0.30499
-0.54014 0.63047 -0.16663
-0.30092 -0.76567 -0.21100
0.24933 0.62584 -0.30968
-0.54014 0.13576 0.13365
-0.54014 -0.50047 0.19269
-0.54014 -0.29068 -0.18290
-0.39212 -0.63322 -0.30968
0.11014 0.13393 -0.30968
-0.23989 -0.52598 -0.30968
0.54898 0.31014 0.28459
-0.20906 0.12352 0.30499
0.12006 -0.65933 0.30499
0.49504 0.15237 0.30499
-0.54014 -0.08359 0.18327
-0.22193 -0.02536 0.30499
0.30648 -0.76533 -0.14041
0.13432 -0.75340 -0.28108
0.52103 0.23869 -0.30836
-0.54014 0.48384 0.12774
-0.02448 -0.49794 -0.30871
0.54898 0.31896 -0.17614
-0.01599 0.05839 -0.30968
-0.18189 -0.45461 0.30499
0.28897 -0.76353 -0.26171
0.45560 -0.78326 0.03715
0.54898 -0.32362 -0.04121
-0.48614 0.19694 0.30499
0.54898 -0.33370 0.12325
0.54898 0.43975 -0.15986
-0.47684 -0.09766 0.30499
-0.13371 0.12686 -0.30968
0.34069 0.76255 0.30499
-0.54014 -0.16008 0.02228
0.54898 0.46044 0.25608
-0.54014 0.48583 -0.05155
0.54898 -0.24119 0.06846
-0.00569 0.40793 0.30499
-0.01947 -0.04779 0.30499
-0.00434 0.15463 0.30499
0.54898 0.27002 -0.03972
-0.33790 -0.06553 -0.30968
0.49796 0.73565 0.03269
0.54898 -0.17825 0.12901
0.10611 0.41009 -0.33260
-0.54014 0.43711 0.22369
-0.15294 0.57406 -0.30968
0.33945 0.26107 -0.30968
0.54898 -0.61926 0.00640
-0.16365 0.63542 0.30499
-0.54014 -0.01313 -0.07875
0.54082 -0.58552 0.30499
-0.54014 -0.63108 0.11122
0.54898 -0.59310 0.16203
-0.45922 0.18093 -0.30968
-0.45416 -0.78437 0.10461
0.54898 -0.01869 -0.06960
-0.15417 0.82257 0.24994
-0.11932 -0.22227 0.30499
-0.49137 0.73472 0.27988
0.06776 0.55126 -0.30968
0.23111 0.81233 -0.10843
-0.22208 -0.15971 -0.30755
-0.52887 -0.14958 0.30499
0.54898 -0.56847 -0.28622
0.03569 0.78993 -0.30755
0.54898 -0.22648 -0.02832
-0.54014 -0.37207 0.22322
-0.54014 0.06110 -0.16664
-0.54014 -0.00914 0.29007
0.25592 -0.28060 0.30499
-0.35487 0.78240 0.19085
0.32968 -0.53378 0.30499
-0.20543 -0.75772 -0.22946
0.54898 -0.24682 0.21635
0.26184 -0.66650 -0.30755
-0.39841 -0.77685 -0.10087
0.22854 -0.75877 -0.01398
-0.39059 0.53942 0.30499
-0.00124 -0.66362 0.30499
0.42290 0.29486 0.30499
0.54898 0.50696 0.11646
0.54898 0.54488 0.03288
-0.42061 -0.16913 0.30499
-0.19070 0.23677 -0.30968
-0.00709 0.83248 0.00285
0.48347 -0.27990 -0.30968
-0.14087 -0.37295 -0.30968
0.23973 0.67141 0.30499
0.42997 -0.36205 -0.30755
-0.23732 0.72512 0.30499
-0.24559 0.80812 -0.17182
-0.50231 0.73020 0.20020
0.02492 0.49153 0.30499
-0.38658 0.36486 0.30499
-0.32398 0.23306 0.30499
0.54898 0.41946 0.14698
0.54898 0.12149 0.04142
0.53031 0.62404 0.30499
0.04820 0.74099 -0.30755
-0.54014 0.13253 -0.03577
-0.49443 0.73346 -0.27235
0.13659 -0.50328 -0.30755
0.34841 0.43328 0.30499
0.18411 0.82030 0.23261
0.40684 -0.29003 0.30499
-0.54014 -0.03143 0.20952
-0.54014 -0.76748 -0.16852
-0.39412 0.14029 0.30499
0.54898 0.31227 0.12399
0.49451 0.73708 0.10677
0.54898 -0.71643 0.08636
0.11787 0.75280 0.30499
0.43740 -0.05138 0.30499
-0.26229 -0.65155 -0.30755
0.06773 0.83063 0.28225
-0.48377 0.60230 -0.30968
0.29612 -0.76427 0.23361
-0.38749 -0.01096 0.30499
-0.54014 0.45450 -0.13962
-0.28621 -0.76416 -0.30455
-0.24825 0.80764 0.11282
0.00323 0.66706 -0.30968
-0.53937 0.54446 0.30499
0.40544 -0.67970 0.30499
-0.31839 -0.76747 0.22086
-0.01214 0.60959 0.30499
0.47977 0.53120 -0.30968
0.17987 0.46020 -0.30968
0.54898 0.21987 -0.24188
-0.12897 0.54220 0.30499
-0.05352 0.02993 0.30499
0.54898 0.52104 -0.13459
-0.49504 -0.53027 -0.30968
0.54898 0.67219 -0.27946
0.13053 -0.75323 0.16889
0.37752 -0.44608 0.30499
-0.34222 0.74521 0.30499
-0.33798 0.42553 -0.30968
0.51891 0.08650 -0.30968
0.05355 -0.41876 -0.31733
0.28656 0.32636 0.30499
0.03380 -0.59835 0.30499
-0.29521 0.79761 -0.25026
-0.34124 0.17316 -0.30968
-0.11838 -0.60167 -0.31568
0.24319 -0.03881 0.30499
0.54898 0.67913 0.18107
0.08106 -0.42149 0.30499
0.25034 0.80886 0.07254
-0.40996 -0.51160 0.30499
-0.25604 -0.68093 0.30499
-0.04617 -0.75110 0.22631
0.03542 0.83178 0.14312
0.54898 -0.55003 -0.17206
-0.54014 -0.43658 -0.14325
0.54898 -0.73090 -0.20799
-0.12700 0.32395 0.30499
-0.54014 -0.03156 0.11310
-0.54014 -0.26660 -0.01070
-0.54014 0.18584 -0.16719
-0.23456 -0.75644 0.30499
0.54898 0.09574 -0.13374
-0.12182 -0.07366 -0.30968
0.45365 -0.78301 -0.09068
-0.47419 -0.53935 0.30499
0.54898 -0.45654 -0.27662
0.54898 0.68826 -0.08456
0.43583 -0.78064 -0.18855
0.27325 0.80473 -0.29194
-0.06536 -0.75138 -0.10697
-0.25173 -0.76112 0.02158
-0.06352 0.83047 -0.16211
-0.54014 0.12406 0.27665
-0.54014 -0.45781 -0.28388
-0.44410 -0.78291 -0.25928
0.17614 -0.23988 -0.30968
0.51565 -0.31969 0.30499
-0.24726 -0.20814 0.30499
-0.40108 0.76781 -0.12758
0.05446 0.08590 0.30499
-0.51488 -0.28733 0.30499
0.54898 -0.49595 0.30312
0.00605 -0.75038 0.09457
-0.25859 -0.35058 0.30499
0.12401 -0.75294 -0.03441
0.48411 -0.17978 0.30499
-0.54014 -0.56852 0.19367
0.27227 0.18894 0.30499
-0.40115 0.65814 -0.30968
-0.34803 -0.47585 0.30499
-0.54014 -0.21315 -0.00653
-0.33223 0.56710 -0.30968
-0.52839 0.46721 -0.30755
-0.37225 0.77739 0.00838
-0.54014 -0.55093 0.04261
0.54898 -0.48172 0.19097
0.34899 0.39324 -0.30968
0.33271 -0.70298 0.30499
0.54898 0.53801 -0.27306
0.31971 -0.76670 -0.02898
-0.38101 -0.63899 0.30499
-0.34074 0.78600 0.26558
0.04942 -0.09302 0.30499
-0.33831 0.73243 -0.30755
0.54898 0.66776 0.25564
0.42833 -0.12795 -0.30755
-0.54014 -0.43563 -0.01140
0.06296 -0.09796 -0.30755
-0.34185 -0.58339 -0.30968
0.24739 0.12814 0.30499
-0.42231 -0.48976 -0.30968
-0.05331 0.25119 -0.30968
0.54898 -0.11156 0.23061
0.52385 -0.03532 -0.30755
-0.09695 -0.44973 0.30499
0.45966 0.46589 0.30499
0.33830 -0.04020 -0.30968
0.54898 -0.02961 -0.20445
-0.54014 0.22713 -0.03029
0.40513 -0.48007 -0.30968
-0.01213 0.83230 -0.14144
0.49410 0.73725 -0.19867
0.20897 0.81609 0.30499
-0.27537 -0.06824 0.30499
0.24307 -0.75983 0.07533
-0.17710 0.64829 -0.30968
0.54898 0.55015 0.21488
0.54249 -0.64893 0.30499
0.06351 -0.59669 -0.32887
-0.54014 0.58357 0.22775
-0.52858 -0.30282 -0.30755
0.14546 0.06331 -0.30968
0.54898 -0.74378 0.00587
-0.40792 0.46116 0.30499
0.09191 0.82224 -0.30755
0.22692 -0.47730 -0.30968
0.54898 -0.40885 -0.10157
0.03373 -0.75079 -0.04401
-0.32188 0.79081 0.11595
0.18448 -0.48338 0.30499
-0.14311 -0.29581 0.30499
0.15996 0.22282 -0.30968
-0.54014 -0.20578 0.18173
0.54898 0.40460 -0.29594
-0.54014 -0.52701 -0.08174
0.54898 -0.04910 0.30258
0.16191 0.08994 0.30499
-0.54014 0.33081 -0.25441
-0.23841 -0.51821 0.30499
0.23171 -0.75900 -0.13189
-0.14596 0.19719 -0.30968
0.18853 -0.12177 -0.30755
-0.45949 0.74791 -0.02629
-0.54014 -0.35264 0.11846
-0.52325 -0.69676 0.30499
0.40943 0.47050 0.30499
0.26265 0.80664 -0.04873
0.47375 0.59282 -0.30968
0.47608 -0.43655 0.30499
0.54898 -0.71251 -0.09497
-0.54014 -0.75679 0.04626
0.52899 -0.72986 0.30499
-0.32563 -0.58948 0.30499
-0.45538 0.74961 -0.15014
-0.25942 0.17733 0.30499
-0.54014 -0.68565 -0.00807
0.05927 -0.75116 0.08566
0.37889 -0.77309 0.13431
-0.54014 -0.72866 -0.27622
0.34096 -0.15640 0.30499
0.38682 0.02503 -0.30968
-0.29675 0.08921 0.30499
0.28016 -0.05895 -0.30968
-0.54014 0.08524 0.16991
0.54898 0.65310 0.13441
0.18680 0.48376 0.30499
-0.54014 0.37939 -0.12696
-0.54014 -0.05475 0.02272
0.46038 0.11502 -0.30968
0.25702 -0.41529 0.30499
-0.08247 0.34764 0.30499
-0.08004 0.74397 0.30499
0.08656 0.35348 -0.32297
0.37423 0.77967 0.23957
0.18812 -0.60875 0.30499
0.02388 0.82570 0.30499
-0.44807 -0.78344 0.16453
0.18441 0.82027 -0.21053
0.54898 -0.38412 -0.25349
-0.54014 0.32599 0.21483
-0.54014 0.35653 -0.19372
-0.12776 0.80379 -0.30755
-0.16274 0.07163 0.30499
0.54898 -0.14286 -0.10383
0.27428 -0.63678 0.30499
-0.02769 -0.75083 0.13605
0.13494 -0.05650 0.30499
0.01082 0.21524 -0.30968
-0.09921 0.82847 0.18715
0.45576 0.24354 -0.30968
-0.48065 -0.59920 -0.30968
0.54898 0.28974 0.20250
-0.08155 0.11080 -0.30968
-0.54014 -0.13232 -0.08731
-0.36521 0.06733 0.30499
-0.48398 0.07290 -0.30968
-0.22301 0.32616 0.30499
0.54898 0.48518 -0.01419
-0.54014 0.14120 -0.12715
-0.32014 -0.76765 0.27838
-0.34109 -0.22085 -0.30968
0.54898 -0.34558 0.18881
0.54898 0.14713 0.14380
0.51391 -0.59654 -0.30968
0.54898 -0.53016 0.13682
0.26076 0.79164 0.30499
0.16500 -0.19769 0.30499
0.15723 0.82319 -0.30230
-0.54014 0.28701 -0.05851
0.54898 -0.16494 -0.29988
0.26592 0.11676 -0.30968
-0.08542 0.58415 -0.30968
-0.22338 0.78811 0.30499
-0.49947 0.42468 0.30499
0.34082 -0.76887 -0.19723
0.54898 0.17048 -0.21926
0.54898 -0.28027 -0.11792
0.19190 0.69585 -0.30968
-0.47692 -0.38375 -0.30968
-0.13997 -0.75403 0.09285
0.54898 -0.10847 0.01665
0.08485 0.51770 0.30499
0.32085 -0.40564 0.30499
-0.05759 0.13203 0.30499
-0.40640 0.28696 0.30499
0.02645 -0.49823 0.30499
-0.53082 0.06188 0.30499
0.00158 0.28810 -0.30968
0.44342 0.09319 0.30499
0.49814 0.24629 0.30499
-0.54014 -0.15811 0.12164
0.09037 -0.73439 0.30499
0.28004 -0.16427 0.30499
-0.54014 -0.59342 -0.07885
-0.38013 -0.68809 0.30499
0.14789 0.26979 -0.30968
0.53538 0.33595 -0.30755
-0.14493 -0.43311 -0.30968
-0.20181 0.16080 -0.30968
-0.54014 -0.42887 0.08039
-0.10205 -0.06970 0.30499
0.54267 0.71716 -0.13890
-0.20868 0.68533 0.30499
0.37638 0.77896 0.11081
-0.54014 -0.12090 -0.15546
0.48153 0.34638 0.30499
-0.46646 0.51296 -0.30968
-0.54014 0.61607 -0.03276
0.54898 0.29361 -0.11566
-0.49572 0.73293 0.04209
0.54898 -0.66118 0.03796
-0.54014 0.69398 -0.28293
-0.54014 -0.19930 -0.22952
-0.09791 0.82861 0.28860
0.54898 0.45491 -0.25705
-0.01413 -0.29954 -0.30991
0.54743 -0.23969 -0.30755
0.34068 -0.30591 0.30499
0.09471 0.82967 0.09515
0.16553 0.53158 -0.30968
-0.54014 0.25318 -0.26654
0.54898 0.01866 0.12045
0.09728 -0.25592 0.30499
-0.00342 -0.11119 0.30499
-0.54014 -0.74602 -0.09642
-0.54014 0.01320 -0.30168
-0.03136 0.54433 -0.30968
-0.10611 -0.75254 -0.21408
-0.08746 -0.75173 -0.29382
0.54898 0.03964 0.23373
-0.54014 -0.50172 -0.25848
-0.47630 0.34134 -0.30968
-0.54014 0.30468 0.30429
0.31325 0.62213 -0.30968
-0.54014 0.55065 0.08652
0.08765 0.82992 -0.11806
-0.46520 -0.04239 0.30499
0.00645 -0.75039 -0.18442
-0.36094 -0.16243 0.30499
-0.14917 0.50554 -0.30968
-0.29746 -0.76532 0.14454
-0.27313 -0.58898 -0.30968
-0.46332 0.74633 0.10336
-0.30433 -0.39991 -0.30968
-0.53373 0.71720 -0.16962
0.54898 -0.27959 -0.24972
0.00134 -0.75041 -0.23235
0.47691 -0.76406 0.30499
0.54898 0.59638 0.00266
0.19943 0.32858 -0.30968
0.36840 0.78120 -0.18036
-0.18398 0.02695 0.30499
-0.54014 -0.63036 -0.26462
0.33764 0.47027 -0.30968
0.15126 -0.71043 0.30499
0.14395 0.71210 0.30499
-0.20536 0.33582 -0.30968
0.54898 0.57535 -0.23917
-0.41672 -0.43262 -0.30968
0.48722 -0.78830 -0.23824
-0.42833 -0.74423 0.30499
0.54898 0.65186 -0.14843
-0.21260 -0.07493 0.30499
-0.37548 0.77632 -0.30209
-0.15162 -0.09336 0.30499
0.51410 0.72897 -0.06030
0.31577 0.40283 0.30499
-0.50203 -0.16272 -0.30755
-0.43564 -0.27064 -0.30968
-0.11592 -0.68127 -0.30755
-0.05210 0.83087 0.05999
0.12258 0.82691 0.04278
0.07506 0.69431 0.30499
0.45118 -0.02337 -0.30968
0.31457 0.07536 0.30499
-0.16909 -0.75531 0.20080
-0.36606 -0.77256 -0.20768
0.54898 -0.38157 -0.18958
0.09936 -0.72502 -0.30755
0.39379 -0.75038 -0.30755
0.42077 -0.22925 0.30499
0.15256 0.16841 0.30499
-0.21490 0.01759 -0.30968
-0.37120 -0.26652 -0.30968
0.00553 -0.64913 -0.30755
-0.54014 0.24404 0.19639
0.35457 0.52926 -0.30968
0.51292 -0.79248 -0.29871
-0.15591 -0.29094 -0.30968
0.32056 -0.43027 -0.30968
0.21696 -0.59313 -0.30968
0.18310 -0.01985 0.30499
0.42481 -0.77918 0.22879
0.54898 0.06509 0.07231
0.25149 0.22341 -0.30968
-0.40370 -0.24581 0.30499
-0.43599 -0.60880 0.30499
0.17143 0.82166 0.01833
0.54898 -0.64079 -0.12296
0.38090 0.33401 -0.30968
0.54898 -0.03774 0.16447
0.45254 0.42952 -0.30968
-0.18959 0.81822 0.20005
-0.30058 -0.40193 0.30499
0.21500 0.81523 0.19091
-0.22584 0.81168 -0.22451
-0.07206 0.45747 -0.30968
-0.34913 -0.36637 -0.30755
0.11637 0.42090 0.30499
-0.32457 0.03153 -0.30968
0.44946 -0.78245 -0.02987
-0.54014 0.24859 -0.13908
-0.19914 0.47013 0.30499
-0.41710 -0.77933 -0.04324
0.13607 -0.28151 -0.30968
-0.54014 0.42958 0.05133
-0.27942 0.34129 -0.30968
-0.39795 0.50722 -0.30968
-0.48981 -0.79016 -0.02234
-0.20555 0.52912 -0.30968
0.25412 0.37252 -0.30968
-0.54014 0.49202 -0.10124
-0.42294 0.76054 0.16066
-0.54014 0.69121 0.07230
-0.16577 -0.60021 0.30499
0.50352 -0.01128 0.30499
-0.54014 0.45017 -0.00055
0.19723 0.10577 -0.30968
0.54319 0.71694 0.13446
-0.54014 0.17416 -0.28225
0.16788 0.28883 0.30499
0.11462 -0.34517 0.30499
-0.11356 0.30172 -0.33260
0.54898 0.36730 0.25151
0.33169 0.08795 -0.30968
0.54898 -0.27653 -0.00659
-0.03684 0.15632 -0.30968
0.26721 -0.33804 0.30499
0.21827 -0.75321 0.30499
-0.17860 0.81994 0.08799
0.16770 0.43673 0.30499
-0.52981 -0.40821 -0.30755
0.27085 -0.36889 -0.30755
-0.04389 -0.75107 0.03070
0.32867 0.55006 0.30499
0.51880 -0.72083 -0.30755
-0.28595 0.70894 -0.30755
0.54898 -0.51769 0.00219
-0.54014 0.22650 0.02916
0.54898 0.37877 -0.18106
0.15540 0.82338 -0.08701
-0.54014 0.60695 -0.28611
0.08803 -0.35951 -0.30755
-0.40663 0.31291 -0.30968
0.28307 0.25720 0.30499
0.08966 0.00685 0.30499
-0.54014 0.11771 0.21655
-0.06818 -0.23822 -0.30968
0.25993 -0.53352 -0.30968
-0.54014 -0.14665 -0.03244
0.54898 0.25771 -0.15272
0.50753 -0.47119 -0.30968
-0.29496 0.49583 0.30499
-0.54014 -0.31792 0.24641
-0.54014 -0.63488 -0.12834
-0.41486 -0.67986 -0.30755
0.31071 -0.64140 -0.30968
-0.27511 -0.76302 -0.14135
-0.20520 -0.10466 -0.30755
0.54898 -0.71765 0.15839
-0.39652 0.69186 0.30499
0.00465 -0.41443 0.30499
0.45878 -0.22787 -0.30968
-0.54014 -0.01955 -0.16218
0.35722 0.28028 0.30499
0.54898 -0.47713 0.03844
0.38151 -0.56096 0.30499
-0.54014 0.40704 -0.26534
0.01820 0.02263 0.30499
0.37168 -0.36289 -0.30755
-0.38063 -0.77449 0.18703
-0.44528 0.23648 0.30499
-0.50515 -0.79265 -0.16289
-0.54014 -0.35321 -0.21591
-0.39348 0.62556 0.30499
-0.17333 -0.51044 -0.30755
-0.54014 -0.26616 -0.13159
0.36802 -0.01360 0.30499
-0.04252 0.45155 0.30499
0.42246 0.21742 0.30499
0.41506 0.49538 -0.30968
0.21068 0.07687 0.30499
0.25637 -0.20015 -0.30755
-0.48273 0.73830 -0.20095
-0.11277 0.82701 0.09524
-0.14471 0.82358 0.02963
-0.40687 -0.33077 0.30499
0.54898 -0.10926 -0.18058
0.05503 0.15861 -0.30968
0.54898 0.43214 0.20710
-0.54014 0.11441 -0.26210
0.31185 0.47962 0.30499
0.49193 0.30987 -0.30968
-0.44398 0.69504 -0.30968
0.01388 -0.05540 -0.30968
-0.54014 -0.76066 0.20628
-0.03977 0.83131 0.19055
-0.52458 0.72099 0.00558
-0.19637 -0.75706 0.25203
0.26083 0.29198 -0.30968
-0.02188 -0.29876 0.30499
-0.20616 0.26967 0.30499
0.54898 -0.65431 0.17061
0.19442 0.81894 0.07577
0.23618 0.55880 -0.30968
0.39638 0.77231 -0.04594
-0.11264 0.14768 0.30499
-0.29110 0.23644 -0.30968
0.27154 0.46541 -0.30968
-0.51473 -0.76041 0.30499
0.40437 0.15896 -0.30968
-0.31418 0.79277 0.22655
0.32583 -0.17917 -0.30755
0.54898 0.63889 -0.23356
0.39191 0.77380 -0.25094
-0.43068 -0.76514 -0.30755
-0.09265 0.25800 0.30499
0.46373 0.74982 -0.05991
0.14706 0.40342 -0.30968
-0.38728 -0.77538 0.03006
0.34578 0.17186 -0.30968
0.54898 -0.10781 0.27861
0.54898 -0.57404 -0.22302
0.54898 -0.13420 0.09752
0.54898 0.42591 0.08768
0.04152 -0.26389 -0.30968
-0.53676 -0.68623 -0.30755
-0.23757 -0.25966 -0.30968
0.45038 0.75436 0.05505
0.54898 0.21115 -0.04739
-0.54014 -0.49288 0.09791
-0.19938 -0.30133 0.30499
-0.02095 0.83199 -0.05439
0.28520 0.80242 0.02360
-0.54014 0.69739 0.14911
0.54898 0.26732 0.25364
-0.40402 -0.03630 -0.30968
-0.54014 -0.08364 -0.23310
0.08831 -0.75159 0.13261
0.54898 -0.18273 -0.06816
0.17108 0.76898 -0.30755
0.28230 0.80310 -0.15927
-0.24636 -0.76072 0.11798
-0.18272 0.76454 -0.30755
0.50797 -0.79168 0.00242
0.54898 0.55548 0.15649
0.54898 -0.69875 -0.27570
0.39887 0.65883 -0.30968
0.54898 -0.55397 -0.12214
0.05980 -0.75117 -0.20905
0.48496 0.19750 -0.30968
0.37351 -0.53287 -0.30968
0.43527 0.75938 0.16405
0.09044 0.60575 0.30499
-0.50387 -0.60485 0.30499
-0.48653 0.59094 0.30499
0.08208 0.83012 -0.05966
0.54898 0.36290 -0.06331
0.54898 -0.07955 -0.08558
-0.02379 -0.16041 -0.30755
-0.06196 -0.40843 0.30499
-0.50412 0.72945 -0.04452
0.54898 -0.37705 0.23952
-0.06545 -0.23166 0.30499
-0.51500 -0.79425 -0.29967
-0.41836 0.42422 -0.30968
0.49815 -0.69204 0.30499
0.14282 -0.13013 -0.30755
0.23138 -0.58576 0.30499
-0.03126 -0.72972 -0.30755
0.26294 0.00428 -0.30968
-0.28404 0.43345 -0.30968
0.54898 -0.56005 -0.03674
0.20425 0.20218 0.30499
-0.29570 0.60393 0.30499
-0.54014 0.20607 0.24694
-0.34380 0.78522 -0.08131
-0.35169 -0.54545 0.30499
0.26470 0.38558 0.30499
0.54898 -0.49367 -0.16170
-0.28400 0.32939 0.30499
-0.43277 0.33547 0.30499
0.04462 0.50317 -0.30968
0.40573 0.61386 0.30499
0.36402 0.17111 0.30499
-0.22742 -0.71073 -0.30755
-0.28779 0.73762 0.30499
-0.54014 -0.24929 0.04004
0.36456 -0.77131 0.24699
-0.50758 -0.41514 0.30499
0.30373 0.65593 0.30499
0.07430 0.38509 0.30499
-0.54014 0.31695 0.15231
-0.31934 -0.31754 0.30499
-0.43710 0.18057 0.30499
0.04893 0.63967 0.30499
-0.32164 -0.76780 -0.25924
0.52511 -0.79446 0.23299
-0.11366 -0.15855 0.30499
0.07404 -0.53940 0.30499
0.54898 0.01364 0.00384
0.31985 0.79358 0.26889
0.05833 -0.20258 -0.30755
-0.54014 0.57326 0.03369
0.15089 0.64513 -0.30968
0.54898 -0.79143 -0.16902
-0.20321 0.46102 -0.30968
-0.54014 -0.63163 -0.18260
0.25915 0.56330 0.30499
0.54898 -0.13811 -0.22349
0.54898 -0.23186 0.02007
0.35129 -0.27299 -0.30968
-0.01548 0.75990 0.30499
0.54898 -0.45839 -0.21593
0.54361 0.71677 0.24964
-0.08319 -0.53556 -0.30968
-0.37830 0.77539 -0.18985
-0.26081 -0.48044 -0.30968
0.27786 -0.75578 -0.30755
0.54898 -0.38373 0.11176
0.54898 -0.58486 0.21658
0.50304 0.03977 0.30499
0.54898 -0.65723 -0.06892
0.02054 0.21585 0.30499
-0.19686 0.81691 -0.01731
0.35118 0.03924 0.30499
-0.28410 -0.61757 0.30499
0.54898 0.17514 0.25855
-0.54014 -0.10818 0.02419
0.13658 0.54417 0.30499
0.16418 -0.14403 0.30499
-0.54014 0.63744 0.23074
-0.54014 0.28727 0.07630
-0.05386 -0.56373 0.30499
-0.54014 -0.42010 0.20365
-0.26805 -0.76231 -0.04178
-0.11575 -0.26742 -0.32523
0.54898 0.08534 -0.18041
0.36442 0.78221 0.05505
0.19469 -0.75628 0.08119
-0.29066 0.59730 -0.30968
-0.54014 0.35958 0.30362
-0.15364 0.75021 0.30499
0.54898 -0.35872 -0.00704
0.54898 -0.73974 -0.13866
-0.16878 -0.75530 -0.19347
0.18954 -0.75591 -0.14480
0.54898 -0.34086 0.07558
-0.54014 0.51888 -0.19103
-0.20718 -0.75785 0.00434
0.49735 0.66331 0.30499
-0.30893 0.37957 0.30499
0.10401 -0.75206 0.22716
-0.26275 0.04224 -0.30968
-0.54014 -0.39560 -0.07838
0.09417 -0.53792 -0.30968
-0.10428 0.82792 0.23852
-0.11443 -0.32484 -0.30968
0.54898 -0.56585 0.10103
-0.54014 -0.32835 -0.00402
0.21818 -0.21114 0.30499
-0.25209 -0.76114 -0.24858
0.54898 -0.54612 0.18198
0.47393 0.19882 0.30499
0.42921 0.76139 -0.14384
0.01551 0.41144 -0.30968
-0.47191 0.74278 -0.10253
-0.15349 0.45477 0.30499
-0.26471 -0.31637 -0.30968
0.34266 -0.76754 -0.30755
0.54898 0.41726 -0.05708
-0.54014 0.50990 -0.24799
0.12331 -0.75291 -0.23803
0.53733 -0.35153 -0.30755
-0.11239 0.35485 -0.33260
-0.36270 0.49712 0.30499
-0.07354 -0.75150 -0.17604
0.20721 -0.28831 0.30499
0.39273 -0.77493 -0.21032
0.23784 -0.11057 -0.30755
0.28590 0.80224 -0.10651
0.54898 0.60501 -0.05834
-0.54014 -0.25123 -0.21442
-0.54014 -0.48253 -0.12392
-0.21971 0.68573 -0.30968
0.01058 0.83267 -0.18640
-0.08140 -0.04752 -0.30968
-0.48625 -0.08019 -0.30968
-0.23773 -0.76009 -0.08175
0.54898 0.09631 0.27443
-0.46142 -0.17570 -0.30755
-0.49128 -0.79040 -0.20197
0.08579 -0.14253 -0.30755
0.21113 0.63277 0.30499
-0.54014 0.12396 -0.08235
0.35010 -0.76982 0.01882
-0.54014 -0.57253 -0.00498
-0.54014 0.55921 -0.09352
0.54898 -0.22140 -0.15918
0.22541 0.81335 -0.15798
-0.04730 0.60839 -0.30968
-0.12182 0.02086 0.30499
-0.02999 0.83166 -0.23305
-0.19197 -0.39791 -0.30968
0.54898 0.29611 0.00588
-0.30252 -0.70817 -0.30755
0.35180 -0.65333 0.30499
-0.16746 0.03107 -0.30968
-0.54014 -0.52626 -0.14601
0.11500 0.07355 0.30499
0.20290 0.81741 -0.02958
-0.54014 -0.45365 -0.22874
-0.11211 -0.75281 0.04490
0.41569 -0.77797 0.17598
-0.18928 -0.64660 0.30499
-0.35688 0.63487 -0.30968
-0.38840 0.77203 0.23717
-0.27541 0.54885 0.30499
-0.44432 0.72084 0.30499
-0.54014 0.04094 -0.12291
-0.20105 0.81615 0.26316
0.31962 0.57282 -0.30968
-0.12389 -0.57468 0.30499
-0.09357 0.69156 -0.30968
-0.54014 0.18404 0.12484
0.33743 0.78910 0.13247
0.37525 -0.25284 0.30499
-0.27717 -0.11237 0.30499
-0.54014 0.38369 0.09145
0.17896 -0.75536 -0.26211
0.05147 0.83121 -0.28693
-0.20420 0.60873 0.30499
-0.54014 -0.29364 -0.23692
-0.01436 -0.75063 0.26272
-0.43637 -0.46172 0.30499
-0.54014 -0.55827 -0.30244
-0.11336 0.07246 -0.30968
-0.18852 -0.75648 -0.09386
0.32767 0.69871 -0.30838
-0.54014 -0.63900 0.03996
-0.09142 -0.75190 0.11462
0.32903 -0.76765 0.18671
0.09142 -0.75163 -0.14619
0.54898 0.46608 0.30389
0.53370 -0.38896 0.30499
0.41635 0.51799 0.30499
-0.48362 -0.27393 -0.30968
0.20287 -0.35284 -0.30755
0.17445 -0.65430 0.30499
0.36402 -0.19823 0.30499
-0.49342 0.68548 0.30499
0.54898 -0.28993 0.17460
-0.54014 -0.69633 0.10477
0.14832 0.82414 0.18059
0.45920 0.36055 -0.30968
-0.39534 -0.73314 -0.30755
0.05010 -0.24946 0.30499
-0.54014 0.67265 -0.20980
0.54898 -0.74968 0.23109
-0.28288 -0.76381 0.08763
-0.54014 -0.23042 -0.05237
-0.54014 0.57693 -0.18686
-0.50970 0.15758 0.30499
-0.49391 0.53124 0.30499
0.45713 -0.31923 -0.30968
0.13560 0.01704 -0.30968
-0.31292 0.04476 0.30499
-0.04482 0.67957 0.30499
-0.54014 0.66647 0.11253
-0.09313 -0.40634 -0.30968
-0.20506 0.39560 0.30499
-0.53442 -0.79741 0.25259
0.27421 -0.76212 -0.04056
-0.20309 0.81579 0.15494
-0.05751 -0.75127 -0.25745
-0.54014 0.41801 0.28839
-0.35621 -0.77136 -0.07481
-0.13067 -0.75363 -0.07437
0.54898 -0.15766 0.23990
-0.27407 0.13039 0.30499
-0.31890 -0.10846 -0.30755
-0.39272 0.41671 0.30499
-0.00195 -0.75045 0.21046
0.06500 0.11271 -0.30968
0.54898 0.53555 0.07923
-0.02651 0.35043 -0.30968
0.38376 -0.15020 -0.30755
0.15550 -0.53263 0.30499
-0.00574 0.00617 -0.30968
-0.54014 -0.15921 -0.12566
-0.36344 0.78021 0.05427
-0.41825 0.02426 0.30499
-0.45977 -0.64061 -0.30968
-0.54014 -0.73488 -0.17693
-0.54014 0.46521 0.18646
0.54898 -0.38600 -0.03751
-0.54014 0.31630 -0.17017
-0.45298 0.14134 0.30499
-0.45124 -0.31522 0.30499
0.54898 0.63671 0.07649
0.54898 0.45395 0.02035
0.52399 -0.54217 0.30499
0.54898 -0.68628 0.12171
0.16548 -0.46696 -0.30968
-0.37238 -0.54854 -0.30968
0.54898 0.05965 -0.28441
-0.36186 -0.77201 0.23609
0.48828 -0.78847 0.15477
-0.53307 -0.79719 -0.00747
-0.54014 -0.64953 0.30055
-0.36684 0.13462 -0.30968
0.04157 0.14890 0.30499
-0.54014 -0.31126 0.04955
-0.54014 -0.53945 -0.18912
-0.54014 0.68551 0.19429
0.07584 -0.61754 0.30499
0.08759 0.43928 -0.30968
-0.26171 0.80522 0.02267
-0.12512 0.23834 -0.30968
0.24071 -0.42859 -0.30968
0.31157 -0.09260 -0.30755
0.46347 0.74992 -0.23063
0.47239 0.74624 0.20204
0.10974 0.82829 -0.16364
0.09041 -0.75162 -0.06582
-0.25437 0.80654 -0.26948
-0.50120 -0.79201 0.08648
-0.03627 -0.51357 0.30499
0.54898 -0.43706 0.00985
-0.48281 0.29583 -0.30968
0.23948 -0.09904 0.30499
0.54898 0.14371 -0.25655
0.33447 0.71419 0.30499
-0.54014 0.33869 -0.29961
-0.03555 0.83146 -0.10199
0.45660 -0.11999 0.30499
0.22261 -0.45792 0.30499
-0.09030 0.56681 0.30499
0.54898 -0.37744 -0.13495
0.54898 0.55454 -0.10333
0.00030 0.83274 -0.29878
0.54898 0.26629 0.09891
-0.21256 -0.20445 -0.30755
-0.54014 -0.13278 0.26403
-0.29032 0.27929 0.30499
-0.30070 0.19674 0.30499
0.23466 0.35126 0.30499
-0.02246 -0.36910 -0.30755
0.54898 -0.29178 0.29692
-0.11510 0.43809 -0.32937
0.07286 0.23944 0.30499
0.52127 -0.44178 0.30499
-0.54014 -0.73892 0.08875
-0.34699 0.29115 -0.30968
-0.54014 -0.79545 -0.19504
-0.17450 0.82038 -0.25151
-0.32923 0.78894 0.01698
-0.54014 0.36737 0.19771
0.29549 0.79979 -0.25276
-0.54014 0.58302 0.18244
-0.44059 0.13775 -0.30968
0.42611 -0.64814 -0.30849
-0.26559 0.80452 -0.05903
-0.03186 0.56886 0.30499
0.54898 -0.49589 -0.11285
0.04681 0.60163 -0.30968
-0.50293 -0.18878 0.30499
-0.23729 0.80962 0.06500
0.54898 0.61820 0.17959
0.54898 0.50461 0.26549
-0.50924 -0.05422 0.30499
-0.42289 -0.78010 -0.13861
-0.21970 -0.03869 -0.30968
0.11907 0.82728 0.14444
-0.27411 0.41914 0.30499
0.03682 -0.74510 0.30499
0.09523 -0.29954 -0.31439
0.46454 -0.78462 -0.27675
0.05023 -0.38894 0.30499
-0.49837 -0.79155 0.14034
-0.23587 0.10480 -0.30968
0.21800 -0.15382 -0.30755
-0.05367 0.38691 0.30499
-0.10520 -0.75011 0.30499
-0.01258 -0.75061 -0.06490
0.54898 0.19499 0.15580
-0.53159 -0.45899 0.30499
-0.42606 -0.60184 -0.30968
0.50319 -0.13945 -0.30755
0.04670 0.64611 -0.30968
0.54898 -0.27831 0.09290
-0.54014 -0.47985 0.15364
-0.54014 -0.34721 -0.06284
0.13793 -0.39888 0.30499
0.40609 0.71783 0.30499
0.24081 -0.72332 -0.30755
-0.54014 -0.35841 0.26535
0.54898 -0.76020 -0.04977
-0.05211 0.65240 -0.30968
0.21764 -0.66457 -0.30755
-0.41262 -0.77874 0.09052
0.19943 0.68948 0.30499
0.54898 0.15951 0.06363
0.26235 -0.21121 0.30499
-0.54014 -0.68604 -0.26352
0.54898 -0.09066 0.09047
0.19668 -0.75643 -0.22175
0.05169 0.83120 -0.02776
0.54898 -0.68424 0.25977
0.45324 -0.78295 0.26222
0.54898 -0.74350 0.12109
-0.39723 -0.30201 -0.30968
0.12323 0.37548 -0.33260
-0.54014 -0.11986 0.14306
0.21968 0.66196 -0.30968
-0.05252 0.03421 -0.30968
-0.21115 0.81433 -0.12026
-0.54014 -0.17743 0.07255
0.54898 -0.70890 0.03217
0.18600 -0.56514 0.30499
-0.46055 -0.13815 0.30499
-0.20658 0.39934 -0.30968
-0.11051 -0.26682 0.30499
-0.00903 0.83241 0.05341
0.54898 0.38083 0.12683
0.29677 -0.56227 0.30499
0.01112 -0.41290 -0.30968
-0.41158 0.21105 -0.30968
0.27074 -0.76186 -0.16496
-0.06224 -0.36494 0.30499
-0.36365 0.27918 0.30499
-0.42384 -0.78022 0.20045
0.52544 0.58608 0.30499
-0.05895 0.49889 -0.30968
0.54898 0.39436 0.03417
-0.54014 -0.10531 0.30394
-0.33980 -0.24788 0.30499
0.52404 0.54599 -0.30755
-0.54014 -0.17508 0.22861
0.36411 -0.59536 -0.30968
0.46603 -0.48320 -0.30968
-0.15648 0.07402 -0.30968
-0.52857 -0.56948 0.30499
-0.54014 -0.72018 0.01777
-0.13369 0.61257 -0.30968
-0.43170 0.47280 -0.30968
0.19911 0.81355 -0.30755
-0.54014 -0.04101 -0.04604
-0.18027 -0.55726 -0.30968
-0.16755 0.23458 0.30499
0.53734 0.19902 -0.30755
0.39203 -0.40077 0.30499
-0.24903 0.50989 0.30499
0.16020 0.76479 0.30499
0.14585 0.18243 -0.30968
0.25819 0.00125 0.30499
0.21782 -0.24945 -0.30968
-0.54014 0.66492 -0.13149
-0.36896 0.70265 -0.30755
-0.54014 0.41492 -0.17026
-0.01635 -0.15618 0.30499
0.54898 -0.22950 -0.20110
0.28396 -0.76302 0.00100
-0.09460 0.82896 0.05647
-0.02479 -0.00545 0.30499
-0.52955 -0.37822 0.30499
0.54898 -0.61831 -0.24889
-0.24643 -0.76073 -0.18253
-0.54014 -0.65622 0.14753
0.24802 -0.76020 0.18517
-0.54014 -0.24833 0.18192
-0.09905 -0.13920 -0.30755
-0.03883 -0.08765 0.30499
0.54898 -0.49101 -0.24500
-0.54014 -0.00528 0.24299
0.54898 0.16675 -0.01155
0.49663 0.73620 -0.25918
-0.40589 -0.77784 -0.18256
-0.15622 -0.61972 -0.30968
-0.21088 -0.54725 0.30499
0.54898 -0.01888 -0.13223
-0.07920 0.77419 -0.30755
-0.37756 -0.77409 0.06731
0.49745 0.13918 -0.30968
-0.14951 0.12702 0.30499
-0.54014 -0.71925 -0.06373
-0.24867 -0.12528 -0.30755
-0.35971 0.21055 0.30499
0.13443 -0.61510 -0.30968
0.16519 -0.75475 -0.02559
-0.47372 -0.78754 -0.29476
-0.06439 -0.17160 -0.30755
0.54898 -0.29956 -0.08049
0.54898 -0.41665 -0.22676
0.31429 0.61517 0.30499
0.27800 -0.56963 -0.30968
-0.30778 0.79440 -0.29026
-0.35455 0.10799 0.30499
0.39543 0.77263 0.16599
-0.13616 -0.43463 0.30499
0.50048 -0.79046 0.04374
0.54898 -0.75252 -0.24404
0.54898 -0.21124 0.18707
0.49187 -0.22104 0.30499
-0.06465 0.78303 0.30499
0.37307 -0.70027 -0.30755
0.54898 -0.28929 0.21655
0.00253 -0.75039 -0.01575
0.21442 0.81534 -0.07008
0.21279 0.20582 -0.30968
-0.37999 0.46937 -0.30968
-0.47233 0.72852 -0.30755
-0.30509 -0.35687 0.30499
-0.22394 -0.70982 0.30499
-0.50068 0.18625 -0.30968
-0.54014 -0.45710 -0.04998
0.19069 -0.62562 -0.30968
-0.42590 -0.02823 0.30499
-0.16655 0.82124 -0.09188
-0.22778 -0.62595 -0.30968
-0.54014 0.23598 0.06982
0.22282 0.44412 0.30499
0.54608 0.00453 -0.30755
0.04005 -0.14727 0.30499
0.54898 0.31796 0.24365
0.54898 0.32150 -0.24899
-0.54014 0.57295 -0.05425
0.26439 -0.76140 0.26035
-0.29342 -0.24251 0.30499
-0.28740 0.79960 0.14832
-0.43952 0.64810 -0.30968
-0.02161 -0.75074 -0.15386
-0.34502 -0.51746 -0.30755
0.34512 0.64861 -0.30968
0.10228 -0.69673 0.30499
-0.33299 -0.76897 -0.13221
-0.54014 0.08890 -0.21278
-0.54014 0.00069 -0.03574
0.00825 0.83275 0.10868
0.54898 -0.49661 -0.28648
0.06872 0.83060 0.16732
-0.44423 -0.56758 0.30499
0.28778 0.52986 0.30499
0.52743 0.72346 -0.00914
0.09067 0.71835 -0.30755
-0.54014 0.22710 -0.22392
0.48526 0.74091 -0.02166
-0.54014 -0.05054 0.15882
0.04493 -0.45821 -0.30968
0.54898 0.61198 -0.26454
-0.46242 0.03742 -0.30968
-0.21025 -0.66997 -0.30755
0.31219 -0.49671 0.30499
0.54898 -0.09691 -0.21965
0.09279 0.77813 -0.30755
0.54898 -0.51818 -0.19783
0.12872 -0.45043 -0.31923
0.10493 0.18151 -0.30968
0.37256 0.78014 0.28634
-0.39420 -0.36965 0.30499
0.43764 -0.70487 0.30499
-0.37374 0.77122 0.30499
-0.47059 0.74332 0.22301
0.54898 -0.57747 0.02466
-0.51493 0.72254 -0.30755
0.10351 0.52397 -0.30968
-0.33073 0.21257 -0.30968
-0.54014 -0.71401 -0.23386
0.54898 -0.34303 0.30368
-0.54014 0.18154 0.07761
-0.30031 -0.47043 -0.30968
-0.15588 -0.24001 0.30499
-0.54014 -0.33975 0.17588
0.12743 0.43809 -0.31758
-0.54014 0.32251 0.05611
0.54898 0.13211 -0.15535
-0.44518 0.52101 0.30499
0.54898 0.66584 -0.02112
0.36778 0.78136 -0.13502
0.09121 0.67252 -0.30968
-0.54014 0.02593 -0.18680
-0.54014 -0.53511 0.24238
0.54898 0.35356 0.04542
0.30085 0.28596 -0.30968
-0.17450 -0.19236 0.30499
0.54898 0.22714 0.24884
-0.13836 -0.47303 -0.30968
-0.30160 -0.35961 -0.30755
-0.54014 -0.75802 -0.24841
-0.30836 -0.19720 -0.30755
0.54898 -0.18952 0.07414
0.45541 0.49287 -0.30968
-0.26477 -0.02923 0.30499
-0.54014 0.21196 -0.26799
0.54898 -0.22024 -0.11017
0.19760 -0.72037 -0.30755
0.25554 0.74791 0.30499
0.38393 -0.24609 -0.30968
0.54898 0.32995 -0.13323
-0.35938 -0.11862 0.30499
0.46483 0.30515 0.30499
0.09672 0.27230 -0.31926
0.20321 -0.75691 0.03496
-0.01633 0.48615 0.30499
0.10403 0.82890 0.25970
-0.54014 -0.50274 0.04557
0.54898 -0.75525 0.07591
0.12736 -0.75309 0.01166
0.52877 0.63340 -0.30755
-0.13300 0.69882 -0.30755
0.54898 -0.02080 0.12761
0.49071 -0.67874 -0.30755
-0.51697 0.65136 -0.30904
0.01648 0.70482 -0.30755
-0.26935 -0.73659 0.30499
-0.08733 0.27230 -0.31073
0.54898 0.27641 -0.07925
0.45634 -0.70452 -0.30755
-0.13842 0.20494 0.30499
-0.54014 -0.24069 0.30093
0.15922 0.11803 -0.30968
-0.24426 -0.38784 0.30499
-0.54014 0.54820 0.20226
0.54898 0.41429 -0.10729
0.22880 -0.62556 0.30499
-0.54014 0.10204 -0.01010
-0.54014 -0.08569 -0.19331
-0.44316 0.75382 -0.29772
-0.01307 0.36875 0.30499
-0.37972 0.77491 -0.06749
0.05789 0.79948 0.30499
-0.54014 -0.61380 0.20358
0.51029 0.73055 0.26643
0.48280 -0.78758 -0.18820
-0.54014 0.65652 -0.05042
0.47016 0.06385 0.30499
-0.33324 0.78791 0.30423
0.49059 -0.78885 -0.10386
-0.03379 0.83153 0.15083
-0.34699 -0.00830 0.30499
-0.54014 -0.19615 0.14328
0.44245 -0.45748 0.30499
0.37098 0.78054 -0.07510
-0.42780 -0.67406 0.30499
0.54898 0.33463 0.09139
-0.16338 -0.50041 0.30499
0.54898 0.69250 0.29218
-0.35077 -0.18262 -0.30755
-0.54014 -0.01424 0.07076
-0.54014 0.17323 0.27374
0.35487 -0.77031 -0.12580
0.54898 -0.63613 -0.02925
0.54898 0.19193 -0.26970
-0.54014 0.51392 -0.02388
0.54898 0.29528 -0.29345
0.26470 -0.76142 -0.11047
-0.13913 0.81657 0.30499
0.54898 0.47154 0.13371
0.54898 0.25068 0.01653
0.54898 0.13599 0.18154
0.29637 -0.43904 0.30499
0.13635 -0.00159 0.30499
0.50817 -0.23913 -0.30968
0.38323 -0.03546 -0.30968
0.43343 0.64174 0.30499
-0.54014 0.43213 0.13348
0.52335 0.72515 0.08290
-0.54014 -0.05944 0.23704
0.33154 -0.11829 0.30499
0.46511 0.71571 0.30499
0.11373 0.23076 0.30499
-0.04923 0.21221 -0.30968
0.49787 -0.36566 -0.30755
-0.54014 0.30726 0.24923
0.31791 0.21253 -0.30968
0.54898 0.61346 -0.14080
-0.37689 -0.33545 -0.30968
0.37789 0.13014 -0.30968
-0.54014 -0.00037 0.00728
-0.08706 -0.67387 0.30499
0.35696 0.62821 0.30499
-0.46402 0.63749 0.30499
-0.54014 -0.28058 0.25796
0.54898 0.11125 -0.30681
0.32632 -0.26254 0.30499
-0.22155 0.03744 0.30499
0.06518 -0.75125 0.22360
-0.25036 -0.48109 0.30499
-0.39345 -0.77619 -0.30449
-0.36311 0.52522 -0.30968
0.41449 0.76629 0.20647
-0.49616 -0.11776 -0.30755
0.43637 0.01403 -0.30968
0.01419 -0.49384 -0.30968
-0.00152 0.51941 -0.30968
0.48142 0.07623 -0.30968
0.26219 0.66252 -0.30968
-0.54014 0.19583 -0.00727
-0.54014 -0.17982 -0.17689
0.01389 0.32495 -0.30968
0.49381 0.73737 0.14561
-0.06587 0.83038 -0.24776
0.11301 0.36632 0.30499
-0.54014 0.22912 -0.17260
-0.50820 0.03702 -0.30968
0.41340 -0.77767 -0.01649
0.54898 0.65110 0.20938
0.30205 0.37082 -0.30968
0.29478 0.07616 -0.30968
0.13873 -0.54188 -0.30968
0.54898 -0.20256 -0.29105
0.13625 -0.65364 -0.30755
-0.16003 -0.07935 -0.30968
0.53271 -0.79569 -0.25259
0.01854 -0.75057 -0.27959
-0.54014 0.42504 -0.10909
-0.35984 0.60659 0.30499
-0.25373 0.30276 0.30499
-0.26074 -0.73536 -0.30755
-0.35881 0.71042 0.30499
-0.03300 -0.26742 -0.31962
-0.43402 -0.78157 0.05861
-0.08594 -0.58583 -0.32887
0.08847 -0.38379 0.30499
-0.54014 -0.22551 0.22574
-0.36057 0.04798 -0.30968
-0.28892 -0.57842 0.30499
-0.54014 0.42319 -0.02777
0.54898 -0.01235 -0.17021
-0.29356 -0.76491 0.25096
-0.54014 -0.47045 0.06696
-0.24412 -0.56395 -0.30968
0.54898 -0.77960 0.15667
0.44917 -0.00236 0.30499
-0.54014 0.61245 0.25961
0.23847 0.80322 -0.30755
-0.03237 0.41339 -0.30968
0.16474 0.30401 -0.30968
-0.44209 -0.78264 0.28813
0.45955 -0.14980 -0.30755
0.54898 -0.20811 0.22504
0.54898 0.40419 0.24204
0.34707 0.35149 -0.30968
-0.39381 0.18311 0.30499
-0.21094 0.81437 0.11008
-0.32342 0.79042 0.15619
-0.00714 -0.59553 0.30499
-0.54014 0.03375 0.26899
0.54898 0.30051 -0.20933
0.37165 0.47425 0.30499
-0.54014 -0.44263 0.17313
0.51013 -0.32520 -0.30968
0.04983 0.83127 0.10552
-0.54014 0.59545 -0.10455
-0.45291 -0.78416 -0.11586
-0.52791 0.45156 0.30499
0.15034 -0.33273 0.30499
-0.22359 -0.48720 -0.30968
0.35821 0.06114 -0.30968
0.05090 0.35506 0.30499
0.00604 0.83283 0.16670
0.54898 -0.31243 0.00488
0.02144 -0.75061 0.06020
0.48100 -0.06533 -0.30968
-0.17016 0.34910 -0.30968
0.40941 -0.33060 -0.30968
0.11011 0.07610 -0.30968
-0.34457 0.38853 -0.30968
0.54002 0.43920 -0.30755
-0.54014 -0.05709 -0.16356
-0.16671 -0.32502 0.30499
-0.02627 0.05572 0.30499
0.35740 0.39686 0.30499
-0.09322 -0.75198 -0.07332
-0.12392 0.49879 0.30499
0.54898 0.12079 0.00397
0.01777 -0.75056 -0.14876
-0.54014 -0.38753 0.17814
0.49638 -0.38688 0.30499
-0.21151 0.43491 0.30499
-0.04945 0.61055 0.30499
-0.54014 0.46720 -0.27213
-0.20792 -0.16351 0.30499
0.49587 0.28451 0.30499
0.52217 0.35504 0.30499
-0.54014 -0.66060 0.26092
0.16075 -0.01045 -0.30968
-0.13473 -0.12781 0.30499
0.22619 -0.51796 -0.30755
0.16964 0.82185 -0.25610
0.16686 -0.30638 -0.30968
0.54898 0.56139 -0.00993
-0.54014 -0.13691 0.05133
0.30724 -0.04402 0.30499
0.52568 0.20290 0.30499
0.54898 0.00897 -0.04485
0.31717 0.79426 -0.29349
-0.53867 0.40474 -0.30755
0.54898 -0.41086 0.22423
0.07584 -0.06697 0.30499
0.02740 -0.60167 -0.31012
0.54898 0.33456 -0.08717
0.39304 0.31677 0.30499
0.54898 0.14055 -0.10412
-0.32533 -0.50695 0.30499
0.33287 0.79026 -0.09431
0.16465 0.67695 0.30499
0.35088 -0.47170 0.30499
-0.52036 0.57999 -0.30755
-0.40207 -0.77734 -0.00373
0.45064 0.55390 -0.30968
0.32074 0.31240 0.30499
-0.51813 -0.20893 -0.30755
-0.54014 0.36539 0.05862
-0.54014 0.04752 0.17532
-0.29320 -0.76488 0.18119
0.42767 -0.77956 -0.11666
0.36332 -0.18732 -0.30755
0.06926 0.11970 0.30499
0.42333 -0.54104 0.30499
0.14786 0.82419 -0.20780
-0.22995 0.18987 -0.30968
-0.54014 -0.48441 -0.08712
0.48737 0.26248 -0.30968
0.54898 0.22854 -0.27769
0.24158 -0.36445 0.30499
-0.30926 -0.60206 -0.30968
-0.52377 0.58615 0.30499
0.02581 0.11292 0.30499
0.25680 0.22225 0.30499
0.54898 0.43243 0.27984
-0.12002 -0.75316 0.00866
0.42141 0.76399 0.03464
-0.04055 0.11982 -0.30968
0.15786 -0.74385 -0.30755
-0.26312 -0.76195 0.05645
0.32492 -0.76723 -0.25541
-0.26556 -0.54492 0.30499
-0.06074 -0.32830 0.30499
-0.42844 0.43080 0.30499
0.27261 -0.70513 -0.30755
-0.03216 -0.75090 0.18978
-0.54014 -0.39042 0.07298
0.54898 -0.62669 0.19458
-0.24853 -0.22083 -0.30968
0.41599 -0.77801 -0.05991
0.51996 -0.07117 0.30499
-0.37693 0.18093 -0.30968
-0.17672 0.29414 0.30499
-0.16083 0.34781 0.30499
-0.48617 -0.73767 0.30499
-0.39133 0.10389 0.30499
0.03320 -0.63482 0.30499
0.54898 -0.29567 -0.21699
0.46055 -0.57951 0.30499
0.29590 0.79969 0.29967
-0.03674 -0.67173 0.30499
0.20771 0.81655 0.12153
0.14924 0.47985 -0.30968
-0.45432 -0.78439 -0.22441
-0.53093 -0.14066 -0.30755
0.30498 -0.73011 0.30499
0.54898 0.63164 0.25937
0.20683 -0.19190 -0.30755
-0.15722 0.82224 0.18425
-0.20468 -0.75767 0.20697
0.24698 0.80947 0.17501
-0.14509 -0.75426 0.17374
-0.11099 0.62890 0.30499
0.07973 0.30276 -0.30968
-0.02458 -0.40592 -0.30968
0.52830 0.68164 -0.30755
-0.12764 -0.32846 0.30499
-0.31235 0.45612 0.30499
-0.22571 0.24566 -0.30968
-0.43779 0.75560 -0.09766
-0.54014 0.22776 -0.10959
-0.54014 0.16669 -0.04748
0.02011 -0.26948 0.30499
0.54898 -0.64084 0.26927
-0.22052 0.23668 0.30499
0.53195 0.08814 0.30499
0.25276 -0.03571 -0.30968
0.23389 -0.75916 -0.23222
-0.54014 -0.31734 -0.20693
0.29720 0.37035 0.30499
-0.48958 0.23266 0.30499
0.53514 0.72027 -0.09279
-0.54014 -0.19753 0.04290
-0.54014 -0.54525 -0.11431
-0.14492 -0.54455 -0.30968
-0.18767 0.76107 0.30499
-0.39427 -0.77630 -0.22926
-0.54014 0.51327 0.10751
0.25615 0.80781 0.11506
-0.06961 -0.47665 0.30499
0.30504 -0.30396 0.30499
-0.54014 -0.31867 0.20467
