-0.12558 -0.26489 0.18002
0.10503 -0.50421 -0.17127
0.06196 0.69378 0.11718
0.18188 0.68358 0.03663
0.05869 0.69378 0.28057
0.28681 -0.39450 -0.46412
-0.14756 -0.26378 -0.24693
0.44019 -0.53960 0.31460
-0.46989 0.46073 -0.30186
0.28413 0.20438 0.48473
-0.47044 -0.61134 -0.20702
-0.18280 0.33166 0.12848
0.23690 0.00124 0.08748
-0.48681 -0.05697 -0.15021
0.00613 -0.61134 0.05205
-0.10297 0.31264 -0.20805
0.14290 0.14039 0.42668
0.41687 0.54604 0.35703
-0.27954 0.61827 -0.09692
-0.08300 -0.63653 -0.40744
0.18224 -0.23043 0.46282
0.27468 0.26151 0.11966
-0.42911 -0.36616 -0.34456
-0.34730 0.03891 -0.38788
0.03833 0.56032 0.33260
0.39359 -0.63070 -0.66881
0.16974 -0.61821 0.41488
-0.21715 0.13119 0.09588
0.14227 -0.37019 0.00689
0.43731 -0.13864 0.29637
0.46694 -0.51731 -0.32636
-0.15381 -0.56326 -0.26742
-0.39241 -0.36723 -0.05713
-0.02243 0.02388 -0.13339
-0.45426 0.22438 -0.11723
0.21140 0.49786 0.48910
0.14861 0.28983 0.01228
-0.32098 -0.02818 -0.38558
-0.32912 0.60793 -0.40751
0.04055 0.29396 0.33265
0.15171 -0.39722 -0.30526
0.20616 0.61827 0.15515
-0.02494 0.54382 -0.14980
0.02962 -0.48544 0.32352
-0.13281 0.61827 0.10145
0.25365 -0.56627 -0.33901
-0.00057 0.26474 0.29487
0.23364 -0.61134 0.12874
-0.32299 -0.12596 -0.00136
-0.27306 0.66232 -0.00604
-0.23526 -0.61134 -0.04577
0.27884 0.68214 0.27769
-0.03541 -0.00912 0.26285
0.37374 -0.61134 0.32508
0.33662 -0.37501 0.17241
0.43661 0.10438 0.27498
-0.01955 0.66233 -0.14349
0.07951 -0.16939 -0.04656
-0.46304 0.16207 -0.29887
0.40249 0.37910 0.37037
-0.40476 0.47727 -0.06590
-0.27619 0.38330 -0.36644
0.27359 -0.50511 0.44384
-0.14984 -0.54708 0.16479
0.18330 0.61827 0.40201
0.23868 -0.05024 0.49678
0.35660 0.46964 0.18943
-0.17813 -0.46196 -0.28413
0.18563 -0.57495 0.03548
0.02635 -0.53958 -0.10517
-0.48141 -0.59616 -0.29411
0.05652 0.44981 -0.07229
0.33115 -0.00912 0.43845
0.07363 -0.52209 -0.34252
0.35503 -0.34297 0.42661
0.28341 0.20573 0.12710
0.21878 0.69378 0.36584
-0.43636 0.64029 -0.22830
0.43943 -0.46894 -0.53389
-0.04111 -0.46728 -0.31751
-0.09086 0.46501 0.21442
-0.30473 -0.25944 -0.38687
0.34335 -0.53464 -0.50026
-0.17914 0.64029 -0.27173
-0.21108 -0.41090 0.10622
0.02187 -0.27496 0.31549
-0.17614 0.57587 -0.28658
-0.31469 -0.56829 -0.40409
0.43185 0.68334 0.32203
0.25150 -0.20420 0.09992
-0.51917 -0.25961 -0.19251
-0.18249 0.09106 -0.26971
-0.51878 -0.50124 -0.17317
0.27938 -0.39699 -0.28406
0.09282 0.61356 0.17381
0.32434 0.34822 0.43257
-0.18310 -0.07375 0.12717
-0.01795 -0.36890 -0.13628
-0.30496 0.13951 0.01520
0.10363 -0.05356 0.39060
-0.23044 0.49433 0.09045
-0.13271 -0.08867 -0.22731
0.14245 0.44725 0.42627
-0.11278 0.69378 0.00495
0.01707 0.20734 -0.09975
0.37459 0.52956 0.20475
-0.45781 -0.13758 -0.30535
0.03177 0.61356 0.01401
0.11066 0.11855 -0.02003
0.41715 0.20550 0.34204
0.15226 -0.45034 0.43528
0.36415 -0.08457 0.19586
-0.00102 -0.18333 0.29445
-0.33102 0.19559 -0.39313
0.33130 0.61356 0.27551
-0.39330 -0.56079 -0.05250
0.19791 0.46675 0.05329
0.10350 -0.61134 0.25987
0.32382 -0.50535 -0.61293
0.23376 0.07726 0.08481
-0.48700 0.40202 -0.14154
-0.05535 -0.21327 -0.16197
-0.14985 0.08768 0.15771
-0.32025 0.32833 0.00549
-0.32163 -0.61134 -0.20741
-0.06924 0.64669 0.23305
0.29783 -0.41406 0.48092
0.18123 -0.48226 -0.46063
0.17688 -0.61134 0.06852
-0.37382 -0.02063 -0.04806
0.30080 0.64599 0.47542
-0.28768 0.43184 -0.37913
-0.04798 0.48166 -0.16731
0.33091 -0.61134 0.42484
-0.43737 0.32991 -0.33360
-0.27068 -0.32817 -0.36022
0.35789 -0.46304 -0.36676
-0.44103 0.63830 -0.09382
-0.02234 -0.61134 0.23039
0.14074 0.35512 0.42470
0.10106 -0.37555 -0.18723
0.19112 0.34099 0.47099
-0.26777 -0.55269 0.05951
0.10462 -0.00209 -0.02518
0.44038 -0.32952 0.29138
0.15425 0.69378 0.38036
0.44361 -0.37178 -0.38738
0.34106 0.52445 0.40902
-0.49428 0.05270 -0.15783
0.30178 0.07272 0.46672
0.40824 0.30681 0.23341
-0.00967 -0.47250 -0.25946
0.04790 -0.33198 -0.07557
-0.30137 0.64029 -0.25763
-0.07118 -0.31996 0.22999
-0.07155 0.69378 0.13193
0.37912 -0.61774 0.21901
0.30458 0.67300 0.14633
-0.28590 -0.28496 0.03580
0.03587 0.07570 0.32835
0.16362 0.23775 0.44572
-0.08997 -0.61134 -0.06436
-0.02760 -0.62718 -0.35896
-0.11844 0.61356 -0.05231
-0.45995 -0.13296 -0.12407
-0.35084 0.52195 -0.01643
-0.47325 0.34133 -0.29321
-0.38591 0.54681 -0.38708
0.36895 -0.25895 0.40814
-0.41851 0.16737 -0.08687
0.43587 0.02708 0.27336
0.36942 -0.23539 0.20035
-0.20473 -0.06696 -0.28865
-0.52586 0.56589 -0.21020
-0.11945 -0.61134 0.05451
0.29700 -0.51156 0.13822
-0.09751 0.20431 0.20580
-0.13936 0.68349 -0.13334
0.22475 -0.61134 0.29144
-0.45782 -0.31590 -0.11704
-0.28392 0.02184 0.03454
-0.22334 -0.20089 0.09020
0.03251 -0.09250 -0.08660
0.00783 0.42987 0.30259
0.33323 -0.11912 0.44031
-0.09338 -0.03307 0.20960
-0.51899 0.27785 -0.21173
-0.23227 -0.16353 -0.31768
0.17996 -0.43518 -0.41893
0.12499 0.35528 -0.00783
-0.21886 0.21582 -0.30685
0.21308 -0.56652 -0.44034
0.11123 0.61827 0.24660
0.27861 -0.13712 0.12300
0.37682 0.14473 0.39321
-0.47702 -0.49276 -0.29640
0.21627 0.69378 0.22453
0.07734 0.68193 -0.05685
-0.17776 0.43597 -0.28106
-0.14432 0.50842 0.16784
0.33200 0.06224 0.16848
-0.06406 -0.46367 0.23916
-0.45517 0.03584 -0.30343
-0.10263 0.16933 -0.20169
-0.05749 -0.49238 -0.17778
-0.25179 0.26372 0.06489
-0.50700 0.10836 -0.17003
0.20800 -0.49344 -0.37745
0.26452 0.54053 0.10917
0.01228 -0.51978 -0.42389
0.12133 0.56873 -0.02026
0.01124 0.61356 0.08025
-0.37049 -0.61134 -0.28386
0.32599 -0.52084 -0.24959
-0.51089 -0.31810 -0.23976
0.16179 -0.00496 0.44403
-0.12751 0.44486 0.18109
0.23521 0.33766 0.08604
-0.43618 -0.23913 -0.30492
-0.42902 -0.06587 -0.33383
-0.38009 0.18983 -0.37987
0.08172 -0.58670 -0.05801
0.40907 -0.46983 0.23412
0.22902 -0.32093 0.08077
0.10603 -0.34785 0.39281
0.17208 -0.46702 0.02874
0.22662 0.68089 0.49232
0.32466 -0.39306 -0.39345
0.35557 0.67002 0.19192
0.04362 0.32142 -0.07742
0.35312 -0.47488 -0.58729
-0.28066 -0.45016 -0.37521
0.09051 0.54978 0.38728
0.37547 0.24957 0.39909
0.18765 0.10940 0.46780
-0.42472 -0.49445 -0.35373
-0.10217 -0.59971 -0.34271
0.36490 0.19153 0.19650
0.17014 -0.09459 0.03062
-0.30477 -0.41233 0.02250
-0.08889 -0.14975 0.21372
-0.09281 0.32996 0.21012
-0.36779 -0.13565 -0.38630
0.20549 -0.11990 0.48419
-0.12332 -0.41527 -0.23280
0.44117 0.46388 0.28693
0.14615 -0.46957 -0.26124
0.15082 0.10844 0.01417
0.11220 -0.24946 -0.01873
0.43552 0.50949 0.32460
-0.52545 -0.56333 -0.18902
0.40118 -0.41850 0.37500
-0.41791 0.33890 -0.08152
0.19728 -0.41757 -0.20928
-0.03944 0.69378 -0.05877
0.09458 -0.17300 0.38228
0.32644 -0.62173 -0.56728
-0.39614 -0.22603 -0.06441
-0.42239 0.43733 -0.35517
0.37945 -0.16951 0.39224
0.20216 -0.34354 0.48113
-0.25448 -0.61134 -0.30751
-0.07704 -0.61134 -0.16819
0.24325 -0.56683 0.50089
0.38504 -0.41546 -0.49243
-0.12873 0.61827 -0.18254
-0.02464 -0.10080 -0.13527
0.05601 -0.44434 -0.36470
-0.14741 -0.61134 -0.13658
-0.20716 0.42914 0.10944
-0.26279 0.54582 -0.36256
0.22542 -0.61134 0.40389
-0.08309 0.11240 -0.18505
-0.35291 0.29267 -0.39554
0.41829 -0.58433 -0.57445
0.00474 -0.37053 0.29974
0.35474 -0.48676 0.40440
0.03790 0.37231 0.33021
-0.31219 0.64029 -0.14350
0.05342 0.17361 0.34447
0.06243 -0.44052 -0.06798
-0.49110 -0.02750 -0.25758
-0.23658 0.62740 0.08344
-0.20176 0.69378 0.05536
0.28698 -0.22751 0.48399
0.21646 0.61827 0.27984
0.38106 0.37625 0.21026
-0.12061 0.68295 0.18712
0.28952 0.61356 0.37049
0.19742 0.69378 0.14607
-0.47004 0.58373 -0.30650
-0.51567 -0.15083 -0.21695
-0.30931 0.56648 0.02194
0.09824 -0.61134 0.14558
0.31472 0.44707 0.46723
0.37382 -0.40438 -0.32210
-0.18262 -0.34820 0.12992
0.38940 0.64029 0.39772
0.02835 -0.41621 -0.25543
-0.46881 -0.40609 -0.12434
-0.18439 0.34879 -0.28265
-0.13772 0.45252 -0.24608
0.03520 -0.61134 -0.04523
0.26399 -0.48601 -0.50688
-0.03004 0.27911 -0.14118
0.47313 -0.44685 -0.40611
-0.39262 -0.31405 -0.37531
0.07190 0.03151 -0.05305
0.16027 0.61356 0.07561
-0.39336 0.64029 -0.33810
0.02778 -0.57346 0.32434
-0.37932 0.26414 -0.04912
-0.29303 -0.61134 -0.13784
-0.25660 -0.22895 0.06043
-0.26968 -0.09854 0.04762
0.29654 0.26896 0.46190
-0.02491 0.13985 0.27250
0.05382 0.63914 0.34866
-0.25617 0.10907 -0.33490
-0.22390 -0.45942 0.09612
-0.36990 -0.43520 -0.39527
-0.21700 -0.48887 -0.32022
-0.29806 0.43493 0.02832
-0.24881 0.00947 -0.32620
0.09541 -0.51980 0.39194
-0.21964 0.61827 -0.07838
0.25530 -0.61134 0.20819
0.17176 -0.20430 0.03200
0.39151 0.04439 0.37081
0.09314 -0.44822 -0.39312
-0.18414 0.03218 0.12621
-0.08936 -0.61134 0.14814
-0.40846 -0.60412 -0.37172
-0.18704 0.58650 0.13183
-0.34200 0.61356 -0.05627
-0.45848 -0.57163 -0.11047
-0.35750 0.06781 -0.03307
0.23752 -0.44013 0.08801
-0.50604 -0.39999 -0.25135
0.19543 0.20596 0.05216
-0.02396 0.69378 0.25045
-0.46732 0.53475 -0.12022
0.32834 0.69378 0.36700
-0.00770 -0.29030 -0.12320
0.22642 -0.52102 -0.24918
0.02671 0.61933 -0.10117
0.15285 -0.55251 -0.37017
-0.08963 -0.00633 -0.19063
0.28662 -0.52324 -0.40428
0.30224 0.39849 0.14313
0.14462 0.69378 0.25937
0.42941 0.22667 0.25383
-0.02082 0.39752 -0.13883
-0.07424 0.08789 0.22718
-0.21748 -0.61134 -0.21751
-0.16886 -0.35685 -0.27061
-0.00774 0.69378 0.03608
-0.00630 0.10863 -0.11965
0.29195 -0.31854 0.13437
0.43306 0.59212 0.25900
-0.04528 0.61356 0.15114
0.33335 0.00443 0.16963
0.43161 -0.27979 0.25749
-0.32879 -0.61134 -0.03512
0.10031 0.21971 -0.02885
0.07707 -0.45991 -0.17498
-0.09865 0.58244 0.21074
-0.36114 -0.45622 -0.02668
-0.16930 0.21121 0.13984
0.21886 0.62836 0.48902
-0.22969 0.50458 -0.33091
0.25737 -0.28547 0.49770
-0.51021 0.64029 -0.18289
-0.06869 0.61356 0.03428
0.19554 -0.39757 -0.33169
-0.17481 0.69378 -0.03929
-0.14258 -0.41121 0.16748
-0.07945 -0.28123 -0.18691
-0.39818 -0.61134 -0.12211
-0.23396 0.64029 -0.33368
0.23338 0.58575 0.49898
-0.22342 0.66230 -0.09384
-0.33955 -0.25849 -0.01290
0.04213 -0.11741 0.33410
-0.23206 0.64031 -0.18545
0.18195 -0.36875 -0.24010
0.33569 -0.57260 -0.66878
0.00039 -0.55965 -0.29252
-0.20894 -0.60350 0.11354
0.22112 -0.45905 0.49456
-0.19206 0.61356 0.00901
0.01851 -0.05081 0.31240
-0.47032 -0.21558 -0.13103
0.42367 -0.57229 0.34908
-0.17322 -0.47946 0.14200
-0.27153 0.28144 -0.35721
-0.09310 -0.55324 -0.41017
-0.29175 0.09768 -0.36614
-0.40859 -0.05805 -0.08001
-0.05687 -0.10461 0.24314
0.03745 -0.57476 -0.40515
-0.39263 0.09822 -0.35835
0.36413 -0.51830 0.19584
-0.40506 0.64029 -0.14281
0.05376 0.69378 0.02418
-0.36567 -0.33218 -0.39373
-0.39482 -0.19804 -0.35941
-0.05319 -0.24118 0.24652
-0.15766 -0.16689 0.15054
0.43766 -0.41938 0.26985
-0.03578 0.52590 0.26537
-0.45183 0.43555 -0.10915
-0.25041 0.06081 0.06532
0.41620 -0.50134 -0.43327
0.01044 0.61827 0.24326
0.40067 -0.53200 -0.64734
-0.04143 -0.55011 0.26181
0.39105 -0.03583 0.37226
0.16298 0.56693 0.44513
0.27299 -0.42805 0.11822
0.16296 -0.46436 -0.14368
0.17728 -0.55187 0.45827
-0.15793 -0.15894 -0.25098
-0.09431 0.56196 -0.21272
0.13748 -0.61134 0.31888
-0.32923 -0.04391 -0.00709
-0.11218 0.40061 -0.22067
-0.00258 -0.61134 0.14284
-0.02584 0.05781 0.27165
-0.02702 0.34327 0.27056
0.29746 -0.61134 0.24149
0.42012 -0.38215 0.34634
0.28947 0.61356 0.18906
0.10164 -0.07376 -0.02772
0.43501 0.29261 0.31416
0.00900 -0.18410 -0.10662
-0.37293 0.42023 -0.39195
0.25504 0.14595 0.49584
0.04505 0.54310 -0.08718
-0.51558 0.42328 -0.23418
0.43200 0.16061 0.31473
-0.48138 0.25029 -0.27906
-0.43314 -0.48314 -0.09029
-0.52297 -0.39316 -0.20274
0.33463 -0.32741 0.17072
-0.44973 0.37517 -0.32208
0.42698 -0.40609 -0.46938
0.43684 -0.07850 0.27658
0.44394 -0.42872 -0.33283
-0.32691 -0.36326 0.00133
0.13011 0.47044 -0.00751
0.25070 0.40068 0.49954
0.26845 0.48263 0.11436
0.08134 -0.24416 0.37012
0.09599 0.30299 0.38358
-0.34779 0.37091 -0.39907
0.09939 0.05431 0.38670
0.27637 0.51843 0.46030
-0.22925 -0.61134 0.03635
-0.37165 0.39598 -0.03856
-0.21037 -0.31692 -0.30574
0.31664 -0.50645 -0.46926
-0.13255 0.58526 0.18051
-0.30314 0.64029 -0.33930
-0.50267 0.48775 -0.15314
0.12146 -0.61134 0.01108
0.09822 0.23787 0.38563
-0.25922 -0.61134 -0.36294
0.43763 0.37824 0.27061
0.05986 0.17772 -0.06330
0.23492 -0.07149 0.08579
-0.15943 -0.01416 -0.25006
0.29322 -0.61134 0.34625
0.26700 -0.46219 -0.32088
-0.30199 0.20885 0.01847
0.17162 0.00586 0.03188
-0.43415 0.23543 -0.33353
-0.35017 -0.50508 -0.40411
-0.04049 0.61827 -0.07163
-0.27667 -0.06857 -0.35265
0.16303 -0.61134 0.19142
0.18426 0.57538 0.03568
-0.09589 -0.56270 -0.21561
-0.32371 -0.52308 0.00866
0.09167 0.61356 0.11026
-0.13426 -0.33078 -0.23837
0.15164 -0.13542 0.43471
0.41415 -0.23437 0.34906
-0.41101 0.55873 -0.05999
0.32533 -0.16509 0.16280
0.14276 0.61356 0.29985
0.04906 0.68432 0.18286
-0.21984 0.30126 -0.31198
-0.52143 -0.47980 -0.22515
-0.42103 0.09681 -0.09110
-0.01026 -0.30011 0.28596
-0.47042 -0.00025 -0.13681
0.43982 -0.59952 0.27375
0.08116 0.46457 0.36996
0.27386 0.04600 0.11896
0.01647 0.69378 -0.07695
-0.34954 0.48142 -0.40247
0.23337 0.63661 0.08267
0.36027 0.69378 0.25749
-0.51078 0.15462 -0.22963
-0.06398 -0.61134 0.00975
0.33069 -0.45897 -0.28077
-0.45768 0.31621 -0.11772
0.27149 -0.14813 0.49098
-0.06889 0.64129 -0.18760
0.41517 0.64670 0.35052
-0.39295 -0.61134 -0.22424
0.37359 0.44087 0.40892
0.04990 -0.25151 -0.07179
0.36832 0.28209 0.19941
-0.09710 -0.17188 -0.19724
0.30854 -0.44120 -0.50539
-0.23321 -0.61134 -0.15410
0.37339 -0.58740 -0.54129
-0.12834 0.24297 -0.22727
0.33047 -0.60489 0.16349
0.25236 0.03065 0.49485
-0.24005 0.36055 0.07811
-0.13460 0.13914 0.17172
0.02504 -0.00152 -0.09296
0.12330 0.61356 0.34941
-0.21565 -0.23379 -0.30632
-0.23661 -0.39637 -0.33315
-0.17897 0.61827 -0.15139
0.10202 -0.60078 0.39149
-0.10732 -0.49519 -0.22247
0.37058 -0.64404 -0.64871
0.12706 0.65086 -0.01239
-0.40335 0.00965 -0.35736
-0.20975 0.67204 0.10742
0.40093 -0.02587 0.22719
0.41371 -0.18509 0.23807
-0.13826 -0.61134 -0.00980
-0.25251 0.64029 -0.23971
0.32767 0.32841 0.16479
0.08421 0.38565 0.37276
0.35765 0.58995 0.43206
-0.01612 -0.61134 -0.10563
-0.49888 0.33221 -0.15411
0.10035 -0.39376 -0.26546
0.36855 0.61356 0.31159
0.25993 -0.40745 -0.39772
-0.00976 0.69378 0.11622
-0.04204 0.19121 -0.15009
-0.43472 0.52847 -0.34557
0.20890 -0.61134 0.48188
0.39918 -0.37202 -0.37554
0.37625 -0.57416 0.41232
-0.17094 0.17333 -0.26190
0.27316 0.69378 0.45075
-0.50117 0.18252 -0.16035
0.31275 -0.24776 0.15209
-0.49014 -0.61134 -0.15591
0.15510 -0.51436 -0.40755
0.40609 -0.10703 0.35508
0.12348 0.69378 0.07030
0.06236 -0.61134 0.05837
0.37706 0.07823 0.20685
-0.29915 -0.13218 -0.37592
0.23687 0.41427 0.08745
-0.15243 -0.61134 -0.18814
-0.50192 0.07945 -0.24211
0.21613 0.23112 0.49188
0.00599 -0.44601 -0.11872
-0.07771 -0.11771 -0.18047
-0.31855 -0.61134 -0.28498
-0.50604 0.50590 -0.25394
0.32459 -0.37133 -0.31755
0.19340 -0.53379 -0.29956
0.14338 -0.49842 -0.35446
0.15193 -0.05134 0.01512
0.10884 0.69378 0.31846
0.40325 -0.48529 -0.34152
-0.03336 -0.53152 -0.15815
-0.07301 0.39802 0.22850
0.00957 0.65687 0.30352
0.22984 -0.44062 -0.45847
0.22547 -0.15012 0.07774
0.29104 -0.07056 0.47652
-0.12671 -0.33381 0.17951
-0.08755 -0.35777 -0.19796
0.42646 0.64808 0.25703
0.17381 0.61356 0.21718
0.40498 -0.30719 0.36515
0.09932 -0.42462 0.38664
-0.22731 -0.33808 0.08968
-0.50451 0.20022 -0.24324
0.11003 -0.41105 -0.35533
0.28880 -0.55911 -0.53984
0.35315 0.07318 0.41718
-0.11433 0.02196 0.19035
-0.08299 0.68172 -0.16832
0.11263 0.61356 0.02147
0.30736 -0.08125 0.14749
0.15717 -0.36769 0.43980
0.32092 0.53685 0.15904
-0.05703 0.27391 0.24299
-0.50959 0.61975 -0.25345
-0.30039 -0.18504 -0.37965
0.01211 0.50838 0.30770
0.38894 -0.31907 0.21697
-0.26053 0.57133 0.06569
-0.48968 0.59196 -0.13861
0.23757 0.16036 0.08805
-0.51397 0.00021 -0.19881
-0.15388 -0.02820 0.15401
-0.30465 0.08038 0.01549
0.37551 0.32464 0.40204
-0.05505 -0.52436 -0.29853
0.08288 -0.51555 -0.40127
0.13250 0.69378 0.17321
-0.09303 -0.54173 0.21543
0.02562 0.61827 0.15722
-0.51046 -0.30611 -0.16661
-0.38473 0.64029 -0.27653
0.26546 0.61827 0.45607
0.02921 -0.58614 -0.35389
0.41383 -0.48769 0.36031
-0.15818 0.61827 -0.10911
-0.27278 0.16844 -0.35270
0.38937 -0.40405 0.21734
0.13062 -0.55260 -0.01259
-0.40622 -0.13924 -0.07586
-0.19726 0.26108 0.11416
0.34615 0.59423 0.17948
-0.17570 0.26939 -0.27093
-0.07235 -0.40765 0.23017
-0.13995 0.69378 0.09513
0.04565 0.11091 -0.07541
0.22960 0.09606 0.49606
-0.05010 -0.53981 -0.42527
-0.11481 0.26317 0.18991
0.21336 -0.51420 0.06330
-0.19078 -0.61134 -0.02129
0.32363 0.55711 0.46321
0.13448 -0.19804 0.41895
0.05465 -0.49351 -0.23013
-0.02961 -0.46959 0.27012
0.35347 -0.42917 0.43140
-0.41818 0.00460 -0.08881
-0.25828 -0.53307 -0.35933
-0.05581 -0.41296 -0.17232
-0.26754 -0.48920 0.05794
0.16735 -0.48673 -0.20215
0.21155 0.53053 0.06231
-0.35337 -0.18604 -0.02730
-0.18716 -0.25363 0.12343
0.05835 -0.61134 0.33581
0.32599 0.14078 0.16336
-0.33900 0.64029 -0.18206
0.25172 -0.58572 -0.39440
0.13025 0.64029 0.41601
0.18871 0.37561 0.04644
-0.01442 0.57415 0.28582
0.07985 -0.49809 -0.05527
0.23843 -0.26585 0.08878
-0.08875 0.61827 -0.00511
-0.49461 0.25721 -0.15239
-0.50084 -0.54079 -0.14921
-0.35616 0.15670 -0.03142
-0.38016 -0.26366 -0.38314
0.29185 -0.61134 0.48512
-0.25419 0.18025 0.06185
-0.28300 0.48937 0.04331
-0.07817 0.15924 0.22357
-0.09375 0.61827 -0.11776
0.29775 0.33504 0.47740
0.34662 0.67229 0.43474
0.16475 -0.07536 0.44676
-0.29757 -0.60509 0.03433
0.41077 -0.55492 0.23556
0.48223 -0.46443 -0.33861
0.12256 -0.15562 -0.00990
-0.11182 -0.08697 0.19265
0.05664 -0.36904 0.34743
0.30951 -0.59900 -0.60612
0.33186 0.19280 0.44325
-0.32083 -0.38502 -0.39901
-0.47837 -0.20393 -0.26170
-0.16517 0.50958 -0.27347
0.32844 -0.44101 0.16544
0.31207 -0.53274 -0.35889
-0.21609 0.18742 0.09686
-0.10453 0.48962 -0.21826
0.08121 -0.00900 0.37000
0.42131 0.09456 0.33112
-0.47269 -0.34436 -0.29537
0.01416 0.44412 -0.10987
-0.46404 -0.42774 -0.30949
0.42712 -0.53325 -0.52294
-0.23423 -0.04887 0.08019
0.44239 0.58361 0.30494
0.09034 0.28895 -0.03735
0.07864 0.61356 -0.04130
0.27571 -0.47706 -0.36914
0.42641 0.52218 0.24957
0.14782 0.06112 0.43120
-0.13113 0.63709 -0.24324
-0.13012 0.09877 -0.22511
-0.23536 0.61827 -0.14837
-0.00845 0.69378 0.18524
-0.11898 0.03016 -0.21562
-0.03495 -0.04488 -0.14405
0.43876 -0.22003 0.29371
0.43424 -0.51883 -0.57304
-0.01486 0.61356 -0.03188
-0.28565 0.62926 0.03791
0.03885 -0.38642 -0.08637
-0.02090 -0.48125 -0.38011
-0.40320 -0.29130 -0.06890
0.22648 -0.50809 -0.43072
-0.36726 0.64029 -0.08096
0.33358 -0.28069 0.44570
0.17676 -0.61134 0.13426
0.28545 0.61827 0.25225
-0.51221 -0.19700 -0.17438
0.25153 0.69378 0.10542
-0.42296 0.18491 -0.33309
-0.18850 0.53869 0.12918
-0.45487 0.11424 -0.30669
-0.31434 0.52436 -0.40116
0.10029 -0.40580 -0.03240
0.34372 -0.20258 0.43298
0.45017 -0.47754 -0.47773
-0.29766 -0.19045 0.02264
-0.05224 -0.61134 0.08164
-0.45682 -0.54476 -0.32236
-0.34256 0.12891 -0.39131
0.40368 -0.55149 -0.51064
-0.34346 0.45091 -0.01182
-0.16507 -0.61134 0.15080
-0.45959 -0.03405 -0.29936
-0.41954 -0.14525 -0.34584
-0.39371 0.33929 -0.37485
-0.22801 -0.13441 0.08590
0.27404 -0.38741 -0.34769
-0.35982 0.22241 -0.03285
0.17989 -0.47773 -0.31551
0.30531 -0.46167 0.40836
0.26621 0.48398 0.47166
-0.51220 -0.08487 -0.22350
-0.09669 -0.53117 -0.36483
-0.04402 0.44149 0.25564
0.00437 -0.43975 -0.32698
0.19408 0.68822 0.31252
0.28447 -0.49180 -0.56196
0.16807 -0.32529 0.02886
-0.39149 0.25294 -0.37250
0.23025 0.29703 0.49710
-0.15848 0.38879 0.15183
0.19893 0.61827 0.33974
0.15460 -0.36770 -0.18964
0.07435 0.37412 -0.05258
0.00407 0.34946 -0.11418
0.23943 -0.44097 -0.24326
0.27922 -0.35167 0.49161
0.40276 0.13303 0.22874
0.19759 0.12349 0.05400
-0.28530 0.38007 0.03819
-0.23552 0.44516 -0.33316
-0.11602 -0.49103 0.19347
0.19848 0.28366 0.05476
-0.42268 -0.30140 -0.32202
-0.06436 0.38024 -0.17690
0.10122 0.17306 0.38838
-0.07159 0.61356 0.10388
-0.49097 -0.45082 -0.14290
0.39663 0.44887 0.22352
0.37775 0.69378 0.33612
0.33082 -0.56523 0.45803
0.30761 0.69378 0.21136
-0.27168 0.61061 -0.37373
-0.26486 0.68280 0.05515
0.20103 0.03817 0.48009
-0.03287 0.20338 0.26519
0.24265 0.23802 0.09238
-0.16383 0.69378 0.14822
-0.05349 -0.58405 -0.31066
0.21566 -0.51221 0.49182
-0.47616 -0.28633 -0.26488
0.27413 -0.58786 0.11397
-0.02531 -0.60950 -0.41517
0.14446 0.19446 0.00876
0.27868 0.10899 0.12306
0.25894 -0.53737 0.10290
0.32926 0.61356 0.40562
0.20461 -0.58682 -0.37029
0.13322 -0.29592 0.41778
0.23292 -0.20327 0.49731
-0.10412 -0.60193 0.20721
0.05503 0.67993 0.34417
0.08090 -0.51508 -0.28061
-0.13519 0.63190 0.17245
0.18545 -0.38673 0.04366
0.05376 -0.17818 0.34478
0.00809 0.17526 0.30282
-0.45119 0.29323 -0.31752
0.02055 0.26705 -0.09678
0.38076 -0.62797 -0.59530
-0.26001 -0.41471 0.06258
0.23333 -0.38200 -0.30836
0.17030 0.50036 0.02693
0.27696 -0.53893 -0.27314
0.17666 -0.61134 0.34833
-0.37428 0.64029 -0.22812
0.23167 0.61827 0.22261
0.37123 -0.39817 -0.43527
-0.28700 0.61356 -0.04669
-0.19628 0.61356 -0.22195
0.03471 0.61356 0.29312
0.17829 -0.61134 0.25265
0.31799 -0.53477 0.39418
0.01450 -0.61134 0.29043
-0.26356 -0.20214 -0.34758
-0.38420 0.63285 -0.39145
-0.04194 0.32781 -0.15424
-0.14691 0.61356 0.04635
0.40880 0.31750 0.35897
-0.27311 -0.61134 -0.23459
-0.27012 0.21983 -0.35288
0.29367 -0.02154 0.13583
0.14763 -0.35273 -0.25867
0.06274 -0.30024 0.35303
0.36427 0.61827 0.22019
-0.06073 0.69378 -0.11397
-0.33820 0.64032 -0.02614
-0.18336 0.48237 0.13220
0.05905 -0.04213 -0.06399
0.15053 0.39739 0.01392
0.09709 0.50479 -0.03875
-0.06128 0.59021 0.24437
-0.25232 0.44138 0.06940
-0.50626 0.36536 -0.24756
0.28193 0.33517 0.12583
-0.22873 -0.56634 -0.33457
0.18986 0.05670 0.04742
-0.40388 0.49047 -0.37457
-0.17953 0.68747 -0.08713
0.37939 0.00690 0.20884
-0.32921 -0.61134 -0.34338
-0.23562 0.61827 0.00686
-0.17066 -0.61134 -0.07889
0.20664 0.16981 0.48524
0.09602 -0.30642 -0.03250
-0.27453 0.49202 -0.37037
0.10837 -0.46816 -0.02828
0.04541 -0.61134 0.10606
0.30576 0.47462 0.42829
0.11380 0.42042 -0.01961
0.24966 0.59267 0.09329
0.32064 -0.41818 -0.46233
0.03845 0.00333 0.33071
0.36424 -0.08416 0.40656
-0.23145 0.39458 -0.32700
-0.36582 0.58298 -0.02811
-0.30505 0.33403 -0.38906
0.33726 0.14949 0.43639
0.23009 0.61827 0.37263
-0.07157 0.69207 0.04416
0.42838 0.41869 0.33366
-0.01605 0.61356 0.21178
0.22692 0.44808 0.49651
0.11457 0.10252 0.40065
-0.09493 -0.06736 -0.19513
-0.35753 0.30800 -0.02840
0.33046 -0.55368 0.16603
0.25601 0.61827 0.31145
0.37251 -0.45320 -0.30728
-0.50452 -0.13745 -0.16444
-0.43310 0.58433 -0.34627
-0.51380 -0.60239 -0.24731
-0.06431 -0.19623 0.23630
-0.50348 -0.23703 -0.24317
0.27660 -0.49750 -0.23170
0.06138 0.61356 0.05909
0.36634 0.38970 0.41509
0.04306 -0.42893 0.33495
0.40339 -0.58411 -0.67782
0.21858 -0.46044 -0.28774
0.18345 0.69191 0.45899
-0.01708 -0.11171 0.27970
0.13658 -0.41493 -0.16266
-0.12196 -0.20939 -0.22133
-0.04191 0.61356 -0.13843
0.29658 0.38761 0.48034
0.44288 0.63862 0.30713
0.08525 -0.11273 0.37372
-0.04108 -0.31272 -0.15417
-0.26303 -0.61134 -0.00046
-0.36188 -0.58636 -0.40366
-0.42037 -0.41211 -0.08087
0.17887 -0.26193 0.03806
-0.16062 -0.61134 0.08396
-0.36854 -0.61134 -0.07233
-0.40621 -0.54178 -0.37202
-0.51806 0.43663 -0.17626
0.35346 -0.61134 0.37834
-0.07777 0.05610 -0.18052
0.39189 -0.52023 0.39136
-0.19307 -0.54532 0.12609
0.41928 -0.35695 0.24281
0.43795 -0.45043 0.31669
0.28457 0.61356 0.13449
0.19699 -0.04390 0.05349
-0.05914 0.24702 -0.16560
0.10499 0.69378 -0.00247
0.13532 0.03827 0.00097
-0.06995 -0.61134 -0.11000
-0.10833 -0.19368 0.19587
-0.32958 0.38398 -0.00128
0.03043 -0.60273 -0.10466
-0.04351 0.13244 -0.15134
0.39892 0.64893 0.23069
-0.43701 0.64029 -0.30079
0.10192 -0.48780 -0.21693
-0.39351 -0.50471 -0.04983
0.02541 0.05221 -0.09264
-0.20630 -0.37689 -0.30508
-0.46845 -0.48441 -0.12183
-0.38866 -0.05224 -0.36967
0.25465 -0.45213 -0.49347
0.31277 0.27552 0.15210
0.16751 -0.52332 0.02185
0.17743 0.63437 0.45361
0.26716 0.69378 0.16904
-0.05714 0.59677 -0.18122
-0.43363 -0.18486 -0.30580
-0.00097 0.10335 0.29450
0.26673 -0.56119 -0.43859
-0.04677 -0.61134 0.18524
0.33958 0.61356 0.34755
0.05269 0.23326 -0.06941
-0.04705 -0.15142 -0.15435
-0.05532 -0.00017 -0.16140
-0.20378 -0.12648 -0.29036
0.16374 0.51089 0.44583
0.43404 -0.27075 0.31705
0.42750 0.16700 0.25118
-0.15085 -0.09407 0.15680
0.40048 0.61356 0.26998
0.28588 -0.44904 -0.25937
-0.22913 0.14495 -0.31251
-0.30933 -0.31860 -0.39206
0.47098 -0.40283 -0.36896
-0.32171 0.48562 0.00860
0.07239 -0.41836 -0.31883
0.34869 -0.51019 -0.29054
-0.26676 0.11151 0.05030
-0.13593 0.35438 -0.23960
0.03363 -0.61134 0.18002
-0.36422 -0.54137 -0.02704
-0.18554 -0.52429 -0.29386
0.47189 -0.49628 -0.38624
-0.34977 -0.20038 -0.39400
0.11971 -0.46861 -0.43125
0.39194 0.23370 0.21953
0.11280 -0.49418 -0.31643
-0.17452 0.61356 -0.04232
-0.06899 0.03344 0.23200
0.41134 -0.47537 -0.58526
0.43062 -0.01190 0.31173
0.25363 -0.61134 0.44690
-0.00726 0.16239 -0.12047
-0.41401 0.04715 -0.33702
-0.23992 -0.27859 0.07673
-0.22690 -0.51414 0.09497
0.07332 0.09533 0.36276
0.03169 0.69378 -0.02573
-0.15850 -0.29472 0.14999
0.20671 -0.22610 0.06177
-0.24726 -0.28463 -0.33711
0.05097 0.50049 0.34222
-0.46841 -0.08638 -0.29061
0.00964 -0.13490 -0.10608
-0.44715 0.57664 -0.10102
0.16892 0.69378 0.09961
0.34526 -0.48987 -0.43450
-0.47347 0.12527 -0.13719
-0.32616 -0.59207 0.00840
-0.37358 -0.08407 -0.04784
-0.44992 -0.59360 -0.33124
0.13289 0.61356 0.14211
-0.25921 -0.61134 -0.09568
-0.43189 -0.53049 -0.08785
0.31146 -0.32287 0.46694
-0.03524 0.64552 0.26345
0.08936 0.61827 0.32242
-0.19621 -0.17926 -0.28622
0.41057 -0.23763 0.23540
0.16339 0.39924 0.44551
-0.07387 0.51407 0.23099
-0.30600 0.25208 -0.38609
0.28660 0.68866 0.33028
-0.32997 -0.30885 -0.00293
0.06148 -0.39906 -0.21704
-0.14641 0.29495 0.16088
-0.21770 0.55461 -0.32268
0.36945 -0.45922 0.20037
0.41474 -0.18112 0.34588
0.31207 -0.54289 -0.63029
-0.10476 -0.42947 0.20180
-0.50958 -0.52458 -0.25135
-0.44403 -0.04687 -0.11225
0.04329 -0.48039 -0.08708
-0.18993 0.09304 0.12089
0.07140 0.69378 0.22902
0.22520 0.61827 0.41881
0.27422 -0.50152 0.49668
0.30326 0.12457 0.46704
-0.16562 0.69378 0.01797
-0.29460 0.25922 0.02650
-0.39495 -0.39109 -0.37622
0.00237 -0.52359 -0.26746
0.29019 0.69378 0.40346
0.09149 0.60221 0.38130
0.14222 -0.41754 -0.39355
0.32569 0.69378 0.29310
0.12708 0.59831 0.41302
0.07458 -0.48032 0.36391
-0.52472 0.51335 -0.20927
0.38579 -0.43537 -0.53899
0.30783 0.69159 0.46982
0.13758 -0.51027 0.42180
-0.31167 0.64031 -0.08374
-0.07015 0.61356 0.18864
0.43686 0.22848 0.30398
-0.41816 0.13296 -0.33511
0.15275 -0.50891 -0.16219
0.40584 -0.06936 0.23137
-0.03504 0.69378 -0.00486
0.06486 -0.56527 0.35726
0.32937 0.30842 0.43707
-0.17616 -0.13305 0.13354
-0.07360 0.69378 0.18266
0.11390 0.50521 0.40004
0.13413 -0.40497 0.41862
-0.40889 -0.44776 -0.36646
0.23443 0.69378 0.41790
-0.42545 -0.61134 -0.26409
-0.17043 -0.61134 -0.26005
-0.01682 -0.24012 -0.12886
-0.00520 -0.42957 0.29083
0.36525 -0.57411 0.19612
-0.08979 -0.24068 0.21289
0.06338 -0.53961 -0.40283
-0.21113 -0.00354 0.10141
-0.34252 -0.61134 -0.12496
-0.38449 0.18419 -0.05598
-0.31277 -0.08589 -0.38427
-0.40519 0.39128 -0.35332
-0.47652 0.50992 -0.29558
-0.50037 0.58233 -0.26584
0.35563 0.47462 0.42511
-0.51745 0.38538 -0.17772
0.05869 0.42413 0.34931
0.25013 0.52407 0.50076
0.00032 -0.03896 -0.11401
0.18309 -0.48668 0.46361
0.26653 -0.48847 0.11212
0.44798 -0.51011 -0.36034
-0.27550 0.62732 -0.17531
0.13715 -0.58262 0.42238
-0.21253 -0.00660 -0.29529
0.12617 -0.37490 -0.22877
-0.08878 -0.43622 -0.20296
0.17613 -0.31853 0.45721
0.17414 0.29646 0.45538
0.43337 0.37082 0.32236
0.19381 0.62379 0.04180
-0.42707 -0.25455 -0.09127
0.36098 0.01251 0.40644
0.41540 -0.38665 -0.42743
0.19684 0.55275 0.47624
-0.33668 0.26650 -0.01092
0.20682 -0.41353 -0.38425
-0.21442 0.06462 -0.29690
-0.41631 -0.61091 -0.07167
-0.28649 0.01186 -0.35828
0.41862 -0.38964 -0.33235
0.28371 -0.36625 0.12735
0.22237 -0.56223 0.06896
0.15649 -0.40185 -0.35622
-0.17605 0.61356 0.08826
-0.38712 0.62922 -0.04587
-0.04551 0.42654 -0.16235
-0.26951 -0.61134 -0.18706
0.33855 -0.04432 0.17406
0.39600 0.57001 0.22298
0.38412 0.56193 0.40148
-0.30656 -0.48542 -0.39748
0.04110 -0.22368 0.33315
0.15544 0.62125 0.01299
0.43715 0.26483 0.27143
-0.09391 0.26053 -0.19736
0.19525 0.61356 0.10480
0.35382 -0.61948 -0.68508
-0.28394 0.32496 0.03787
0.05027 -0.48335 -0.41443
-0.40014 0.29723 -0.35590
0.29483 0.51496 0.41492
-0.05454 -0.05624 0.24528
-0.40295 0.22807 -0.07125
0.17713 0.24326 0.03658
-0.43074 0.47244 -0.34860
-0.11477 0.65183 -0.19236
0.22610 -0.37726 -0.25773
-0.01259 0.47997 -0.13557
0.14258 -0.49204 -0.12901
0.21322 -0.26751 0.49014
-0.20001 0.65328 -0.13491
-0.44337 -0.61134 -0.14751
0.36699 0.69378 0.39581
0.05399 -0.05014 0.34499
0.34835 -0.12873 0.18240
-0.01917 0.23358 -0.13061
-0.15348 0.06191 -0.24500
0.18250 -0.42570 0.46307
0.11901 -0.09943 0.40473
0.30869 -0.40351 0.14862
0.02340 0.50419 -0.10460
-0.38968 0.05266 -0.37057
0.39385 -0.52616 -0.46741
-0.27267 0.33160 -0.36073
-0.33761 0.10714 -0.01479
-0.43642 0.64029 -0.18059
-0.26329 -0.14545 0.05349
-0.50861 0.55207 -0.15665
-0.01067 -0.52545 0.28862
-0.24660 0.31069 0.07086
-0.15241 0.31152 -0.25221
-0.28291 -0.37201 -0.37333
-0.41010 0.60069 -0.06721
0.24817 -0.38680 0.49982
0.32401 0.63306 0.16371
0.05690 0.61356 0.24019
0.02866 -0.61134 0.24509
-0.38934 0.13764 -0.06162
-0.49604 -0.44310 -0.26839
0.29567 -0.55121 0.48659
-0.17298 -0.41538 -0.27721
0.46685 -0.40674 -0.41443
-0.00978 -0.56228 -0.42696
0.38733 0.09092 0.37807
-0.12528 0.58315 -0.24146
-0.47682 0.64029 -0.25256
0.20695 -0.61134 0.17855
-0.18242 0.22404 -0.27468
0.07529 -0.61134 0.00177
-0.36612 -0.39773 -0.03277
-0.34100 0.60542 -0.00530
0.11244 -0.46816 0.39869
-0.26471 0.64712 -0.06740
-0.31851 0.02159 0.00276
0.03248 -0.32278 0.32523
0.23490 -0.33820 0.49838
-0.14999 0.39650 -0.25427
0.29297 -0.53211 -0.50031
-0.28769 -0.58337 -0.38813
0.02398 0.61827 -0.03164
-0.48388 0.01777 -0.26628
-0.09743 -0.35820 0.20637
-0.48344 0.12388 -0.27116
-0.20837 0.61827 0.04835
-0.03091 0.39828 0.26699
0.23492 0.49582 0.08493
0.40542 -0.61134 0.25826
-0.26561 -0.15575 -0.34710
-0.45969 0.05035 -0.12696
0.33475 0.38037 0.17082
-0.38659 0.35775 -0.05300
0.27098 -0.41908 -0.46797
-0.25041 -0.60146 0.07640
0.09385 -0.61134 0.19144
-0.02476 -0.19104 -0.13537
-0.10538 0.63640 0.20074
0.19865 -0.07144 0.47790
0.20024 -0.60325 -0.41548
-0.09695 -0.61134 0.09482
0.44222 0.53943 0.28936
0.29230 0.15374 0.13467
-0.12146 -0.61257 -0.41554
-0.04272 0.61356 -0.00712
-0.06293 -0.50651 -0.38372
0.01020 0.54588 -0.11848
-0.38791 -0.18132 -0.05831
0.30035 -0.48445 -0.40487
-0.17377 -0.43078 0.14014
0.45328 -0.49104 -0.29632
0.41895 0.25129 0.34129
-0.44864 0.38987 -0.10757
0.02040 0.61827 0.20210
-0.02464 0.61827 0.03806
0.12931 0.30951 0.41419
0.07673 0.07672 -0.04893
-0.00611 0.47158 0.29038
-0.25217 -0.03802 -0.32922
-0.51828 0.21812 -0.20363
-0.11676 -0.03453 -0.21373
-0.21353 0.69200 -0.01532
-0.22245 0.53903 0.09884
0.37907 -0.18358 0.20857
-0.47086 0.07702 -0.28596
0.36511 0.61356 0.24647
0.14174 -0.25209 0.42561
0.10787 0.34732 0.39450
0.43841 -0.54973 0.27047
-0.51964 -0.45563 -0.17765
0.43221 0.61274 0.33573
-0.52019 0.32908 -0.19393
0.28612 -0.52906 -0.57485
0.10450 0.61356 0.07092
0.29793 -0.40592 -0.42625
-0.07234 -0.50459 -0.33529
-0.10425 0.61356 0.13505
-0.05320 -0.50319 0.24997
0.27361 0.29314 0.49231
-0.35074 0.64029 -0.30617
-0.35580 -0.05672 -0.38791
0.12294 0.02258 0.40835
0.28508 -0.19499 0.12851
-0.51461 -0.19504 -0.22449
-0.19202 -0.18970 0.11897
-0.21064 -0.61134 -0.09933
0.29978 0.38575 0.43486
-0.20412 -0.59781 -0.31413
-0.51225 -0.09448 -0.17972
0.29879 -0.46319 0.14019
-0.32578 -0.61134 -0.38805
-0.05825 0.54558 -0.17966
0.05761 0.62326 -0.07354
-0.21535 0.61329 0.10726
0.19478 -0.45437 -0.18402
-0.38852 0.14116 -0.36322
0.16179 0.61827 0.36447
0.30421 -0.18912 0.46916
-0.24580 -0.43791 -0.34343
-0.42442 0.51373 -0.08246
-0.07342 0.69378 -0.02761
0.35085 -0.27271 0.18454
-0.12526 0.38674 0.18147
-0.08921 0.61064 -0.21058
0.29718 0.44250 0.13882
-0.12988 -0.14633 0.17606
0.32457 0.23432 0.45146
0.32960 -0.50077 0.16643
0.24169 -0.60020 -0.43619
0.28875 -0.61134 0.14979
-0.20552 -0.42192 -0.30662
-0.12651 0.22408 0.17916
0.23854 0.61827 0.12347
-0.13073 0.19256 -0.22689
-0.40158 0.59510 -0.37609
0.32423 -0.07372 0.44735
0.16131 -0.17778 0.44360
0.17939 0.19902 0.46021
-0.48723 -0.25400 -0.14507
0.20913 -0.09999 0.06383
0.33432 -0.62854 -0.63061
-0.11853 0.07556 0.18649
-0.46837 0.47420 -0.12285
-0.11124 0.69378 0.06192
0.36281 -0.03323 0.40616
0.43039 -0.09620 0.31655
0.39754 0.60117 0.38625
-0.23335 0.61356 -0.03701
-0.33412 0.44007 -0.40203
0.42177 -0.51069 0.24494
0.26834 -0.24578 0.11426
0.36319 -0.35052 0.19504
-0.11576 -0.12665 -0.21288
-0.32328 0.17587 -0.00149
-0.12128 -0.57298 -0.37196
0.01593 -0.61134 -0.00574
-0.01216 0.69378 -0.11028
0.16730 -0.13834 0.02820
0.23412 -0.52079 -0.47203
0.04873 -0.45575 -0.20821
0.26051 -0.09671 0.49404
0.41531 0.41253 0.23943
0.25795 -0.38964 -0.43296
0.07985 -0.61134 0.29669
-0.29965 -0.61134 -0.07909
-0.03286 -0.57519 -0.15988
0.27256 0.09874 0.48879
-0.07404 -0.57666 0.23339
0.07974 -0.23236 -0.04637
0.29429 -0.56387 -0.59033
0.31873 -0.58966 -0.53148
0.31836 -0.46923 -0.34954
0.34626 -0.61134 0.29133
-0.08127 -0.52232 -0.20053
0.07582 -0.54369 -0.06115
0.13701 -0.09496 0.00241
-0.38842 0.02073 -0.06147
-0.48405 -0.55249 -0.28933
-0.20504 0.17511 -0.29247
-0.38105 -0.47779 -0.39030
0.02571 0.14560 -0.09239
-0.31050 -0.23852 0.01251
-0.04479 0.05894 -0.15243
-0.07543 0.61356 -0.04664
-0.30502 -0.55873 0.02637
0.06726 0.27025 0.35719
-0.30596 -0.07354 0.01429
-0.47639 0.29854 -0.28748
-0.46682 0.21330 -0.29619
0.17690 -0.56167 -0.33555
0.41188 -0.50561 -0.61236
-0.04582 -0.61134 -0.02940
0.33259 0.62538 0.45750
0.15504 0.15121 0.01776
0.12730 0.68779 0.13088
0.11299 0.61827 0.28356
-0.01106 -0.22414 0.28523
0.13385 0.61827 0.21219
-0.46180 0.26632 -0.12280
0.42977 -0.55065 -0.59760
0.01613 -0.46002 -0.36817
-0.47336 -0.38789 -0.29642
-0.00594 -0.59063 -0.32109
-0.51479 0.07534 -0.19632
0.43570 -0.49836 0.32509
-0.52012 0.58990 -0.17299
0.19919 -0.42560 0.05504
-0.25237 0.61356 0.04150
0.31200 0.09591 0.15144
-0.05591 -0.08607 -0.16191
-0.05654 -0.36862 -0.17077
0.40300 0.14204 0.35967
-0.40966 -0.02696 -0.33940
-0.13066 0.61356 0.00943
-0.38252 0.51249 -0.38863
0.40282 0.05292 0.22880
-0.49372 0.44611 -0.26982
0.42279 -0.34011 0.34055
0.25855 -0.61134 0.25854
0.33691 0.42337 0.44404
0.03865 -0.20102 -0.08137
-0.18829 -0.61134 0.02108
-0.29417 0.52935 0.03444
-0.06189 0.32477 0.23853
-0.43544 -0.37533 -0.09536
-0.02850 -0.58833 0.27444
0.26396 -0.49131 -0.40370
0.26328 -0.03540 0.10995
-0.00421 -0.61134 -0.06045
-0.06710 -0.03948 -0.17143
0.07627 0.53894 -0.05907
0.28815 -0.46478 -0.53379
-0.20091 0.48892 -0.30440
0.18369 -0.61134 0.30678
0.30949 -0.12579 0.14930
0.24806 -0.61134 0.49127
-0.40022 -0.27527 -0.34589
0.01947 -0.27063 -0.09793
0.45263 -0.44179 -0.47386
0.21853 -0.46659 -0.48947
0.14923 0.61827 0.24960
-0.42862 0.00858 -0.33155
0.11018 0.69378 0.36029
0.24559 0.19451 0.49776
-0.45699 -0.44450 -0.11270
0.34688 0.42984 0.18115
0.38017 -0.32612 0.39779
0.03107 0.14497 0.32394
-0.40948 -0.45548 -0.06991
0.13197 0.53006 -0.00882
-0.15756 0.61827 -0.20836
0.03050 0.69378 0.23687
0.30701 0.61356 0.43963
0.31831 0.03806 0.45071
0.06700 0.61133 0.35966
-0.33975 -0.61134 -0.16645
0.10295 -0.61134 0.33119
-0.18920 0.16768 0.12156
0.05191 0.61827 0.12818
0.15726 -0.56095 -0.41055
0.12147 -0.61134 0.22251
0.25310 -0.35621 0.10128
0.07597 -0.37917 -0.05282
-0.26583 -0.18674 0.05116
-0.23252 -0.34480 -0.32692
0.00565 0.30320 -0.11047
0.03237 0.66124 -0.09706
0.13577 0.69378 0.02521
-0.09501 0.35294 -0.20295
-0.13417 -0.61134 -0.05095
0.40033 0.27903 0.36903
-0.42103 0.43372 -0.08166
0.11828 0.69156 0.40073
0.24524 0.61827 0.16847
-0.26000 -0.02698 0.05651
0.37393 0.18559 0.39831
0.38383 -0.12908 0.38526
0.34761 0.25112 0.18177
0.16707 -0.41943 0.02662
0.07599 -0.27436 -0.04956
-0.10488 -0.32013 -0.21158
0.25561 0.62403 0.50154
-0.15451 0.54741 0.15982
0.26668 0.35443 0.49600
0.17395 -0.51664 -0.44394
0.00817 -0.39144 -0.11405
0.11289 -0.40317 -0.30003
-0.43992 -0.08741 -0.10743
-0.32985 -0.42973 -0.40231
-0.24203 -0.38200 0.07774
-0.29759 -0.48275 0.03089
-0.42436 -0.40634 -0.35069
0.04841 -0.55076 -0.32786
-0.20995 0.61086 -0.31855
-0.00640 0.61827 0.13937
-0.19980 -0.28935 0.11291
0.35963 -0.38960 0.42347
0.44097 0.41204 0.29328
0.41048 0.34653 0.23531
-0.39962 -0.61134 -0.31242
0.29014 -0.61134 0.42607
-0.52162 -0.35314 -0.19580
-0.31848 0.62549 0.01540
0.38525 -0.27025 0.21383
0.30068 0.02585 0.14180
-0.37414 -0.54331 -0.39684
0.43873 0.33142 0.30300
0.23619 -0.47605 -0.34328
0.15766 0.32857 0.01999
0.13761 -0.61134 0.15519
0.05996 0.03137 0.35048
0.33938 -0.22650 0.17476
0.30100 -0.61134 0.28175
-0.38825 -0.32597 -0.05456
0.01628 0.69020 0.15355
-0.00723 0.61827 -0.11846
-0.28743 -0.52269 0.04109
-0.03678 -0.28197 0.26160
0.30402 -0.11097 0.46686
0.40710 0.42951 0.36612
0.29376 -0.28751 0.48062
0.41350 -0.60818 -0.60650
0.42919 -0.01528 0.25378
0.01379 0.61827 -0.07114
0.10960 -0.48840 -0.27180
-0.23367 0.26508 -0.32254
0.22478 0.37033 0.49551
-0.14126 -0.37115 0.16754
-0.30502 0.48562 -0.39557
-0.15804 0.61356 0.13755
0.18798 0.61356 0.30738
-0.04494 0.68600 0.09881
0.21003 -0.61134 0.21842
-0.24660 0.64029 -0.27925
-0.21308 0.64029 -0.22190
0.39212 -0.47820 0.38936
0.00169 0.35167 0.29695
-0.09322 0.20732 -0.19409
0.29149 0.55849 0.13239
-0.34794 0.25314 -0.39506
-0.24175 0.40394 0.07780
0.10989 -0.13907 0.39635
0.07353 0.12646 -0.05166
0.17714 -0.27883 0.45814
0.41132 0.26413 0.23603
0.18755 -0.02368 0.46770
-0.25625 0.21975 0.05996
0.42745 0.45476 0.25093
0.44822 -0.47982 -0.44198
0.19648 -0.15754 0.47590
-0.03188 -0.61134 0.04102
0.15525 -0.46087 -0.45001
0.35543 0.13242 0.18844
-0.30210 0.61356 -0.11940
-0.13066 -0.61134 0.17029
0.11202 -0.01406 0.39831
-0.21164 0.22648 0.10095
0.22430 -0.55837 -0.30079
-0.37790 -0.09809 -0.37946
-0.16987 -0.28844 -0.26811
0.00941 -0.61134 0.09979
0.14989 0.56086 0.00567
0.11922 -0.36636 -0.28169
0.38805 0.61827 0.35161
-0.35059 -0.49257 -0.01623
0.00649 -0.01511 0.30135
0.26152 0.69378 0.48776
-0.41108 0.04502 -0.08230
-0.11183 -0.59482 -0.23146
-0.14969 0.54344 -0.26131
0.26276 0.61827 0.40777
-0.24588 -0.47701 -0.34545
0.29001 -0.27949 0.13272
0.25905 -0.29400 0.10635
0.44014 -0.45912 0.27868
0.39361 -0.26557 0.37859
0.00655 -0.62460 -0.37768
-0.07295 0.22454 0.22836
0.08129 0.57773 -0.05651
-0.41699 -0.18281 -0.08426
-0.29873 -0.53534 -0.39509
-0.32495 0.40393 -0.39961
-0.36009 -0.28653 -0.03048
0.21490 -0.61134 0.44269
-0.12212 -0.52925 0.18908
-0.07883 0.47273 -0.19444
0.29580 0.61356 0.29140
-0.13468 -0.48107 -0.24623
0.03763 0.25529 0.32997
0.36437 0.63396 0.42666
0.03588 0.44738 0.32836
-0.14418 0.19296 0.16293
-0.28790 -0.61134 -0.03002
-0.45068 -0.27717 -0.11174
0.15231 -0.27830 0.01544
0.27272 -0.61134 0.31363
0.37709 -0.44703 0.40626
-0.31949 0.07975 -0.38594
-0.04219 0.68605 -0.16373
0.28853 -0.61134 0.18880
-0.33051 0.64029 -0.36635
-0.09945 0.61827 -0.15812
-0.29176 -0.61134 -0.31678
0.22967 -0.14706 0.49649
0.03175 0.19825 0.32456
-0.12667 -0.22656 0.17901
0.27379 -0.03798 0.48749
-0.44491 0.12562 -0.11164
-0.32824 -0.15109 -0.39209
0.40620 -0.59363 0.37559
0.21246 0.69378 0.27943
-0.36925 0.64029 -0.15869
-0.49108 0.16031 -0.26187
-0.33437 -0.61134 -0.25021
0.34121 -0.42590 -0.49285
-0.44137 -0.27668 -0.30051
0.07783 0.47592 -0.05453
0.22964 0.45117 0.08130
0.43914 -0.50620 -0.54183
0.40852 0.69378 0.35856
-0.25594 -0.09549 -0.33546
-0.10938 0.12252 0.19490
-0.07390 0.42464 -0.18764
-0.29807 -0.01101 0.02154
0.14785 -0.61134 0.38453
-0.05386 -0.61134 0.25165
0.01378 0.69378 0.08639
0.04862 -0.26376 0.34006
0.00994 -0.42552 -0.29219
-0.01267 -0.41618 -0.13392
0.18710 -0.38827 0.46729
-0.21096 -0.23561 0.10157
-0.31509 0.29232 -0.39251
0.19829 0.61827 0.24656
0.08214 -0.13165 -0.04433
0.00652 0.38913 -0.11397
-0.11127 0.17135 0.19316
-0.42861 -0.57044 -0.35234
-0.12087 0.51970 -0.23437
0.36793 -0.21677 0.40762
0.07184 0.61356 0.28925
-0.35844 0.35733 -0.02784
-0.17580 -0.58683 -0.28826
-0.15452 0.45610 0.15725
-0.03076 -0.49787 -0.27775
-0.38294 -0.43297 -0.04682
-0.03700 0.30808 0.26140
0.20732 0.40426 0.06229
-0.33271 -0.21102 -0.00812
0.32745 -0.35430 0.45390
0.09867 -0.61134 0.06811
-0.05133 -0.27731 -0.16157
0.24857 -0.42260 -0.43132
-0.29120 -0.44485 0.03554
-0.09500 0.61356 0.07453
-0.46833 -0.60700 -0.11829
0.11485 0.44922 0.40091
0.01906 -0.48889 -0.24106
-0.15980 0.65669 0.15209
0.14310 0.61356 0.03974
-0.21715 0.08678 0.09588
0.32201 -0.49758 0.38968
0.12106 -0.34515 -0.01118
0.29376 -0.54857 0.13347
0.25434 0.13007 0.10233
0.31574 -0.23207 0.46046
-0.29504 0.61356 -0.01014
0.24727 0.26373 0.49836
0.10036 -0.51386 -0.37213
0.24050 0.69378 0.14292
-0.09797 0.69371 -0.11648
-0.07616 0.55906 0.23020
0.17987 -0.46231 -0.24710
-0.02067 -0.61134 0.00553
-0.04244 -0.57783 -0.42880
0.35309 0.23244 0.42338
0.08099 0.66695 0.36738
-0.00895 0.53448 0.28960
-0.10194 0.08473 -0.20111
0.06992 -0.40567 -0.28241
0.45083 -0.46729 -0.31908
0.35753 -0.58818 -0.69437
0.04483 0.68652 0.05938
-0.20944 0.61356 -0.11367
0.42992 -0.41495 0.33223
0.08069 0.61356 0.00551
0.36092 -0.39367 0.19311
0.34307 -0.55877 0.41768
0.31238 0.52445 0.45007
-0.19927 0.41194 -0.29910
-0.50589 -0.27690 -0.24514
-0.27615 -0.31922 0.04548
0.30859 0.17291 0.46384
-0.21110 -0.06819 0.10144
-0.37794 -0.60343 -0.03757
0.04298 0.41716 -0.08276
-0.46122 -0.17722 -0.28258
0.42134 -0.55938 -0.63393
0.14770 -0.61134 0.09097
0.20851 0.59371 0.05644
-0.07496 -0.60507 -0.42473
-0.25159 0.14364 0.06424
0.23494 0.19697 0.08582
-0.28831 0.06144 -0.36126
0.16864 -0.41302 -0.18047
-0.36447 0.11098 -0.03947
0.23022 0.00142 0.49574
-0.01063 -0.60643 -0.14156
0.13828 0.55208 0.42244
0.11527 -0.25941 0.40130
-0.08067 0.69378 0.09593
0.42877 -0.36039 -0.35196
-0.26938 -0.61134 -0.27099
0.19899 0.46521 0.47822
-0.34459 0.64029 -0.12663
0.23982 0.69378 0.33599
0.17134 -0.51404 -0.33691
-0.30001 0.16683 -0.37697
-0.26297 0.64496 0.05984
0.42482 -0.48768 -0.40054
-0.48107 -0.29755 -0.13835
-0.03534 0.61356 0.09976
0.36074 0.10819 0.41026
-0.05233 0.61827 0.21765
0.32892 0.61356 0.22340
0.41777 -0.40783 0.24153
-0.19178 0.29717 -0.28669
-0.44739 0.07760 -0.31381
0.17059 0.42250 0.03101
-0.22654 0.33617 -0.31971
-0.33431 -0.00820 -0.01176
0.36237 0.04746 0.19434
-0.51291 -0.61134 -0.18420
0.18205 0.06375 0.46265
0.00048 0.05138 0.29583
-0.43338 -0.61134 -0.22866
-0.00767 -0.54398 -0.13580
0.37466 -0.50920 -0.63648
-0.32949 -0.23039 -0.39519
0.41503 0.10063 0.23919
-0.46628 0.62261 -0.31263
-0.18693 -0.01994 -0.27349
0.43382 -0.04723 0.30475
0.10069 0.63647 0.38500
0.34459 -0.61821 0.20832
0.01956 -0.40055 0.31337
0.14689 0.25377 0.01082
-0.51538 0.47535 -0.23709
-0.14612 0.69378 0.05260
-0.03403 -0.61294 -0.32643
-0.49562 -0.50341 -0.14559
0.28011 -0.10111 0.12428
0.16410 -0.51196 0.44615
0.42330 -0.47978 -0.30519
0.38940 -0.47487 -0.37952
-0.01902 0.69400 0.07165
0.31408 -0.38379 -0.36038
0.31657 -0.44937 -0.31239
0.19142 0.17042 0.04875
0.27502 0.39516 0.11995
-0.12014 0.13220 -0.21661
-0.07022 0.43479 0.23203
0.14310 0.07269 0.00760
-0.47917 -0.11824 -0.27803
0.02615 0.33813 0.31942
-0.33435 0.64029 -0.27169
0.16643 0.69268 0.28780
-0.07710 -0.55790 -0.31716
0.25616 -0.45005 -0.27935
-0.19261 0.63532 0.12275
-0.34889 -0.61134 -0.31347
0.03802 -0.42840 -0.32260
0.27993 0.69378 0.23400
0.11987 0.17916 -0.01219
0.43366 -0.20393 0.26221
-0.50335 -0.41951 -0.15485
-0.49678 -0.09937 -0.25226
0.03201 -0.61134 0.02749
-0.16248 -0.24143 0.14611
0.14911 -0.38092 -0.26944
-0.40020 0.20326 -0.35366
0.39223 -0.07924 0.37256
-0.17142 0.65205 -0.15979
-0.44514 -0.44837 -0.33150
0.41064 0.06386 0.34558
0.24867 -0.42237 0.50012
0.36200 -0.52750 0.40919
-0.04585 -0.40690 0.25385
0.34491 0.16613 0.17947
0.29906 0.41916 0.45191
-0.12948 -0.04089 0.17643
-0.48537 0.64029 -0.21813
0.35608 -0.17036 0.41887
-0.07152 -0.61134 0.21742
0.08218 -0.39793 0.37090
0.25883 -0.36834 -0.28080
-0.48843 -0.16470 -0.14864
-0.20271 0.69378 0.02003
-0.09081 -0.45907 0.21511
-0.50530 -0.57970 -0.15210
-0.32765 0.06397 -0.00564
0.11463 -0.47412 -0.14092
-0.49599 -0.47891 -0.27010
-0.05425 -0.61134 0.11684
0.13804 -0.34390 0.42221
-0.47135 0.64029 -0.18500
0.31861 -0.61134 0.38333
0.29902 0.53347 0.48263
-0.39789 0.41662 -0.06145
0.22501 -0.19903 0.07735
0.09209 -0.61134 -0.02910
-0.26669 -0.49948 -0.36518
0.32385 0.69378 0.33218
0.10409 -0.56952 -0.03715
-0.12454 -0.61134 -0.10998
0.30413 0.28136 0.42999
-0.33034 -0.42025 -0.00014
-0.47956 0.55269 -0.29332
0.41487 -0.02707 0.33911
-0.00643 0.20418 0.28948
-0.38879 -0.11269 -0.06102
-0.12796 -0.61134 0.11098
0.07795 -0.06287 0.36701
0.26146 0.45275 0.49862
0.37849 0.68655 0.21242
-0.50317 0.01473 -0.23735
0.19762 -0.46138 0.05185
-0.10293 0.36200 0.20082
0.37774 -0.48788 -0.42210
0.07071 -0.41279 -0.18640
0.32656 -0.60119 -0.65119
-0.08920 0.26225 0.21343
0.23883 -0.54483 -0.27127
0.26347 -0.37129 -0.31776
-0.04542 0.09780 -0.15297
-0.12324 0.61356 -0.12764
-0.18561 0.61827 -0.18545
0.11342 -0.35476 -0.24774
-0.41382 0.36363 -0.36053
-0.51627 0.30937 -0.22588
0.19581 0.61356 0.43656
-0.24146 0.23174 -0.32785
-0.51478 0.27571 -0.17742
0.14336 -0.58849 -0.00299
0.37798 0.63717 0.20580
-0.01358 0.68725 0.28283
0.43738 -0.50911 -0.50533
-0.39549 -0.40229 -0.05890
0.41729 -0.45424 -0.55607
-0.44104 0.64029 -0.26645
0.42041 -0.14848 0.33598
-0.34817 -0.36138 -0.39967
-0.10786 0.69378 -0.03021
-0.35107 0.64029 -0.39769
0.09605 0.32265 -0.03248
-0.42060 -0.61134 -0.34023
0.14496 0.61356 0.10654
-0.08036 0.29989 0.22156
0.14914 -0.58403 -0.38367
-0.23985 -0.10391 0.07502
0.00214 0.61827 0.28325
0.15046 -0.48463 0.00853
0.21103 -0.61134 0.35029
-0.23763 0.08028 -0.31689
-0.45493 0.54411 -0.32258
-0.25345 0.47975 0.06946
-0.31906 0.55830 -0.40388
-0.39179 0.45891 -0.37959
-0.40135 0.41294 -0.37409
-0.15579 0.61827 -0.25797
-0.51425 -0.06172 -0.18980
0.30759 0.69378 0.43560
0.41319 -0.27526 0.35218
-0.01900 0.31103 -0.13290
0.01545 -0.60078 -0.40209
0.14436 -0.61134 0.05694
0.43557 -0.15608 0.26701
0.40191 0.57677 0.35792
-0.44893 0.08100 -0.11648
0.32083 -0.60545 0.46810
-0.27177 0.64029 -0.21154
0.24113 0.61827 0.25628
0.10022 -0.36994 -0.03068
0.23560 -0.47016 -0.22605
0.31096 -0.19761 0.15055
-0.40352 0.52255 -0.35795
-0.05994 -0.00187 0.24032
-0.22844 -0.05315 -0.30884
-0.05748 0.19701 0.24258
-0.44629 0.00883 -0.11464
0.27067 -0.51125 -0.43181
0.31095 -0.47081 -0.55831
-0.28205 -0.39672 0.04237
0.43761 -0.59221 0.32533
-0.49385 0.62556 -0.14139
0.26479 0.63570 0.11076
-0.41705 0.26529 -0.35386
0.19847 -0.45452 -0.46487
0.14589 -0.10241 0.42943
0.14239 -0.12948 0.00699
-0.25115 -0.36684 -0.34468
0.43100 0.57708 0.33617
0.14824 -0.00846 0.01197
-0.35122 0.03502 -0.02729
0.38766 -0.37957 -0.40937
0.13834 0.17363 0.42249
0.28835 0.30399 0.46389
0.40922 0.59899 0.23425
-0.29111 0.54496 -0.38784
0.15232 -0.03620 0.43534
-0.29942 -0.22507 -0.38078
0.17619 -0.58560 0.45738
0.40823 -0.42290 -0.51580
0.42883 0.45242 0.33436
0.14256 0.69378 0.31799
0.18480 0.15375 0.46518
-0.01370 -0.14897 -0.12595
-0.40024 -0.50166 -0.37577
0.06124 -0.30402 -0.06225
0.18786 0.39351 0.46799
0.32813 0.69378 0.24737
0.43825 -0.35760 0.27290
0.08701 -0.44843 -0.04640
-0.38807 -0.25765 -0.05631
-0.14140 0.00084 0.16547
-0.11543 0.31631 0.18934
0.39987 -0.21055 0.36797
0.43529 0.34521 0.26488
0.30002 -0.51017 0.47697
-0.20966 0.37897 -0.30675
-0.51419 -0.44724 -0.24043
0.18820 0.52131 0.46830
-0.15714 0.09517 -0.24812
0.37499 -0.54738 -0.49379
-0.33492 0.21898 -0.01068
-0.29133 0.13116 -0.36743
-0.39515 -0.13330 -0.36710
-0.04953 0.69378 0.15934
-0.14304 0.69378 -0.04990
0.35977 -0.01448 0.19213
0.33169 -0.47856 -0.40604
-0.15404 0.42264 0.15674
-0.37125 -0.22297 -0.04225
0.37231 0.43164 0.20281
-0.30220 -0.14387 0.01774
-0.03185 -0.46744 -0.35171
0.20608 0.26218 0.48473
0.06839 -0.61134 0.13031
0.00481 -0.48373 -0.40129
-0.27565 0.64029 -0.35897
0.18555 -0.48580 -0.17418
0.41835 -0.43670 -0.31433
0.00922 -0.31545 -0.10933
0.05347 0.11488 0.34452
-0.15550 -0.61134 -0.22130
0.28459 -0.39595 -0.37861
0.42856 0.61827 0.28714
0.35607 -0.39042 -0.40398
-0.34790 -0.34614 -0.01792
0.27695 -0.50613 -0.52795
0.30547 0.36555 0.14588
-0.44427 0.35710 -0.10459
-0.04396 -0.61134 -0.08755
0.33683 -0.45765 0.41794
-0.27995 -0.03564 -0.35394
0.07209 0.19491 0.36162
0.13015 -0.16547 0.41497
-0.52135 -0.42351 -0.18538
0.40576 -0.61134 0.31678
0.39088 -0.55416 -0.67148
0.27701 -0.57256 -0.37768
-0.03558 0.69378 0.20411
0.08803 -0.04597 -0.03931
0.38456 -0.39859 0.39543
0.38231 0.15223 0.21133
-0.52301 -0.57741 -0.22781
-0.38965 -0.24392 -0.35846
0.38886 -0.52412 0.21690
0.43525 0.67206 0.27737
-0.39921 0.64029 -0.17523
0.27829 0.68566 0.12282
0.37928 -0.36713 -0.34978
0.02535 0.58746 -0.10701
0.14234 -0.48259 -0.30773
-0.46469 -0.34761 -0.12230
-0.14642 -0.20632 -0.24305
0.17238 -0.35761 0.03253
-0.01567 -0.40009 0.28100
0.30641 0.58508 0.14440
-0.03802 0.61356 0.25678
0.11105 0.69378 0.10307
0.24326 -0.40502 -0.25491
0.12762 -0.50208 -0.42044
0.38356 -0.60679 -0.56564
-0.36896 -0.61134 -0.15169
0.19029 -0.48771 -0.35054
0.22529 0.30766 0.07759
0.21164 -0.42726 -0.42058
-0.17384 -0.61134 -0.11143
-0.47697 0.15769 -0.13941
-0.01323 0.19410 -0.12555
-0.04191 -0.20812 0.25689
-0.13975 0.05804 0.16700
-0.25171 -0.12781 -0.33328
0.24240 -0.12621 0.09217
0.20671 0.23505 0.06177
-0.40760 -0.09064 -0.07845
-0.49957 0.24365 -0.25279
-0.43890 -0.02318 -0.32213
0.03413 -0.61134 0.13666
-0.23117 0.64319 -0.12776
0.15635 0.69378 0.14442
-0.40999 0.16494 -0.35534
0.42647 0.33324 0.33312
0.19061 0.00861 0.47051
0.08272 -0.48100 -0.41415
-0.43309 -0.11845 -0.10046
-0.38184 0.28701 -0.38178
0.48064 -0.45476 -0.37548
-0.41771 0.09165 -0.34537
-0.00731 0.40347 0.28867
-0.46875 0.42832 -0.30203
0.42798 -0.49829 -0.32986
-0.14813 -0.61134 0.03938
-0.12423 0.61827 -0.21777
-0.16851 0.69378 0.07602
-0.37162 0.15888 -0.38420
-0.27938 -0.11451 -0.35736
-0.20628 -0.28525 -0.30050
-0.00843 0.43178 -0.12946
0.10023 0.54367 -0.03787
-0.44152 0.15827 -0.10769
0.23475 0.54043 0.08255
0.16995 0.60121 0.45154
-0.24832 -0.30908 0.07008
-0.22794 -0.16918 0.08597
-0.43034 0.28536 -0.34092
-0.03267 0.36894 -0.14801
0.35346 0.62444 0.19005
-0.24281 0.47699 -0.34126
-0.28312 0.64029 -0.28421
0.04889 -0.50422 0.34128
0.08517 -0.28971 0.37364
-0.23140 0.69373 0.06802
-0.43467 0.54313 -0.09079
0.14433 0.49701 0.00387
0.35020 -0.42178 -0.30878
-0.09700 0.61356 0.17090
-0.35944 0.42335 -0.02689
-0.24614 0.51894 0.07709
-0.16202 0.24174 0.14653
-0.07520 -0.08438 0.22630
0.06151 -0.40847 -0.06720
-0.03567 0.17154 0.26261
0.38622 -0.55848 0.21465
0.27465 0.61827 0.22206
-0.23611 -0.41415 0.08394
-0.39729 0.09556 -0.06962
-0.18517 0.61356 -0.07252
-0.12033 -0.62715 -0.38707
-0.21820 -0.37984 0.09899
-0.17409 -0.01177 0.13544
0.14627 -0.36445 -0.23607
0.07116 -0.19973 0.36077
0.09216 0.61827 0.04576
-0.21038 -0.49071 0.10909
-0.47049 -0.54435 -0.12198
0.30339 -0.49474 -0.59079
0.23747 -0.55724 -0.45874
0.19940 0.31114 0.47859
-0.42853 0.47706 -0.08716
0.27714 0.00179 0.12175
0.14351 0.09244 0.42724
-0.01508 0.61827 0.16995
0.16566 0.05620 0.02681
0.16099 -0.61064 0.44449
0.08545 -0.09739 -0.04150
-0.06811 0.69378 0.01262
-0.24672 0.36962 -0.33941
0.24791 -0.61134 0.10035
-0.37852 0.55401 -0.03107
0.05759 -0.50795 -0.07567
0.28504 0.30367 0.12849
0.37450 -0.61134 0.40212
0.42086 -0.45908 0.34849
0.19561 0.61827 0.07299
0.02031 0.58129 0.31707
0.48284 -0.50298 -0.34976
-0.27551 0.45952 -0.36963
0.40355 -0.29087 0.22941
0.00488 0.61356 -0.00269
0.31732 -0.43368 0.46555
-0.26130 0.62787 -0.13305
-0.26481 -0.39306 -0.35820
0.34912 -0.16989 0.18306
0.44397 -0.44723 -0.50377
-0.36864 0.64029 -0.35774
-0.33121 0.42365 -0.00163
-0.12829 0.48945 -0.23950
0.29703 0.61356 0.40113
-0.10087 -0.26840 0.20271
0.43869 -0.35636 0.30784
0.02205 -0.57621 -0.32270
-0.20035 0.52042 -0.30546
0.14002 -0.38540 -0.17305
-0.52226 0.39696 -0.20661
0.21539 -0.17778 0.49147
0.12877 -0.04329 -0.00461
-0.24023 -0.20637 -0.32692
0.34654 -0.54451 -0.65977
-0.11087 -0.44571 -0.22318
-0.40107 0.55569 -0.36103
0.06185 0.61356 0.17912
0.26385 0.57818 0.50003
0.27991 -0.41895 -0.44065
0.08247 0.16750 -0.04405
-0.10592 -0.39506 -0.21623
-0.51461 0.53334 -0.24131
0.10588 0.25023 -0.02410
-0.11392 -0.57665 -0.41207
-0.51723 0.24701 -0.21723
0.28030 0.48692 0.44184
0.15555 0.69378 0.41170
-0.39858 0.64029 -0.08210
-0.38857 -0.46894 -0.05084
0.21779 0.69378 0.46518
